timestamp,voltage
0.0,8.32128021148037
3.90625e-05,7.32128021148037
7.8125e-05,8.32128021148037
0.0001171875,8.32128021148037
0.00015625,9.32128021148037
0.0001953125,9.32128021148037
0.000234375,6.32128021148037
0.0002734375,8.32128021148037
0.0003125,10.3212802114804
0.0003515625,13.3212802114804
0.000390625,16.3212802114804
0.0004296875,17.3212802114804
0.00046875,12.3212802114804
0.0005078125,11.3212802114804
0.000546875,10.3212802114804
0.0005859375,9.32128021148037
0.000625,8.32128021148037
0.0006640625,6.32128021148037
0.000703125,4.32128021148037
0.0007421875,2.32128021148037
0.00078125,2.32128021148037
0.0008203125,0.321280211480371
0.000859375,0.321280211480371
0.0008984375,-1.67871978851963
0.0009375,-6.67871978851963
0.0009765625,-15.6787197885196
0.001015625,-20.6787197885196
0.0010546875,-22.6787197885196
0.00109375,-22.6787197885196
0.0011328125,-21.6787197885196
0.001171875,-21.6787197885196
0.0012109375,-21.6787197885196
0.00125,-21.6787197885196
0.0012890625,-18.6787197885196
0.001328125,-15.6787197885196
0.0013671875,-9.67871978851963
0.00140625,-4.67871978851963
0.0014453125,4.32128021148037
0.001484375,12.3212802114804
0.0015234375,18.3212802114804
0.0015625,22.3212802114804
0.0016015625,25.3212802114804
0.001640625,26.3212802114804
0.0016796875,25.3212802114804
0.00171875,19.3212802114804
0.0017578125,9.32128021148037
0.001796875,3.32128021148037
0.0018359375,-0.678719788519629
0.001875,-3.67871978851963
0.0019140625,-7.67871978851963
0.001953125,-11.6787197885196
0.0019921875,-13.6787197885196
0.00203125,-13.6787197885196
0.0020703125,-11.6787197885196
0.002109375,-7.67871978851963
0.0021484375,-8.67871978851963
0.0021875,-11.6787197885196
0.0022265625,-12.6787197885196
0.002265625,-13.6787197885196
0.0023046875,-11.6787197885196
0.00234375,-6.67871978851963
0.0023828125,-5.67871978851963
0.002421875,-4.67871978851963
0.0024609375,-1.67871978851963
0.0025,0.321280211480371
0.0025390625,4.32128021148037
0.002578125,10.3212802114804
0.0026171875,17.3212802114804
0.00265625,19.3212802114804
0.0026953125,17.3212802114804
0.002734375,14.3212802114804
0.0027734375,11.3212802114804
0.0028125,11.3212802114804
0.0028515625,9.32128021148037
0.002890625,5.32128021148037
0.0029296875,-0.678719788519629
0.00296875,-7.67871978851963
0.0030078125,-14.6787197885196
0.003046875,-16.6787197885196
0.0030859375,-16.6787197885196
0.003125,-13.6787197885196
0.0031640625,-9.67871978851963
0.003203125,-8.67871978851963
0.0032421875,-8.67871978851963
0.00328125,-9.67871978851963
0.0033203125,-10.6787197885196
0.003359375,-7.67871978851963
0.0033984375,-0.678719788519629
0.0034375,7.32128021148037
0.0034765625,11.3212802114804
0.003515625,15.3212802114804
0.0035546875,17.3212802114804
0.00359375,18.3212802114804
0.0036328125,18.3212802114804
0.003671875,17.3212802114804
0.0037109375,16.3212802114804
0.00375,18.3212802114804
0.0037890625,18.3212802114804
0.003828125,20.3212802114804
0.0038671875,22.3212802114804
0.00390625,18.3212802114804
0.0039453125,12.3212802114804
0.003984375,7.32128021148037
0.0040234375,1.32128021148037
0.0040625,-3.67871978851963
0.0041015625,-10.6787197885196
0.004140625,-17.6787197885196
0.0041796875,-26.6787197885196
0.00421875,-32.6787197885196
0.0042578125,-36.6787197885196
0.004296875,-37.6787197885196
0.0043359375,-35.6787197885196
0.004375,-28.6787197885196
0.0044140625,-21.6787197885196
0.004453125,-14.6787197885196
0.0044921875,-9.67871978851963
0.00453125,-4.67871978851963
0.0045703125,-3.67871978851963
0.004609375,-2.67871978851963
0.0046484375,-3.67871978851963
0.0046875,-3.67871978851963
0.0047265625,-4.67871978851963
0.004765625,-5.67871978851963
0.0048046875,-4.67871978851963
0.00484375,1.32128021148037
0.0048828125,8.32128021148037
0.004921875,14.3212802114804
0.0049609375,18.3212802114804
0.005,19.3212802114804
0.0050390625,20.3212802114804
0.005078125,16.3212802114804
0.0051171875,13.3212802114804
0.00515625,9.32128021148037
0.0051953125,7.32128021148037
0.005234375,2.32128021148037
0.0052734375,-3.67871978851963
0.0053125,-6.67871978851963
0.0053515625,-2.67871978851963
0.005390625,4.32128021148037
0.0054296875,11.3212802114804
0.00546875,15.3212802114804
0.0055078125,18.3212802114804
0.005546875,22.3212802114804
0.0055859375,23.3212802114804
0.005625,23.3212802114804
0.0056640625,21.3212802114804
0.005703125,18.3212802114804
0.0057421875,15.3212802114804
0.00578125,10.3212802114804
0.0058203125,4.32128021148037
0.005859375,-1.67871978851963
0.0058984375,-8.67871978851963
0.0059375,-14.6787197885196
0.0059765625,-14.6787197885196
0.006015625,-14.6787197885196
0.0060546875,-13.6787197885196
0.00609375,-13.6787197885196
0.0061328125,-13.6787197885196
0.006171875,-13.6787197885196
0.0062109375,-16.6787197885196
0.00625,-20.6787197885196
0.0062890625,-25.6787197885196
0.006328125,-25.6787197885196
0.0063671875,-26.6787197885196
0.00640625,-26.6787197885196
0.0064453125,-26.6787197885196
0.006484375,-25.6787197885196
0.0065234375,-23.6787197885196
0.0065625,-17.6787197885196
0.0066015625,-11.6787197885196
0.006640625,-1.67871978851963
0.0066796875,7.32128021148037
0.00671875,16.3212802114804
0.0067578125,26.3212802114804
0.006796875,33.3212802114804
0.0068359375,40.3212802114804
0.006875,41.3212802114804
0.0069140625,39.3212802114804
0.006953125,38.3212802114804
0.0069921875,37.3212802114804
0.00703125,35.3212802114804
0.0070703125,30.3212802114804
0.007109375,21.3212802114804
0.0071484375,12.3212802114804
0.0071875,4.32128021148037
0.0072265625,-4.67871978851963
0.007265625,-11.6787197885196
0.0073046875,-16.6787197885196
0.00734375,-18.6787197885196
0.0073828125,-18.6787197885196
0.007421875,-17.6787197885196
0.0074609375,-14.6787197885196
0.0075,-8.67871978851963
0.0075390625,-5.67871978851963
0.007578125,-3.67871978851963
0.0076171875,-4.67871978851963
0.00765625,-7.67871978851963
0.0076953125,-9.67871978851963
0.007734375,-15.6787197885196
0.0077734375,-20.6787197885196
0.0078125,-23.6787197885196
0.0078515625,-23.6787197885196
0.007890625,-21.6787197885196
0.0079296875,-18.6787197885196
0.00796875,-13.6787197885196
0.0080078125,-7.67871978851963
0.008046875,-3.67871978851963
0.0080859375,0.321280211480371
0.008125,2.32128021148037
0.0081640625,2.32128021148037
0.008203125,1.32128021148037
0.0082421875,-0.678719788519629
0.00828125,-0.678719788519629
0.0083203125,1.32128021148037
0.008359375,3.32128021148037
0.0083984375,4.32128021148037
0.0084375,10.3212802114804
0.0084765625,13.3212802114804
0.008515625,16.3212802114804
0.0085546875,14.3212802114804
0.00859375,13.3212802114804
0.0086328125,13.3212802114804
0.008671875,14.3212802114804
0.0087109375,13.3212802114804
0.00875,10.3212802114804
0.0087890625,8.32128021148037
0.008828125,4.32128021148037
0.0088671875,1.32128021148037
0.00890625,-1.67871978851963
0.0089453125,-5.67871978851963
0.008984375,-6.67871978851963
0.0090234375,-5.67871978851963
0.0090625,-3.67871978851963
0.0091015625,-2.67871978851963
0.009140625,-3.67871978851963
0.0091796875,-4.67871978851963
0.00921875,-5.67871978851963
0.0092578125,-3.67871978851963
0.009296875,1.32128021148037
0.0093359375,4.32128021148037
0.009375,3.32128021148037
0.0094140625,2.32128021148037
0.009453125,1.32128021148037
0.0094921875,-0.678719788519629
0.00953125,0.321280211480371
0.0095703125,3.32128021148037
0.009609375,6.32128021148037
0.0096484375,10.3212802114804
0.0096875,11.3212802114804
0.0097265625,10.3212802114804
0.009765625,8.32128021148037
0.0098046875,5.32128021148037
0.00984375,0.321280211480371
0.0098828125,-1.67871978851963
0.009921875,-3.67871978851963
0.0099609375,-4.67871978851963
0.01,-6.67871978851963
0.0100390625,-10.6787197885196
0.010078125,-13.6787197885196
0.0101171875,-15.6787197885196
0.01015625,-18.6787197885196
0.0101953125,-17.6787197885196
0.010234375,-13.6787197885196
0.0102734375,-8.67871978851963
0.0103125,-0.678719788519629
0.0103515625,6.32128021148037
0.010390625,13.3212802114804
0.0104296875,17.3212802114804
0.01046875,20.3212802114804
0.0105078125,20.3212802114804
0.010546875,20.3212802114804
0.0105859375,17.3212802114804
0.010625,11.3212802114804
0.0106640625,3.32128021148037
0.010703125,-2.67871978851963
0.0107421875,-5.67871978851963
0.01078125,-8.67871978851963
0.0108203125,-13.6787197885196
0.010859375,-19.6787197885196
0.0108984375,-19.6787197885196
0.0109375,-16.6787197885196
0.0109765625,-11.6787197885196
0.011015625,-9.67871978851963
0.0110546875,-8.67871978851963
0.01109375,-7.67871978851963
0.0111328125,-6.67871978851963
0.011171875,-7.67871978851963
0.0112109375,-5.67871978851963
0.01125,-3.67871978851963
0.0112890625,0.321280211480371
0.011328125,5.32128021148037
0.0113671875,6.32128021148037
0.01140625,5.32128021148037
0.0114453125,4.32128021148037
0.011484375,4.32128021148037
0.0115234375,4.32128021148037
0.0115625,6.32128021148037
0.0116015625,7.32128021148037
0.011640625,8.32128021148037
0.0116796875,6.32128021148037
0.01171875,6.32128021148037
0.0117578125,6.32128021148037
0.011796875,5.32128021148037
0.0118359375,7.32128021148037
0.011875,9.32128021148037
0.0119140625,11.3212802114804
0.011953125,10.3212802114804
0.0119921875,8.32128021148037
0.01203125,6.32128021148037
0.0120703125,5.32128021148037
0.012109375,2.32128021148037
0.0121484375,-1.67871978851963
0.0121875,-4.67871978851963
0.0122265625,-4.67871978851963
0.012265625,-2.67871978851963
0.0123046875,-1.67871978851963
0.01234375,-2.67871978851963
0.0123828125,-5.67871978851963
0.012421875,-9.67871978851963
0.0124609375,-15.6787197885196
0.0125,-18.6787197885196
0.0125390625,-15.6787197885196
0.012578125,-10.6787197885196
0.0126171875,-7.67871978851963
0.01265625,-5.67871978851963
0.0126953125,-5.67871978851963
0.012734375,-4.67871978851963
0.0127734375,-1.67871978851963
0.0128125,3.32128021148037
0.0128515625,9.32128021148037
0.012890625,15.3212802114804
0.0129296875,18.3212802114804
0.01296875,17.3212802114804
0.0130078125,16.3212802114804
0.013046875,14.3212802114804
0.0130859375,11.3212802114804
0.013125,6.32128021148037
0.0131640625,4.32128021148037
0.013203125,2.32128021148037
0.0132421875,-1.67871978851963
0.01328125,-3.67871978851963
0.0133203125,-7.67871978851963
0.013359375,-11.6787197885196
0.0133984375,-14.6787197885196
0.0134375,-18.6787197885196
0.0134765625,-23.6787197885196
0.013515625,-24.6787197885196
0.0135546875,-25.6787197885196
0.01359375,-26.6787197885196
0.0136328125,-24.6787197885196
0.013671875,-21.6787197885196
0.0137109375,-19.6787197885196
0.01375,-18.6787197885196
0.0137890625,-17.6787197885196
0.013828125,-12.6787197885196
0.0138671875,-4.67871978851963
0.01390625,2.32128021148037
0.0139453125,6.32128021148037
0.013984375,8.32128021148037
0.0140234375,9.32128021148037
0.0140625,13.3212802114804
0.0141015625,15.3212802114804
0.014140625,19.3212802114804
0.0141796875,27.3212802114804
0.01421875,33.3212802114804
0.0142578125,37.3212802114804
0.014296875,39.3212802114804
0.0143359375,41.3212802114804
0.014375,38.3212802114804
0.0144140625,33.3212802114804
0.014453125,29.3212802114804
0.0144921875,24.3212802114804
0.01453125,17.3212802114804
0.0145703125,11.3212802114804
0.014609375,7.32128021148037
0.0146484375,4.32128021148037
0.0146875,0.321280211480371
0.0147265625,-6.67871978851963
0.014765625,-10.6787197885196
0.0148046875,-15.6787197885196
0.01484375,-17.6787197885196
0.0148828125,-18.6787197885196
0.014921875,-20.6787197885196
0.0149609375,-18.6787197885196
0.015,-16.6787197885196
0.0150390625,-17.6787197885196
0.015078125,-20.6787197885196
0.0151171875,-22.6787197885196
0.01515625,-22.6787197885196
0.0151953125,-18.6787197885196
0.015234375,-14.6787197885196
0.0152734375,-12.6787197885196
0.0153125,-14.6787197885196
0.0153515625,-14.6787197885196
0.015390625,-16.6787197885196
0.0154296875,-12.6787197885196
0.01546875,-8.67871978851963
0.0155078125,-3.67871978851963
0.015546875,-0.678719788519629
0.0155859375,1.32128021148037
0.015625,4.32128021148037
0.0156640625,3.32128021148037
0.015703125,0.321280211480371
0.0157421875,-0.678719788519629
0.01578125,0.321280211480371
0.0158203125,2.32128021148037
0.015859375,1.32128021148037
0.0158984375,0.321280211480371
0.0159375,2.32128021148037
0.0159765625,7.32128021148037
0.016015625,11.3212802114804
0.0160546875,16.3212802114804
0.01609375,19.3212802114804
0.0161328125,24.3212802114804
0.016171875,30.3212802114804
0.0162109375,33.3212802114804
0.01625,34.3212802114804
0.0162890625,36.3212802114804
0.016328125,35.3212802114804
0.0163671875,29.3212802114804
0.01640625,23.3212802114804
0.0164453125,18.3212802114804
0.016484375,9.32128021148037
0.0165234375,1.32128021148037
0.0165625,-6.67871978851963
0.0166015625,-14.6787197885196
0.016640625,-22.6787197885196
0.0166796875,-30.6787197885196
0.01671875,-34.6787197885196
0.0167578125,-34.6787197885196
0.016796875,-36.6787197885196
0.0168359375,-36.6787197885196
0.016875,-35.6787197885196
0.0169140625,-31.6787197885196
0.016953125,-26.6787197885196
0.0169921875,-23.6787197885196
0.01703125,-22.6787197885196
0.0170703125,-21.6787197885196
0.017109375,-20.6787197885196
0.0171484375,-17.6787197885196
0.0171875,-14.6787197885196
0.0172265625,-10.6787197885196
0.017265625,-4.67871978851963
0.0173046875,1.32128021148037
0.01734375,3.32128021148037
0.0173828125,9.32128021148037
0.017421875,18.3212802114804
0.0174609375,31.3212802114804
0.0175,41.3212802114804
0.0175390625,43.3212802114804
0.017578125,38.3212802114804
0.0176171875,33.3212802114804
0.01765625,29.3212802114804
0.0176953125,23.3212802114804
0.017734375,18.3212802114804
0.0177734375,12.3212802114804
0.0178125,7.32128021148037
0.0178515625,5.32128021148037
0.017890625,4.32128021148037
0.0179296875,0.321280211480371
0.01796875,-5.67871978851963
0.0180078125,-9.67871978851963
0.018046875,-11.6787197885196
0.0180859375,-10.6787197885196
0.018125,-11.6787197885196
0.0181640625,-10.6787197885196
0.018203125,-12.6787197885196
0.0182421875,-13.6787197885196
0.01828125,-11.6787197885196
0.0183203125,-10.6787197885196
0.018359375,-6.67871978851963
0.0183984375,-0.678719788519629
0.0184375,5.32128021148037
0.0184765625,10.3212802114804
0.018515625,13.3212802114804
0.0185546875,16.3212802114804
0.01859375,14.3212802114804
0.0186328125,8.32128021148037
0.018671875,-2.67871978851963
0.0187109375,-10.6787197885196
0.01875,-13.6787197885196
0.0187890625,-14.6787197885196
0.018828125,-15.6787197885196
0.0188671875,-14.6787197885196
0.01890625,-13.6787197885196
0.0189453125,-10.6787197885196
0.018984375,-8.67871978851963
0.0190234375,-6.67871978851963
0.0190625,-4.67871978851963
0.0191015625,0.321280211480371
0.019140625,0.321280211480371
0.0191796875,-2.67871978851963
0.01921875,-5.67871978851963
0.0192578125,-10.6787197885196
0.019296875,-14.6787197885196
0.0193359375,-15.6787197885196
0.019375,-12.6787197885196
0.0194140625,-10.6787197885196
0.019453125,-7.67871978851963
0.0194921875,-1.67871978851963
0.01953125,4.32128021148037
0.0195703125,9.32128021148037
0.019609375,15.3212802114804
0.0196484375,20.3212802114804
0.0196875,23.3212802114804
0.0197265625,23.3212802114804
0.019765625,22.3212802114804
0.0198046875,19.3212802114804
0.01984375,15.3212802114804
0.0198828125,10.3212802114804
0.019921875,7.32128021148037
0.0199609375,3.32128021148037
0.02,-1.67871978851963
0.0200390625,-5.67871978851963
0.020078125,-5.67871978851963
0.0201171875,-2.67871978851963
0.02015625,4.32128021148037
0.0201953125,11.3212802114804
0.020234375,16.3212802114804
0.0202734375,18.3212802114804
0.0203125,20.3212802114804
0.0203515625,23.3212802114804
0.020390625,24.3212802114804
0.0204296875,22.3212802114804
0.02046875,19.3212802114804
0.0205078125,15.3212802114804
0.020546875,9.32128021148037
0.0205859375,3.32128021148037
0.020625,-3.67871978851963
0.0206640625,-7.67871978851963
0.020703125,-12.6787197885196
0.0207421875,-18.6787197885196
0.02078125,-22.6787197885196
0.0208203125,-27.6787197885196
0.020859375,-30.6787197885196
0.0208984375,-35.6787197885196
0.0209375,-38.6787197885196
0.0209765625,-37.6787197885196
0.021015625,-31.6787197885196
0.0210546875,-24.6787197885196
0.02109375,-18.6787197885196
0.0211328125,-13.6787197885196
0.021171875,-10.6787197885196
0.0212109375,-7.67871978851963
0.02125,-4.67871978851963
0.0212890625,-1.67871978851963
0.021328125,-0.678719788519629
0.0213671875,0.321280211480371
0.02140625,2.32128021148037
0.0214453125,3.32128021148037
0.021484375,5.32128021148037
0.0215234375,8.32128021148037
0.0215625,12.3212802114804
0.0216015625,17.3212802114804
0.021640625,23.3212802114804
0.0216796875,27.3212802114804
0.02171875,26.3212802114804
0.0217578125,23.3212802114804
0.021796875,19.3212802114804
0.0218359375,14.3212802114804
0.021875,6.32128021148037
0.0219140625,-4.67871978851963
0.021953125,-13.6787197885196
0.0219921875,-20.6787197885196
0.02203125,-20.6787197885196
0.0220703125,-16.6787197885196
0.022109375,-10.6787197885196
0.0221484375,-3.67871978851963
0.0221875,2.32128021148037
0.0222265625,7.32128021148037
0.022265625,10.3212802114804
0.0223046875,11.3212802114804
0.02234375,11.3212802114804
0.0223828125,11.3212802114804
0.022421875,6.32128021148037
0.0224609375,0.321280211480371
0.0225,-5.67871978851963
0.0225390625,-8.67871978851963
0.022578125,-6.67871978851963
0.0226171875,2.32128021148037
0.02265625,8.32128021148037
0.0226953125,13.3212802114804
0.022734375,15.3212802114804
0.0227734375,18.3212802114804
0.0228125,17.3212802114804
0.0228515625,13.3212802114804
0.022890625,7.32128021148037
0.0229296875,-2.67871978851963
0.02296875,-11.6787197885196
0.0230078125,-19.6787197885196
0.023046875,-24.6787197885196
0.0230859375,-24.6787197885196
0.023125,-22.6787197885196
0.0231640625,-20.6787197885196
0.023203125,-16.6787197885196
0.0232421875,-12.6787197885196
0.02328125,-5.67871978851963
0.0233203125,-1.67871978851963
0.023359375,1.32128021148037
0.0233984375,1.32128021148037
0.0234375,1.32128021148037
0.0234765625,-3.67871978851963
0.023515625,-8.67871978851963
0.0235546875,-11.6787197885196
0.02359375,-10.6787197885196
0.0236328125,-7.67871978851963
0.023671875,-1.67871978851963
0.0237109375,4.32128021148037
0.02375,12.3212802114804
0.0237890625,18.3212802114804
0.023828125,24.3212802114804
0.0238671875,30.3212802114804
0.02390625,31.3212802114804
0.0239453125,30.3212802114804
0.023984375,26.3212802114804
0.0240234375,23.3212802114804
0.0240625,18.3212802114804
0.0241015625,13.3212802114804
0.024140625,7.32128021148037
0.0241796875,0.321280211480371
0.02421875,-5.67871978851963
0.0242578125,-6.67871978851963
0.024296875,-5.67871978851963
0.0243359375,-2.67871978851963
0.024375,0.321280211480371
0.0244140625,1.32128021148037
0.024453125,1.32128021148037
0.0244921875,-1.67871978851963
0.02453125,-1.67871978851963
0.0245703125,-2.67871978851963
0.024609375,-4.67871978851963
0.0246484375,-5.67871978851963
0.0246875,-9.67871978851963
0.0247265625,-13.6787197885196
0.024765625,-15.6787197885196
0.0248046875,-15.6787197885196
0.02484375,-15.6787197885196
0.0248828125,-15.6787197885196
0.024921875,-13.6787197885196
0.0249609375,-11.6787197885196
0.025,-7.67871978851963
0.0250390625,-5.67871978851963
0.025078125,-5.67871978851963
0.0251171875,-4.67871978851963
0.02515625,-6.67871978851963
0.0251953125,-8.67871978851963
0.025234375,-8.67871978851963
0.0252734375,-7.67871978851963
0.0253125,-5.67871978851963
0.0253515625,-3.67871978851963
0.025390625,-3.67871978851963
0.0254296875,-2.67871978851963
0.02546875,-1.67871978851963
0.0255078125,-0.678719788519629
0.025546875,1.32128021148037
0.0255859375,3.32128021148037
0.025625,5.32128021148037
0.0256640625,7.32128021148037
0.025703125,8.32128021148037
0.0257421875,8.32128021148037
0.02578125,6.32128021148037
0.0258203125,3.32128021148037
0.025859375,-0.678719788519629
0.0258984375,-1.67871978851963
0.0259375,-1.67871978851963
0.0259765625,-1.67871978851963
0.026015625,-1.67871978851963
0.0260546875,-0.678719788519629
0.02609375,-3.67871978851963
0.0261328125,-8.67871978851963
0.026171875,-12.6787197885196
0.0262109375,-12.6787197885196
0.02625,-9.67871978851963
0.0262890625,-4.67871978851963
0.026328125,-2.67871978851963
0.0263671875,-0.678719788519629
0.02640625,5.32128021148037
0.0264453125,9.32128021148037
0.026484375,14.3212802114804
0.0265234375,19.3212802114804
0.0265625,21.3212802114804
0.0266015625,22.3212802114804
0.026640625,21.3212802114804
0.0266796875,19.3212802114804
0.02671875,14.3212802114804
0.0267578125,9.32128021148037
0.026796875,1.32128021148037
0.0268359375,-0.678719788519629
0.026875,-0.678719788519629
0.0269140625,3.32128021148037
0.026953125,9.32128021148037
0.0269921875,16.3212802114804
0.02703125,23.3212802114804
0.0270703125,25.3212802114804
0.027109375,24.3212802114804
0.0271484375,20.3212802114804
0.0271875,13.3212802114804
0.0272265625,7.32128021148037
0.027265625,-1.67871978851963
0.0273046875,-7.67871978851963
0.02734375,-11.6787197885196
0.0273828125,-13.6787197885196
0.027421875,-12.6787197885196
0.0274609375,-13.6787197885196
0.0275,-11.6787197885196
0.0275390625,-7.67871978851963
0.027578125,-3.67871978851963
0.0276171875,1.32128021148037
0.02765625,4.32128021148037
0.0276953125,1.32128021148037
0.027734375,-2.67871978851963
0.0277734375,-10.6787197885196
0.0278125,-16.6787197885196
0.0278515625,-18.6787197885196
0.027890625,-20.6787197885196
0.0279296875,-19.6787197885196
0.02796875,-18.6787197885196
0.0280078125,-19.6787197885196
0.028046875,-22.6787197885196
0.0280859375,-24.6787197885196
0.028125,-25.6787197885196
0.0281640625,-20.6787197885196
0.028203125,-15.6787197885196
0.0282421875,-11.6787197885196
0.02828125,-8.67871978851963
0.0283203125,-8.67871978851963
0.028359375,-7.67871978851963
0.0283984375,-5.67871978851963
0.0284375,-2.67871978851963
0.0284765625,-0.678719788519629
0.028515625,6.32128021148037
0.0285546875,12.3212802114804
0.02859375,15.3212802114804
0.0286328125,16.3212802114804
0.028671875,15.3212802114804
0.0287109375,13.3212802114804
0.02875,10.3212802114804
0.0287890625,3.32128021148037
0.028828125,-3.67871978851963
0.0288671875,-6.67871978851963
0.02890625,-5.67871978851963
0.0289453125,-0.678719788519629
0.028984375,4.32128021148037
0.0290234375,9.32128021148037
0.0290625,13.3212802114804
0.0291015625,18.3212802114804
0.029140625,23.3212802114804
0.0291796875,22.3212802114804
0.02921875,18.3212802114804
0.0292578125,12.3212802114804
0.029296875,6.32128021148037
0.0293359375,1.32128021148037
0.029375,-3.67871978851963
0.0294140625,-10.6787197885196
0.029453125,-16.6787197885196
0.0294921875,-17.6787197885196
0.02953125,-14.6787197885196
0.0295703125,-9.67871978851963
0.029609375,-1.67871978851963
0.0296484375,9.32128021148037
0.0296875,17.3212802114804
0.0297265625,21.3212802114804
0.029765625,21.3212802114804
0.0298046875,19.3212802114804
0.02984375,17.3212802114804
0.0298828125,14.3212802114804
0.029921875,9.32128021148037
0.0299609375,1.32128021148037
0.03,-6.67871978851963
0.0300390625,-15.6787197885196
0.030078125,-22.6787197885196
0.0301171875,-22.6787197885196
0.03015625,-20.6787197885196
0.0301953125,-15.6787197885196
0.030234375,-7.67871978851963
0.0302734375,0.321280211480371
0.0303125,6.32128021148037
0.0303515625,8.32128021148037
0.030390625,11.3212802114804
0.0304296875,12.3212802114804
0.03046875,13.3212802114804
0.0305078125,15.3212802114804
0.030546875,14.3212802114804
0.0305859375,11.3212802114804
0.030625,9.32128021148037
0.0306640625,6.32128021148037
0.030703125,3.32128021148037
0.0307421875,1.32128021148037
0.03078125,3.32128021148037
0.0308203125,9.32128021148037
0.030859375,12.3212802114804
0.0308984375,14.3212802114804
0.0309375,14.3212802114804
0.0309765625,13.3212802114804
0.031015625,10.3212802114804
0.0310546875,10.3212802114804
0.03109375,14.3212802114804
0.0311328125,13.3212802114804
0.031171875,7.32128021148037
0.0312109375,-2.67871978851963
0.03125,-10.6787197885196
0.0312890625,-19.6787197885196
0.031328125,-26.6787197885196
0.0313671875,-34.6787197885196
0.03140625,-42.6787197885196
0.0314453125,-50.6787197885196
0.031484375,-55.6787197885196
0.0315234375,-56.6787197885196
0.0315625,-53.6787197885196
0.0316015625,-49.6787197885196
0.031640625,-44.6787197885196
0.0316796875,-41.6787197885196
0.03171875,-37.6787197885196
0.0317578125,-28.6787197885196
0.031796875,-18.6787197885196
0.0318359375,-5.67871978851963
0.031875,5.32128021148037
0.0319140625,16.3212802114804
0.031953125,24.3212802114804
0.0319921875,29.3212802114804
0.03203125,31.3212802114804
0.0320703125,32.3212802114804
0.032109375,32.3212802114804
0.0321484375,31.3212802114804
0.0321875,29.3212802114804
0.0322265625,25.3212802114804
0.032265625,20.3212802114804
0.0323046875,15.3212802114804
0.03234375,8.32128021148037
0.0323828125,5.32128021148037
0.032421875,3.32128021148037
0.0324609375,2.32128021148037
0.0325,3.32128021148037
0.0325390625,5.32128021148037
0.032578125,7.32128021148037
0.0326171875,6.32128021148037
0.03265625,2.32128021148037
0.0326953125,0.321280211480371
0.032734375,-0.678719788519629
0.0327734375,-3.67871978851963
0.0328125,-4.67871978851963
0.0328515625,-4.67871978851963
0.032890625,-3.67871978851963
0.0329296875,-2.67871978851963
0.03296875,0.321280211480371
0.0330078125,6.32128021148037
0.033046875,14.3212802114804
0.0330859375,24.3212802114804
0.033125,30.3212802114804
0.0331640625,35.3212802114804
0.033203125,37.3212802114804
0.0332421875,36.3212802114804
0.03328125,34.3212802114804
0.0333203125,28.3212802114804
0.033359375,23.3212802114804
0.0333984375,18.3212802114804
0.0334375,11.3212802114804
0.0334765625,1.32128021148037
0.033515625,-7.67871978851963
0.0335546875,-13.6787197885196
0.03359375,-22.6787197885196
0.0336328125,-29.6787197885196
0.033671875,-35.6787197885196
0.0337109375,-37.6787197885196
0.03375,-38.6787197885196
0.0337890625,-34.6787197885196
0.033828125,-26.6787197885196
0.0338671875,-16.6787197885196
0.03390625,-10.6787197885196
0.0339453125,-5.67871978851963
0.033984375,0.321280211480371
0.0340234375,5.32128021148037
0.0340625,7.32128021148037
0.0341015625,6.32128021148037
0.034140625,9.32128021148037
0.0341796875,6.32128021148037
0.03421875,3.32128021148037
0.0342578125,-1.67871978851963
0.034296875,-6.67871978851963
0.0343359375,-9.67871978851963
0.034375,-7.67871978851963
0.0344140625,-1.67871978851963
0.034453125,3.32128021148037
0.0344921875,7.32128021148037
0.03453125,8.32128021148037
0.0345703125,7.32128021148037
0.034609375,4.32128021148037
0.0346484375,-1.67871978851963
0.0346875,-5.67871978851963
0.0347265625,-11.6787197885196
0.034765625,-18.6787197885196
0.0348046875,-24.6787197885196
0.03484375,-27.6787197885196
0.0348828125,-30.6787197885196
0.034921875,-29.6787197885196
0.0349609375,-24.6787197885196
0.035,-18.6787197885196
0.0350390625,-10.6787197885196
0.035078125,-2.67871978851963
0.0351171875,3.32128021148037
0.03515625,8.32128021148037
0.0351953125,7.32128021148037
0.035234375,6.32128021148037
0.0352734375,6.32128021148037
0.0353125,10.3212802114804
0.0353515625,14.3212802114804
0.035390625,13.3212802114804
0.0354296875,9.32128021148037
0.03546875,8.32128021148037
0.0355078125,7.32128021148037
0.035546875,4.32128021148037
0.0355859375,2.32128021148037
0.035625,3.32128021148037
0.0356640625,5.32128021148037
0.035703125,7.32128021148037
0.0357421875,8.32128021148037
0.03578125,11.3212802114804
0.0358203125,13.3212802114804
0.035859375,14.3212802114804
0.0358984375,13.3212802114804
0.0359375,12.3212802114804
0.0359765625,13.3212802114804
0.036015625,17.3212802114804
0.0360546875,21.3212802114804
0.03609375,25.3212802114804
0.0361328125,25.3212802114804
0.036171875,23.3212802114804
0.0362109375,20.3212802114804
0.03625,17.3212802114804
0.0362890625,14.3212802114804
0.036328125,12.3212802114804
0.0363671875,7.32128021148037
0.03640625,3.32128021148037
0.0364453125,0.321280211480371
0.036484375,-7.67871978851963
0.0365234375,-15.6787197885196
0.0365625,-23.6787197885196
0.0366015625,-27.6787197885196
0.036640625,-27.6787197885196
0.0366796875,-28.6787197885196
0.03671875,-30.6787197885196
0.0367578125,-30.6787197885196
0.036796875,-26.6787197885196
0.0368359375,-22.6787197885196
0.036875,-18.6787197885196
0.0369140625,-11.6787197885196
0.036953125,-4.67871978851963
0.0369921875,1.32128021148037
0.03703125,10.3212802114804
0.0370703125,15.3212802114804
0.037109375,17.3212802114804
0.0371484375,18.3212802114804
0.0371875,15.3212802114804
0.0372265625,12.3212802114804
0.037265625,11.3212802114804
0.0373046875,12.3212802114804
0.03734375,13.3212802114804
0.0373828125,10.3212802114804
0.037421875,8.32128021148037
0.0374609375,2.32128021148037
0.0375,-0.678719788519629
0.0375390625,-5.67871978851963
0.037578125,-9.67871978851963
0.0376171875,-11.6787197885196
0.03765625,-13.6787197885196
0.0376953125,-17.6787197885196
0.037734375,-21.6787197885196
0.0377734375,-22.6787197885196
0.0378125,-21.6787197885196
0.0378515625,-16.6787197885196
0.037890625,-14.6787197885196
0.0379296875,-13.6787197885196
0.03796875,-13.6787197885196
0.0380078125,-9.67871978851963
0.038046875,-5.67871978851963
0.0380859375,-2.67871978851963
0.038125,-3.67871978851963
0.0381640625,-6.67871978851963
0.038203125,-10.6787197885196
0.0382421875,-10.6787197885196
0.03828125,-5.67871978851963
0.0383203125,4.32128021148037
0.038359375,11.3212802114804
0.0383984375,15.3212802114804
0.0384375,19.3212802114804
0.0384765625,18.3212802114804
0.038515625,15.3212802114804
0.0385546875,11.3212802114804
0.03859375,6.32128021148037
0.0386328125,0.321280211480371
0.038671875,-7.67871978851963
0.0387109375,-14.6787197885196
0.03875,-16.6787197885196
0.0387890625,-15.6787197885196
0.038828125,-11.6787197885196
0.0388671875,-4.67871978851963
0.03890625,4.32128021148037
0.0389453125,10.3212802114804
0.038984375,16.3212802114804
0.0390234375,20.3212802114804
0.0390625,27.3212802114804
0.0391015625,30.3212802114804
0.039140625,30.3212802114804
0.0391796875,24.3212802114804
0.03921875,21.3212802114804
0.0392578125,18.3212802114804
0.039296875,17.3212802114804
0.0393359375,16.3212802114804
0.039375,15.3212802114804
0.0394140625,15.3212802114804
0.039453125,11.3212802114804
0.0394921875,9.32128021148037
0.03953125,8.32128021148037
0.0395703125,8.32128021148037
0.039609375,9.32128021148037
0.0396484375,10.3212802114804
0.0396875,10.3212802114804
0.0397265625,7.32128021148037
0.039765625,4.32128021148037
0.0398046875,0.321280211480371
0.03984375,-4.67871978851963
0.0398828125,-7.67871978851963
0.039921875,-11.6787197885196
0.0399609375,-14.6787197885196
0.04,-16.6787197885196
0.0400390625,-18.6787197885196
0.040078125,-16.6787197885196
0.0401171875,-16.6787197885196
0.04015625,-19.6787197885196
0.0401953125,-21.6787197885196
0.040234375,-22.6787197885196
0.0402734375,-23.6787197885196
0.0403125,-23.6787197885196
0.0403515625,-22.6787197885196
0.040390625,-21.6787197885196
0.0404296875,-19.6787197885196
0.04046875,-18.6787197885196
0.0405078125,-17.6787197885196
0.040546875,-15.6787197885196
0.0405859375,-12.6787197885196
0.040625,-11.6787197885196
0.0406640625,-10.6787197885196
0.040703125,-8.67871978851963
0.0407421875,-9.67871978851963
0.04078125,-12.6787197885196
0.0408203125,-12.6787197885196
0.040859375,-9.67871978851963
0.0408984375,-3.67871978851963
0.0409375,3.32128021148037
0.0409765625,9.32128021148037
0.041015625,15.3212802114804
0.0410546875,18.3212802114804
0.04109375,23.3212802114804
0.0411328125,27.3212802114804
0.041171875,33.3212802114804
0.0412109375,36.3212802114804
0.04125,37.3212802114804
0.0412890625,35.3212802114804
0.041328125,34.3212802114804
0.0413671875,30.3212802114804
0.04140625,27.3212802114804
0.0414453125,19.3212802114804
0.041484375,10.3212802114804
0.0415234375,1.32128021148037
0.0415625,-5.67871978851963
0.0416015625,-11.6787197885196
0.041640625,-15.6787197885196
0.0416796875,-19.6787197885196
0.04171875,-19.6787197885196
0.0417578125,-18.6787197885196
0.041796875,-18.6787197885196
0.0418359375,-16.6787197885196
0.041875,-13.6787197885196
0.0419140625,-10.6787197885196
0.041953125,-7.67871978851963
0.0419921875,-6.67871978851963
0.04203125,-6.67871978851963
0.0420703125,-6.67871978851963
0.042109375,-6.67871978851963
0.0421484375,-6.67871978851963
0.0421875,-6.67871978851963
0.0422265625,-5.67871978851963
0.042265625,-3.67871978851963
0.0423046875,-2.67871978851963
0.04234375,-1.67871978851963
0.0423828125,1.32128021148037
0.042421875,6.32128021148037
0.0424609375,13.3212802114804
0.0425,21.3212802114804
0.0425390625,26.3212802114804
0.042578125,27.3212802114804
0.0426171875,26.3212802114804
0.04265625,25.3212802114804
0.0426953125,22.3212802114804
0.042734375,18.3212802114804
0.0427734375,9.32128021148037
0.0428125,0.321280211480371
0.0428515625,-5.67871978851963
0.042890625,-10.6787197885196
0.0429296875,-15.6787197885196
0.04296875,-20.6787197885196
0.0430078125,-22.6787197885196
0.043046875,-21.6787197885196
0.0430859375,-22.6787197885196
0.043125,-18.6787197885196
0.0431640625,-14.6787197885196
0.043203125,-6.67871978851963
0.0432421875,0.321280211480371
0.04328125,3.32128021148037
0.0433203125,4.32128021148037
0.043359375,2.32128021148037
0.0433984375,-0.678719788519629
0.0434375,-2.67871978851963
0.0434765625,-4.67871978851963
0.043515625,-6.67871978851963
0.0435546875,-6.67871978851963
0.04359375,-4.67871978851963
0.0436328125,-0.678719788519629
0.043671875,5.32128021148037
0.0437109375,10.3212802114804
0.04375,15.3212802114804
0.0437890625,17.3212802114804
0.043828125,19.3212802114804
0.0438671875,18.3212802114804
0.04390625,14.3212802114804
0.0439453125,7.32128021148037
0.043984375,-4.67871978851963
0.0440234375,-17.6787197885196
0.0440625,-29.6787197885196
0.0441015625,-35.6787197885196
0.044140625,-38.6787197885196
0.0441796875,-35.6787197885196
0.04421875,-25.6787197885196
0.0442578125,-14.6787197885196
0.044296875,-4.67871978851963
0.0443359375,7.32128021148037
0.044375,15.3212802114804
0.0444140625,22.3212802114804
0.044453125,24.3212802114804
0.0444921875,23.3212802114804
0.04453125,16.3212802114804
0.0445703125,9.32128021148037
0.044609375,4.32128021148037
0.0446484375,5.32128021148037
0.0446875,4.32128021148037
0.0447265625,5.32128021148037
0.044765625,8.32128021148037
0.0448046875,12.3212802114804
0.04484375,16.3212802114804
0.0448828125,21.3212802114804
0.044921875,22.3212802114804
0.0449609375,22.3212802114804
0.045,18.3212802114804
0.0450390625,12.3212802114804
0.045078125,8.32128021148037
0.0451171875,3.32128021148037
0.04515625,2.32128021148037
0.0451953125,-1.67871978851963
0.045234375,-5.67871978851963
0.0452734375,-9.67871978851963
0.0453125,-10.6787197885196
0.0453515625,-14.6787197885196
0.045390625,-14.6787197885196
0.0454296875,-11.6787197885196
0.04546875,-9.67871978851963
0.0455078125,-8.67871978851963
0.045546875,-10.6787197885196
0.0455859375,-11.6787197885196
0.045625,-10.6787197885196
0.0456640625,-8.67871978851963
0.045703125,-5.67871978851963
0.0457421875,-3.67871978851963
0.04578125,-0.678719788519629
0.0458203125,-0.678719788519629
0.045859375,1.32128021148037
0.0458984375,0.321280211480371
0.0459375,1.32128021148037
0.0459765625,0.321280211480371
0.046015625,-2.67871978851963
0.0460546875,-2.67871978851963
0.04609375,-1.67871978851963
0.0461328125,-1.67871978851963
0.046171875,-0.678719788519629
0.0462109375,0.321280211480371
0.04625,0.321280211480371
0.0462890625,-0.678719788519629
0.046328125,-3.67871978851963
0.0463671875,-4.67871978851963
0.04640625,-2.67871978851963
0.0464453125,-0.678719788519629
0.046484375,-0.678719788519629
0.0465234375,-3.67871978851963
0.0465625,-6.67871978851963
0.0466015625,-9.67871978851963
0.046640625,-10.6787197885196
0.0466796875,-11.6787197885196
0.04671875,-8.67871978851963
0.0467578125,-5.67871978851963
0.046796875,-4.67871978851963
0.0468359375,-0.678719788519629
0.046875,4.32128021148037
0.0469140625,9.32128021148037
0.046953125,12.3212802114804
0.0469921875,12.3212802114804
0.04703125,10.3212802114804
0.0470703125,7.32128021148037
0.047109375,3.32128021148037
0.0471484375,-0.678719788519629
0.0471875,-3.67871978851963
0.0472265625,-8.67871978851963
0.047265625,-13.6787197885196
0.0473046875,-18.6787197885196
0.04734375,-21.6787197885196
0.0473828125,-18.6787197885196
0.047421875,-10.6787197885196
0.0474609375,-0.678719788519629
0.0475,8.32128021148037
0.0475390625,11.3212802114804
0.047578125,12.3212802114804
0.0476171875,13.3212802114804
0.04765625,15.3212802114804
0.0476953125,19.3212802114804
0.047734375,25.3212802114804
0.0477734375,27.3212802114804
0.0478125,27.3212802114804
0.0478515625,26.3212802114804
0.047890625,24.3212802114804
0.0479296875,26.3212802114804
0.04796875,25.3212802114804
0.0480078125,22.3212802114804
0.048046875,18.3212802114804
0.0480859375,14.3212802114804
0.048125,9.32128021148037
0.0481640625,2.32128021148037
0.048203125,-5.67871978851963
0.0482421875,-14.6787197885196
0.04828125,-22.6787197885196
0.0483203125,-25.6787197885196
0.048359375,-26.6787197885196
0.0483984375,-24.6787197885196
0.0484375,-19.6787197885196
0.0484765625,-11.6787197885196
0.048515625,-4.67871978851963
0.0485546875,0.321280211480371
0.04859375,3.32128021148037
0.0486328125,4.32128021148037
0.048671875,4.32128021148037
0.0487109375,2.32128021148037
0.04875,-1.67871978851963
0.0487890625,-6.67871978851963
0.048828125,-13.6787197885196
0.0488671875,-19.6787197885196
0.04890625,-22.6787197885196
0.0489453125,-23.6787197885196
0.048984375,-22.6787197885196
0.0490234375,-16.6787197885196
0.0490625,-6.67871978851963
0.0491015625,2.32128021148037
0.049140625,10.3212802114804
0.0491796875,17.3212802114804
0.04921875,18.3212802114804
0.0492578125,14.3212802114804
0.049296875,5.32128021148037
0.0493359375,-2.67871978851963
0.049375,-10.6787197885196
0.0494140625,-16.6787197885196
0.049453125,-22.6787197885196
0.0494921875,-28.6787197885196
0.04953125,-32.6787197885196
0.0495703125,-33.6787197885196
0.049609375,-31.6787197885196
0.0496484375,-22.6787197885196
0.0496875,-10.6787197885196
0.0497265625,2.32128021148037
0.049765625,12.3212802114804
0.0498046875,20.3212802114804
0.04984375,26.3212802114804
0.0498828125,27.3212802114804
0.049921875,25.3212802114804
0.0499609375,23.3212802114804
0.05,21.3212802114804
0.0500390625,15.3212802114804
0.050078125,14.3212802114804
0.0501171875,10.3212802114804
0.05015625,8.32128021148037
0.0501953125,4.32128021148037
0.050234375,2.32128021148037
0.0502734375,3.32128021148037
0.0503125,8.32128021148037
0.0503515625,11.3212802114804
0.050390625,13.3212802114804
0.0504296875,11.3212802114804
0.05046875,11.3212802114804
0.0505078125,8.32128021148037
0.050546875,6.32128021148037
0.0505859375,7.32128021148037
0.050625,9.32128021148037
0.0506640625,13.3212802114804
0.050703125,12.3212802114804
0.0507421875,10.3212802114804
0.05078125,5.32128021148037
0.0508203125,1.32128021148037
0.050859375,-3.67871978851963
0.0508984375,-7.67871978851963
0.0509375,-12.6787197885196
0.0509765625,-15.6787197885196
0.051015625,-17.6787197885196
0.0510546875,-18.6787197885196
0.05109375,-16.6787197885196
0.0511328125,-13.6787197885196
0.051171875,-10.6787197885196
0.0512109375,-10.6787197885196
0.05125,-11.6787197885196
0.0512890625,-10.6787197885196
0.051328125,-9.67871978851963
0.0513671875,-7.67871978851963
0.05140625,-7.67871978851963
0.0514453125,-7.67871978851963
0.051484375,-8.67871978851963
0.0515234375,-7.67871978851963
0.0515625,-5.67871978851963
0.0516015625,-1.67871978851963
0.051640625,4.32128021148037
0.0516796875,13.3212802114804
0.05171875,23.3212802114804
0.0517578125,28.3212802114804
0.051796875,33.3212802114804
0.0518359375,32.3212802114804
0.051875,26.3212802114804
0.0519140625,21.3212802114804
0.051953125,18.3212802114804
0.0519921875,13.3212802114804
0.05203125,8.32128021148037
0.0520703125,2.32128021148037
0.052109375,-3.67871978851963
0.0521484375,-9.67871978851963
0.0521875,-13.6787197885196
0.0522265625,-18.6787197885196
0.052265625,-18.6787197885196
0.0523046875,-17.6787197885196
0.05234375,-17.6787197885196
0.0523828125,-20.6787197885196
0.052421875,-23.6787197885196
0.0524609375,-26.6787197885196
0.0525,-26.6787197885196
0.0525390625,-24.6787197885196
0.052578125,-20.6787197885196
0.0526171875,-13.6787197885196
0.05265625,-8.67871978851963
0.0526953125,-1.67871978851963
0.052734375,8.32128021148037
0.0527734375,16.3212802114804
0.0528125,20.3212802114804
0.0528515625,21.3212802114804
0.052890625,16.3212802114804
0.0529296875,11.3212802114804
0.05296875,8.32128021148037
0.0530078125,7.32128021148037
0.053046875,6.32128021148037
0.0530859375,5.32128021148037
0.053125,1.32128021148037
0.0531640625,-3.67871978851963
0.053203125,-8.67871978851963
0.0532421875,-9.67871978851963
0.05328125,-8.67871978851963
0.0533203125,-4.67871978851963
0.053359375,-0.678719788519629
0.0533984375,0.321280211480371
0.0534375,-0.678719788519629
0.0534765625,-1.67871978851963
0.053515625,-2.67871978851963
0.0535546875,-2.67871978851963
0.05359375,-3.67871978851963
0.0536328125,-5.67871978851963
0.053671875,-7.67871978851963
0.0537109375,-7.67871978851963
0.05375,-6.67871978851963
0.0537890625,-5.67871978851963
0.053828125,-4.67871978851963
0.0538671875,-1.67871978851963
0.05390625,4.32128021148037
0.0539453125,11.3212802114804
0.053984375,15.3212802114804
0.0540234375,20.3212802114804
0.0540625,23.3212802114804
0.0541015625,26.3212802114804
0.054140625,26.3212802114804
0.0541796875,24.3212802114804
0.05421875,23.3212802114804
0.0542578125,20.3212802114804
0.054296875,15.3212802114804
0.0543359375,9.32128021148037
0.054375,2.32128021148037
0.0544140625,-6.67871978851963
0.054453125,-11.6787197885196
0.0544921875,-16.6787197885196
0.05453125,-18.6787197885196
0.0545703125,-19.6787197885196
0.054609375,-20.6787197885196
0.0546484375,-18.6787197885196
0.0546875,-15.6787197885196
0.0547265625,-8.67871978851963
0.054765625,-2.67871978851963
0.0548046875,2.32128021148037
0.05484375,7.32128021148037
0.0548828125,10.3212802114804
0.054921875,13.3212802114804
0.0549609375,13.3212802114804
0.055,16.3212802114804
0.0550390625,16.3212802114804
0.055078125,14.3212802114804
0.0551171875,9.32128021148037
0.05515625,3.32128021148037
0.0551953125,-3.67871978851963
0.055234375,-4.67871978851963
0.0552734375,-8.67871978851963
0.0553125,-10.6787197885196
0.0553515625,-13.6787197885196
0.055390625,-16.6787197885196
0.0554296875,-18.6787197885196
0.05546875,-21.6787197885196
0.0555078125,-21.6787197885196
0.055546875,-20.6787197885196
0.0555859375,-19.6787197885196
0.055625,-17.6787197885196
0.0556640625,-15.6787197885196
0.055703125,-16.6787197885196
0.0557421875,-16.6787197885196
0.05578125,-13.6787197885196
0.0558203125,-8.67871978851963
0.055859375,0.321280211480371
0.0558984375,11.3212802114804
0.0559375,22.3212802114804
0.0559765625,29.3212802114804
0.056015625,33.3212802114804
0.0560546875,33.3212802114804
0.05609375,29.3212802114804
0.0561328125,22.3212802114804
0.056171875,16.3212802114804
0.0562109375,11.3212802114804
0.05625,4.32128021148037
0.0562890625,-2.67871978851963
0.056328125,-7.67871978851963
0.0563671875,-10.6787197885196
0.05640625,-11.6787197885196
0.0564453125,-13.6787197885196
0.056484375,-10.6787197885196
0.0565234375,-5.67871978851963
0.0565625,1.32128021148037
0.0566015625,5.32128021148037
0.056640625,9.32128021148037
0.0566796875,12.3212802114804
0.05671875,17.3212802114804
0.0567578125,18.3212802114804
0.056796875,14.3212802114804
0.0568359375,8.32128021148037
0.056875,3.32128021148037
0.0569140625,-0.678719788519629
0.056953125,-3.67871978851963
0.0569921875,-4.67871978851963
0.05703125,-3.67871978851963
0.0570703125,-3.67871978851963
0.057109375,-3.67871978851963
0.0571484375,-3.67871978851963
0.0571875,-2.67871978851963
0.0572265625,-2.67871978851963
0.057265625,-3.67871978851963
0.0573046875,-7.67871978851963
0.05734375,-11.6787197885196
0.0573828125,-16.6787197885196
0.057421875,-18.6787197885196
0.0574609375,-16.6787197885196
0.0575,-15.6787197885196
0.0575390625,-13.6787197885196
0.057578125,-13.6787197885196
0.0576171875,-15.6787197885196
0.05765625,-17.6787197885196
0.0576953125,-18.6787197885196
0.057734375,-20.6787197885196
0.0577734375,-14.6787197885196
0.0578125,-7.67871978851963
0.0578515625,-2.67871978851963
0.057890625,2.32128021148037
0.0579296875,6.32128021148037
0.05796875,13.3212802114804
0.0580078125,18.3212802114804
0.058046875,23.3212802114804
0.0580859375,24.3212802114804
0.058125,23.3212802114804
0.0581640625,22.3212802114804
0.058203125,23.3212802114804
0.0582421875,24.3212802114804
0.05828125,26.3212802114804
0.0583203125,28.3212802114804
0.058359375,28.3212802114804
0.0583984375,27.3212802114804
0.0584375,27.3212802114804
0.0584765625,28.3212802114804
0.058515625,30.3212802114804
0.0585546875,31.3212802114804
0.05859375,26.3212802114804
0.0586328125,16.3212802114804
0.058671875,3.32128021148037
0.0587109375,-10.6787197885196
0.05875,-22.6787197885196
0.0587890625,-34.6787197885196
0.058828125,-46.6787197885196
0.0588671875,-57.6787197885196
0.05890625,-65.6787197885196
0.0589453125,-67.6787197885196
0.058984375,-63.6787197885196
0.0590234375,-52.6787197885196
0.0590625,-38.6787197885196
0.0591015625,-24.6787197885196
0.059140625,-11.6787197885196
0.0591796875,-0.678719788519629
0.05921875,6.32128021148037
0.0592578125,10.3212802114804
0.059296875,10.3212802114804
0.0593359375,5.32128021148037
0.059375,-2.67871978851963
0.0594140625,-8.67871978851963
0.059453125,-10.6787197885196
0.0594921875,-4.67871978851963
0.05953125,3.32128021148037
0.0595703125,14.3212802114804
0.059609375,19.3212802114804
0.0596484375,23.3212802114804
0.0596875,26.3212802114804
0.0597265625,30.3212802114804
0.059765625,38.3212802114804
0.0598046875,41.3212802114804
0.05984375,35.3212802114804
0.0598828125,26.3212802114804
0.059921875,16.3212802114804
0.0599609375,7.32128021148037
0.06,-1.67871978851963
0.0600390625,-7.67871978851963
0.060078125,-12.6787197885196
0.0601171875,-9.67871978851963
0.06015625,-8.67871978851963
0.0601953125,-9.67871978851963
0.060234375,-7.67871978851963
0.0602734375,-2.67871978851963
0.0603125,0.321280211480371
0.0603515625,1.32128021148037
0.060390625,-1.67871978851963
0.0604296875,-3.67871978851963
0.06046875,-4.67871978851963
0.0605078125,-5.67871978851963
0.060546875,-4.67871978851963
0.0605859375,-2.67871978851963
0.060625,-0.678719788519629
0.0606640625,3.32128021148037
0.060703125,9.32128021148037
0.0607421875,19.3212802114804
0.06078125,23.3212802114804
0.0608203125,26.3212802114804
0.060859375,26.3212802114804
0.0608984375,22.3212802114804
0.0609375,16.3212802114804
0.0609765625,8.32128021148037
0.061015625,-0.678719788519629
0.0610546875,-7.67871978851963
0.06109375,-13.6787197885196
0.0611328125,-19.6787197885196
0.061171875,-24.6787197885196
0.0612109375,-24.6787197885196
0.06125,-21.6787197885196
0.0612890625,-18.6787197885196
0.061328125,-16.6787197885196
0.0613671875,-11.6787197885196
0.06140625,-8.67871978851963
0.0614453125,-6.67871978851963
0.061484375,-2.67871978851963
0.0615234375,0.321280211480371
0.0615625,-1.67871978851963
0.0616015625,-3.67871978851963
0.061640625,-6.67871978851963
0.0616796875,-10.6787197885196
0.06171875,-9.67871978851963
0.0617578125,-8.67871978851963
0.061796875,-6.67871978851963
0.0618359375,-6.67871978851963
0.061875,-5.67871978851963
0.0619140625,-5.67871978851963
0.061953125,-4.67871978851963
0.0619921875,-1.67871978851963
0.06203125,3.32128021148037
0.0620703125,6.32128021148037
0.062109375,9.32128021148037
0.0621484375,9.32128021148037
0.0621875,12.3212802114804
0.0622265625,12.3212802114804
0.062265625,8.32128021148037
0.0623046875,2.32128021148037
0.06234375,-3.67871978851963
0.0623828125,-3.67871978851963
0.062421875,1.32128021148037
0.0624609375,5.32128021148037
0.0625,11.3212802114804
0.0625390625,15.3212802114804
0.062578125,19.3212802114804
0.0626171875,19.3212802114804
0.06265625,21.3212802114804
0.0626953125,24.3212802114804
0.062734375,28.3212802114804
0.0627734375,28.3212802114804
0.0628125,24.3212802114804
0.0628515625,16.3212802114804
0.062890625,5.32128021148037
0.0629296875,-4.67871978851963
0.06296875,-11.6787197885196
0.0630078125,-16.6787197885196
0.063046875,-19.6787197885196
0.0630859375,-21.6787197885196
0.063125,-23.6787197885196
0.0631640625,-24.6787197885196
0.063203125,-22.6787197885196
0.0632421875,-20.6787197885196
0.06328125,-16.6787197885196
0.0633203125,-12.6787197885196
0.063359375,-10.6787197885196
0.0633984375,-9.67871978851963
0.0634375,-12.6787197885196
0.0634765625,-12.6787197885196
0.063515625,-13.6787197885196
0.0635546875,-16.6787197885196
0.06359375,-23.6787197885196
0.0636328125,-30.6787197885196
0.063671875,-32.6787197885196
0.0637109375,-27.6787197885196
0.06375,-21.6787197885196
0.0637890625,-11.6787197885196
0.063828125,-3.67871978851963
0.0638671875,3.32128021148037
0.06390625,8.32128021148037
0.0639453125,15.3212802114804
0.063984375,25.3212802114804
0.0640234375,36.3212802114804
0.0640625,44.3212802114804
0.0641015625,49.3212802114804
0.064140625,50.3212802114804
0.0641796875,46.3212802114804
0.06421875,39.3212802114804
0.0642578125,35.3212802114804
0.064296875,31.3212802114804
0.0643359375,27.3212802114804
0.064375,21.3212802114804
0.0644140625,13.3212802114804
0.064453125,9.32128021148037
0.0644921875,7.32128021148037
0.06453125,6.32128021148037
0.0645703125,1.32128021148037
0.064609375,-3.67871978851963
0.0646484375,-10.6787197885196
0.0646875,-18.6787197885196
0.0647265625,-23.6787197885196
0.064765625,-26.6787197885196
0.0648046875,-32.6787197885196
0.06484375,-41.6787197885196
0.0648828125,-50.6787197885196
0.064921875,-53.6787197885196
0.0649609375,-53.6787197885196
0.065,-47.6787197885196
0.0650390625,-36.6787197885196
0.065078125,-26.6787197885196
0.0651171875,-20.6787197885196
0.06515625,-17.6787197885196
0.0651953125,-14.6787197885196
0.065234375,-11.6787197885196
0.0652734375,-4.67871978851963
0.0653125,3.32128021148037
0.0653515625,12.3212802114804
0.065390625,19.3212802114804
0.0654296875,23.3212802114804
0.06546875,27.3212802114804
0.0655078125,37.3212802114804
0.065546875,43.3212802114804
0.0655859375,47.3212802114804
0.065625,51.3212802114804
0.0656640625,51.3212802114804
0.065703125,49.3212802114804
0.0657421875,49.3212802114804
0.06578125,49.3212802114804
0.0658203125,42.3212802114804
0.065859375,32.3212802114804
0.0658984375,22.3212802114804
0.0659375,12.3212802114804
0.0659765625,5.32128021148037
0.066015625,1.32128021148037
0.0660546875,-0.678719788519629
0.06609375,-2.67871978851963
0.0661328125,-9.67871978851963
0.066171875,-18.6787197885196
0.0662109375,-25.6787197885196
0.06625,-29.6787197885196
0.0662890625,-29.6787197885196
0.066328125,-29.6787197885196
0.0663671875,-32.6787197885196
0.06640625,-34.6787197885196
0.0664453125,-35.6787197885196
0.066484375,-36.6787197885196
0.0665234375,-36.6787197885196
0.0665625,-32.6787197885196
0.0666015625,-26.6787197885196
0.066640625,-22.6787197885196
0.0666796875,-19.6787197885196
0.06671875,-20.6787197885196
0.0667578125,-20.6787197885196
0.066796875,-17.6787197885196
0.0668359375,-13.6787197885196
0.066875,-11.6787197885196
0.0669140625,-9.67871978851963
0.066953125,-7.67871978851963
0.0669921875,-5.67871978851963
0.06703125,-3.67871978851963
0.0670703125,0.321280211480371
0.067109375,2.32128021148037
0.0671484375,4.32128021148037
0.0671875,5.32128021148037
0.0672265625,8.32128021148037
0.067265625,13.3212802114804
0.0673046875,20.3212802114804
0.06734375,27.3212802114804
0.0673828125,34.3212802114804
0.067421875,36.3212802114804
0.0674609375,36.3212802114804
0.0675,37.3212802114804
0.0675390625,42.3212802114804
0.067578125,46.3212802114804
0.0676171875,42.3212802114804
0.06765625,34.3212802114804
0.0676953125,26.3212802114804
0.067734375,20.3212802114804
0.0677734375,16.3212802114804
0.0678125,12.3212802114804
0.0678515625,7.32128021148037
0.067890625,-0.678719788519629
0.0679296875,-7.67871978851963
0.06796875,-12.6787197885196
0.0680078125,-16.6787197885196
0.068046875,-20.6787197885196
0.0680859375,-24.6787197885196
0.068125,-29.6787197885196
0.0681640625,-34.6787197885196
0.068203125,-36.6787197885196
0.0682421875,-36.6787197885196
0.06828125,-34.6787197885196
0.0683203125,-30.6787197885196
0.068359375,-26.6787197885196
0.0683984375,-22.6787197885196
0.0684375,-20.6787197885196
0.0684765625,-20.6787197885196
0.068515625,-17.6787197885196
0.0685546875,-11.6787197885196
0.06859375,-6.67871978851963
0.0686328125,-2.67871978851963
0.068671875,2.32128021148037
0.0687109375,6.32128021148037
0.06875,9.32128021148037
0.0687890625,12.3212802114804
0.068828125,14.3212802114804
0.0688671875,14.3212802114804
0.06890625,15.3212802114804
0.0689453125,16.3212802114804
0.068984375,19.3212802114804
0.0690234375,21.3212802114804
0.0690625,20.3212802114804
0.0691015625,14.3212802114804
0.069140625,4.32128021148037
0.0691796875,-5.67871978851963
0.06921875,-13.6787197885196
0.0692578125,-16.6787197885196
0.069296875,-18.6787197885196
0.0693359375,-17.6787197885196
0.069375,-15.6787197885196
0.0694140625,-12.6787197885196
0.069453125,-8.67871978851963
0.0694921875,-1.67871978851963
0.06953125,7.32128021148037
0.0695703125,14.3212802114804
0.069609375,20.3212802114804
0.0696484375,21.3212802114804
0.0696875,18.3212802114804
0.0697265625,14.3212802114804
0.069765625,12.3212802114804
0.0698046875,11.3212802114804
0.06984375,12.3212802114804
0.0698828125,14.3212802114804
0.069921875,15.3212802114804
0.0699609375,19.3212802114804
0.07,22.3212802114804
0.0700390625,23.3212802114804
0.070078125,19.3212802114804
0.0701171875,14.3212802114804
0.07015625,7.32128021148037
0.0701953125,0.321280211480371
0.070234375,-7.67871978851963
0.0702734375,-17.6787197885196
0.0703125,-24.6787197885196
0.0703515625,-31.6787197885196
0.070390625,-36.6787197885196
0.0704296875,-37.6787197885196
0.07046875,-32.6787197885196
0.0705078125,-25.6787197885196
0.070546875,-16.6787197885196
0.0705859375,-10.6787197885196
0.070625,-2.67871978851963
0.0706640625,1.32128021148037
0.070703125,0.321280211480371
0.0707421875,-1.67871978851963
0.07078125,-2.67871978851963
0.0708203125,-2.67871978851963
0.070859375,-3.67871978851963
0.0708984375,-3.67871978851963
0.0709375,-3.67871978851963
0.0709765625,-2.67871978851963
0.071015625,-1.67871978851963
0.0710546875,1.32128021148037
0.07109375,3.32128021148037
0.0711328125,10.3212802114804
0.071171875,17.3212802114804
0.0712109375,25.3212802114804
0.07125,32.3212802114804
0.0712890625,38.3212802114804
0.071328125,41.3212802114804
0.0713671875,43.3212802114804
0.07140625,43.3212802114804
0.0714453125,42.3212802114804
0.071484375,41.3212802114804
0.0715234375,36.3212802114804
0.0715625,29.3212802114804
0.0716015625,19.3212802114804
0.071640625,7.32128021148037
0.0716796875,-6.67871978851963
0.07171875,-17.6787197885196
0.0717578125,-25.6787197885196
0.071796875,-31.6787197885196
0.0718359375,-36.6787197885196
0.071875,-40.6787197885196
0.0719140625,-41.6787197885196
0.071953125,-40.6787197885196
0.0719921875,-38.6787197885196
0.07203125,-35.6787197885196
0.0720703125,-33.6787197885196
0.072109375,-33.6787197885196
0.0721484375,-32.6787197885196
0.0721875,-31.6787197885196
0.0722265625,-28.6787197885196
0.072265625,-27.6787197885196
0.0723046875,-27.6787197885196
0.07234375,-28.6787197885196
0.0723828125,-28.6787197885196
0.072421875,-25.6787197885196
0.0724609375,-18.6787197885196
0.0725,-5.67871978851963
0.0725390625,8.32128021148037
0.072578125,19.3212802114804
0.0726171875,28.3212802114804
0.07265625,33.3212802114804
0.0726953125,36.3212802114804
0.072734375,35.3212802114804
0.0727734375,35.3212802114804
0.0728125,36.3212802114804
0.0728515625,33.3212802114804
0.072890625,29.3212802114804
0.0729296875,25.3212802114804
0.07296875,21.3212802114804
0.0730078125,18.3212802114804
0.073046875,15.3212802114804
0.0730859375,12.3212802114804
0.073125,10.3212802114804
0.0731640625,7.32128021148037
0.073203125,8.32128021148037
0.0732421875,10.3212802114804
0.07328125,12.3212802114804
0.0733203125,11.3212802114804
0.073359375,3.32128021148037
0.0733984375,-3.67871978851963
0.0734375,-11.6787197885196
0.0734765625,-20.6787197885196
0.073515625,-27.6787197885196
0.0735546875,-34.6787197885196
0.07359375,-38.6787197885196
0.0736328125,-41.6787197885196
0.073671875,-44.6787197885196
0.0737109375,-40.6787197885196
0.07375,-32.6787197885196
0.0737890625,-20.6787197885196
0.073828125,-5.67871978851963
0.0738671875,8.32128021148037
0.07390625,16.3212802114804
0.0739453125,19.3212802114804
0.073984375,20.3212802114804
0.0740234375,20.3212802114804
0.0740625,19.3212802114804
0.0741015625,19.3212802114804
0.074140625,18.3212802114804
0.0741796875,18.3212802114804
0.07421875,18.3212802114804
0.0742578125,20.3212802114804
0.074296875,21.3212802114804
0.0743359375,21.3212802114804
0.074375,19.3212802114804
0.0744140625,18.3212802114804
0.074453125,16.3212802114804
0.0744921875,11.3212802114804
0.07453125,4.32128021148037
0.0745703125,-3.67871978851963
0.074609375,-10.6787197885196
0.0746484375,-17.6787197885196
0.0746875,-23.6787197885196
0.0747265625,-22.6787197885196
0.074765625,-18.6787197885196
0.0748046875,-13.6787197885196
0.07484375,-9.67871978851963
0.0748828125,-4.67871978851963
0.074921875,-0.678719788519629
0.0749609375,-0.678719788519629
0.075,-1.67871978851963
0.0750390625,-1.67871978851963
0.075078125,0.321280211480371
0.0751171875,3.32128021148037
0.07515625,3.32128021148037
0.0751953125,1.32128021148037
0.075234375,1.32128021148037
0.0752734375,0.321280211480371
0.0753125,2.32128021148037
0.0753515625,7.32128021148037
0.075390625,12.3212802114804
0.0754296875,19.3212802114804
0.07546875,23.3212802114804
0.0755078125,24.3212802114804
0.075546875,23.3212802114804
0.0755859375,20.3212802114804
0.075625,14.3212802114804
0.0756640625,5.32128021148037
0.075703125,-2.67871978851963
0.0757421875,-10.6787197885196
0.07578125,-17.6787197885196
0.0758203125,-25.6787197885196
0.075859375,-32.6787197885196
0.0758984375,-37.6787197885196
0.0759375,-41.6787197885196
0.0759765625,-41.6787197885196
0.076015625,-37.6787197885196
0.0760546875,-32.6787197885196
0.07609375,-28.6787197885196
0.0761328125,-26.6787197885196
0.076171875,-23.6787197885196
0.0762109375,-17.6787197885196
0.07625,-10.6787197885196
0.0762890625,-3.67871978851963
0.076328125,0.321280211480371
0.0763671875,6.32128021148037
0.07640625,13.3212802114804
0.0764453125,22.3212802114804
0.076484375,32.3212802114804
0.0765234375,38.3212802114804
0.0765625,39.3212802114804
0.0766015625,35.3212802114804
0.076640625,32.3212802114804
0.0766796875,28.3212802114804
0.07671875,27.3212802114804
0.0767578125,23.3212802114804
0.076796875,22.3212802114804
0.0768359375,20.3212802114804
0.076875,17.3212802114804
0.0769140625,11.3212802114804
0.076953125,4.32128021148037
0.0769921875,-2.67871978851963
0.07703125,-7.67871978851963
0.0770703125,-13.6787197885196
0.077109375,-21.6787197885196
0.0771484375,-26.6787197885196
0.0771875,-28.6787197885196
0.0772265625,-28.6787197885196
0.077265625,-28.6787197885196
0.0773046875,-27.6787197885196
0.07734375,-21.6787197885196
0.0773828125,-12.6787197885196
0.077421875,-4.67871978851963
0.0774609375,-1.67871978851963
0.0775,-0.678719788519629
0.0775390625,-0.678719788519629
0.077578125,1.32128021148037
0.0776171875,0.321280211480371
0.07765625,2.32128021148037
0.0776953125,8.32128021148037
0.077734375,10.3212802114804
0.0777734375,12.3212802114804
0.0778125,15.3212802114804
0.0778515625,20.3212802114804
0.077890625,21.3212802114804
0.0779296875,23.3212802114804
0.07796875,23.3212802114804
0.0780078125,22.3212802114804
0.078046875,20.3212802114804
0.0780859375,18.3212802114804
0.078125,17.3212802114804
0.0781640625,15.3212802114804
0.078203125,12.3212802114804
0.0782421875,6.32128021148037
0.07828125,-0.678719788519629
0.0783203125,-6.67871978851963
0.078359375,-8.67871978851963
0.0783984375,-9.67871978851963
0.0784375,-12.6787197885196
0.0784765625,-12.6787197885196
0.078515625,-15.6787197885196
0.0785546875,-23.6787197885196
0.07859375,-31.6787197885196
0.0786328125,-31.6787197885196
0.078671875,-22.6787197885196
0.0787109375,-14.6787197885196
0.07875,-8.67871978851963
0.0787890625,-3.67871978851963
0.078828125,-0.678719788519629
0.0788671875,1.32128021148037
0.07890625,1.32128021148037
0.0789453125,0.321280211480371
0.078984375,-2.67871978851963
0.0790234375,-7.67871978851963
0.0790625,-10.6787197885196
0.0791015625,-9.67871978851963
0.079140625,-4.67871978851963
0.0791796875,2.32128021148037
0.07921875,5.32128021148037
0.0792578125,8.32128021148037
0.079296875,10.3212802114804
0.0793359375,13.3212802114804
0.079375,16.3212802114804
0.0794140625,17.3212802114804
0.079453125,15.3212802114804
0.0794921875,7.32128021148037
0.07953125,-0.678719788519629
0.0795703125,-9.67871978851963
0.079609375,-14.6787197885196
0.0796484375,-12.6787197885196
0.0796875,-10.6787197885196
0.0797265625,-6.67871978851963
0.079765625,-6.67871978851963
0.0798046875,-6.67871978851963
0.07984375,-6.67871978851963
0.0798828125,-4.67871978851963
0.079921875,-2.67871978851963
0.0799609375,-1.67871978851963
0.08,-4.67871978851963
0.0800390625,-6.67871978851963
0.080078125,-9.67871978851963
0.0801171875,-6.67871978851963
0.08015625,-5.67871978851963
0.0801953125,-4.67871978851963
0.080234375,-2.67871978851963
0.0802734375,0.321280211480371
0.0803125,7.32128021148037
0.0803515625,14.3212802114804
0.080390625,22.3212802114804
0.0804296875,25.3212802114804
0.08046875,27.3212802114804
0.0805078125,25.3212802114804
0.080546875,20.3212802114804
0.0805859375,15.3212802114804
0.080625,14.3212802114804
0.0806640625,16.3212802114804
0.080703125,17.3212802114804
0.0807421875,16.3212802114804
0.08078125,13.3212802114804
0.0808203125,7.32128021148037
0.080859375,-0.678719788519629
0.0808984375,-9.67871978851963
0.0809375,-14.6787197885196
0.0809765625,-15.6787197885196
0.081015625,-16.6787197885196
0.0810546875,-18.6787197885196
0.08109375,-18.6787197885196
0.0811328125,-17.6787197885196
0.081171875,-14.6787197885196
0.0812109375,-12.6787197885196
0.08125,-11.6787197885196
0.0812890625,-7.67871978851963
0.081328125,-5.67871978851963
0.0813671875,-4.67871978851963
0.08140625,-4.67871978851963
0.0814453125,-7.67871978851963
0.081484375,-8.67871978851963
0.0815234375,-7.67871978851963
0.0815625,-7.67871978851963
0.0816015625,-6.67871978851963
0.081640625,-8.67871978851963
0.0816796875,-9.67871978851963
0.08171875,-10.6787197885196
0.0817578125,-10.6787197885196
0.081796875,-8.67871978851963
0.0818359375,-7.67871978851963
0.081875,-5.67871978851963
0.0819140625,-1.67871978851963
0.081953125,3.32128021148037
0.0819921875,9.32128021148037
0.08203125,16.3212802114804
0.0820703125,26.3212802114804
0.082109375,30.3212802114804
0.0821484375,30.3212802114804
0.0821875,28.3212802114804
0.0822265625,25.3212802114804
0.082265625,23.3212802114804
0.0823046875,20.3212802114804
0.08234375,18.3212802114804
0.0823828125,15.3212802114804
0.082421875,13.3212802114804
0.0824609375,8.32128021148037
0.0825,4.32128021148037
0.0825390625,2.32128021148037
0.082578125,1.32128021148037
0.0826171875,2.32128021148037
0.08265625,-1.67871978851963
0.0826953125,-8.67871978851963
0.082734375,-13.6787197885196
0.0827734375,-21.6787197885196
0.0828125,-30.6787197885196
0.0828515625,-37.6787197885196
0.082890625,-41.6787197885196
0.0829296875,-45.6787197885196
0.08296875,-45.6787197885196
0.0830078125,-42.6787197885196
0.083046875,-34.6787197885196
0.0830859375,-25.6787197885196
0.083125,-16.6787197885196
0.0831640625,-5.67871978851963
0.083203125,7.32128021148037
0.0832421875,22.3212802114804
0.08328125,35.3212802114804
0.0833203125,44.3212802114804
0.083359375,46.3212802114804
0.0833984375,46.3212802114804
0.0834375,41.3212802114804
0.0834765625,34.3212802114804
0.083515625,30.3212802114804
0.0835546875,27.3212802114804
0.08359375,25.3212802114804
0.0836328125,20.3212802114804
0.083671875,15.3212802114804
0.0837109375,12.3212802114804
0.08375,5.32128021148037
0.0837890625,-4.67871978851963
0.083828125,-14.6787197885196
0.0838671875,-21.6787197885196
0.08390625,-25.6787197885196
0.0839453125,-29.6787197885196
0.083984375,-31.6787197885196
0.0840234375,-35.6787197885196
0.0840625,-39.6787197885196
0.0841015625,-41.6787197885196
0.084140625,-38.6787197885196
0.0841796875,-33.6787197885196
0.08421875,-26.6787197885196
0.0842578125,-18.6787197885196
0.084296875,-12.6787197885196
0.0843359375,-7.67871978851963
0.084375,-2.67871978851963
0.0844140625,1.32128021148037
0.084453125,5.32128021148037
0.0844921875,11.3212802114804
0.08453125,18.3212802114804
0.0845703125,26.3212802114804
0.084609375,31.3212802114804
0.0846484375,35.3212802114804
0.0846875,37.3212802114804
0.0847265625,37.3212802114804
0.084765625,38.3212802114804
0.0848046875,38.3212802114804
0.08484375,37.3212802114804
0.0848828125,33.3212802114804
0.084921875,27.3212802114804
0.0849609375,21.3212802114804
0.085,13.3212802114804
0.0850390625,6.32128021148037
0.085078125,-1.67871978851963
0.0851171875,-11.6787197885196
0.08515625,-16.6787197885196
0.0851953125,-17.6787197885196
0.085234375,-20.6787197885196
0.0852734375,-22.6787197885196
0.0853125,-24.6787197885196
0.0853515625,-26.6787197885196
0.085390625,-27.6787197885196
0.0854296875,-25.6787197885196
0.08546875,-22.6787197885196
0.0855078125,-18.6787197885196
0.085546875,-16.6787197885196
0.0855859375,-15.6787197885196
0.085625,-12.6787197885196
0.0856640625,-9.67871978851963
0.085703125,-6.67871978851963
0.0857421875,-5.67871978851963
0.08578125,-3.67871978851963
0.0858203125,-2.67871978851963
0.085859375,-1.67871978851963
0.0858984375,-2.67871978851963
0.0859375,-1.67871978851963
0.0859765625,-1.67871978851963
0.086015625,-0.678719788519629
0.0860546875,-1.67871978851963
0.08609375,2.32128021148037
0.0861328125,4.32128021148037
0.086171875,8.32128021148037
0.0862109375,12.3212802114804
0.08625,13.3212802114804
0.0862890625,13.3212802114804
0.086328125,10.3212802114804
0.0863671875,4.32128021148037
0.08640625,-0.678719788519629
0.0864453125,-6.67871978851963
0.086484375,-9.67871978851963
0.0865234375,-10.6787197885196
0.0865625,-10.6787197885196
0.0866015625,-6.67871978851963
0.086640625,-2.67871978851963
0.0866796875,0.321280211480371
0.08671875,2.32128021148037
0.0867578125,6.32128021148037
0.086796875,8.32128021148037
0.0868359375,10.3212802114804
0.086875,15.3212802114804
0.0869140625,19.3212802114804
0.086953125,19.3212802114804
0.0869921875,16.3212802114804
0.08703125,11.3212802114804
0.0870703125,7.32128021148037
0.087109375,7.32128021148037
0.0871484375,6.32128021148037
0.0871875,4.32128021148037
0.0872265625,1.32128021148037
0.087265625,1.32128021148037
0.0873046875,1.32128021148037
0.08734375,0.321280211480371
0.0873828125,-2.67871978851963
0.087421875,-4.67871978851963
0.0874609375,-4.67871978851963
0.0875,-6.67871978851963
0.0875390625,-5.67871978851963
0.087578125,-7.67871978851963
0.0876171875,-10.6787197885196
0.08765625,-14.6787197885196
0.0876953125,-17.6787197885196
0.087734375,-16.6787197885196
0.0877734375,-10.6787197885196
0.0878125,-5.67871978851963
0.0878515625,-4.67871978851963
0.087890625,-3.67871978851963
0.0879296875,0.321280211480371
0.08796875,2.32128021148037
0.0880078125,4.32128021148037
0.088046875,7.32128021148037
0.0880859375,11.3212802114804
0.088125,12.3212802114804
0.0881640625,10.3212802114804
0.088203125,7.32128021148037
0.0882421875,5.32128021148037
0.08828125,2.32128021148037
0.0883203125,0.321280211480371
0.088359375,-1.67871978851963
0.0883984375,-1.67871978851963
0.0884375,-0.678719788519629
0.0884765625,7.32128021148037
0.088515625,12.3212802114804
0.0885546875,16.3212802114804
0.08859375,18.3212802114804
0.0886328125,17.3212802114804
0.088671875,15.3212802114804
0.0887109375,12.3212802114804
0.08875,10.3212802114804
0.0887890625,5.32128021148037
0.088828125,-1.67871978851963
0.0888671875,-9.67871978851963
0.08890625,-14.6787197885196
0.0889453125,-16.6787197885196
0.088984375,-13.6787197885196
0.0890234375,-9.67871978851963
0.0890625,-6.67871978851963
0.0891015625,-2.67871978851963
0.089140625,-0.678719788519629
0.0891796875,-1.67871978851963
0.08921875,-5.67871978851963
0.0892578125,-13.6787197885196
0.089296875,-19.6787197885196
0.0893359375,-25.6787197885196
0.089375,-27.6787197885196
0.0894140625,-25.6787197885196
0.089453125,-22.6787197885196
0.0894921875,-19.6787197885196
0.08953125,-16.6787197885196
0.0895703125,-13.6787197885196
0.089609375,-10.6787197885196
0.0896484375,-8.67871978851963
0.0896875,-5.67871978851963
0.0897265625,-1.67871978851963
0.089765625,3.32128021148037
0.0898046875,7.32128021148037
0.08984375,10.3212802114804
0.0898828125,14.3212802114804
0.089921875,19.3212802114804
0.0899609375,24.3212802114804
0.09,25.3212802114804
0.0900390625,24.3212802114804
0.090078125,23.3212802114804
0.0901171875,22.3212802114804
0.09015625,20.3212802114804
0.0901953125,15.3212802114804
0.090234375,10.3212802114804
0.0902734375,3.32128021148037
0.0903125,-1.67871978851963
0.0903515625,-3.67871978851963
0.090390625,-2.67871978851963
0.0904296875,0.321280211480371
0.09046875,3.32128021148037
0.0905078125,5.32128021148037
0.090546875,3.32128021148037
0.0905859375,-0.678719788519629
0.090625,-4.67871978851963
0.0906640625,-9.67871978851963
0.090703125,-12.6787197885196
0.0907421875,-15.6787197885196
0.09078125,-18.6787197885196
0.0908203125,-19.6787197885196
0.090859375,-16.6787197885196
0.0908984375,-14.6787197885196
0.0909375,-10.6787197885196
0.0909765625,-7.67871978851963
0.091015625,1.32128021148037
0.0910546875,10.3212802114804
0.09109375,21.3212802114804
0.0911328125,27.3212802114804
0.091171875,30.3212802114804
0.0912109375,27.3212802114804
0.09125,21.3212802114804
0.0912890625,15.3212802114804
0.091328125,9.32128021148037
0.0913671875,2.32128021148037
0.09140625,-2.67871978851963
0.0914453125,-6.67871978851963
0.091484375,-4.67871978851963
0.0915234375,-2.67871978851963
0.0915625,0.321280211480371
0.0916015625,-0.678719788519629
0.091640625,0.321280211480371
0.0916796875,-3.67871978851963
0.09171875,-8.67871978851963
0.0917578125,-14.6787197885196
0.091796875,-20.6787197885196
0.0918359375,-24.6787197885196
0.091875,-25.6787197885196
0.0919140625,-28.6787197885196
0.091953125,-28.6787197885196
0.0919921875,-23.6787197885196
0.09203125,-15.6787197885196
0.0920703125,-5.67871978851963
0.092109375,3.32128021148037
0.0921484375,11.3212802114804
0.0921875,15.3212802114804
0.0922265625,13.3212802114804
0.092265625,10.3212802114804
0.0923046875,7.32128021148037
0.09234375,8.32128021148037
0.0923828125,8.32128021148037
0.092421875,8.32128021148037
0.0924609375,9.32128021148037
0.0925,6.32128021148037
0.0925390625,5.32128021148037
0.092578125,4.32128021148037
0.0926171875,4.32128021148037
0.09265625,3.32128021148037
0.0926953125,3.32128021148037
0.092734375,1.32128021148037
0.0927734375,-0.678719788519629
0.0928125,-0.678719788519629
0.0928515625,-0.678719788519629
0.092890625,-2.67871978851963
0.0929296875,-5.67871978851963
0.09296875,-5.67871978851963
0.0930078125,-3.67871978851963
0.093046875,-1.67871978851963
0.0930859375,-2.67871978851963
0.093125,-3.67871978851963
0.0931640625,-2.67871978851963
0.093203125,-2.67871978851963
0.0932421875,-4.67871978851963
0.09328125,-7.67871978851963
0.0933203125,-7.67871978851963
0.093359375,-4.67871978851963
0.0933984375,-0.678719788519629
0.0934375,-0.678719788519629
0.0934765625,-1.67871978851963
0.093515625,-2.67871978851963
0.0935546875,-6.67871978851963
0.09359375,-11.6787197885196
0.0936328125,-10.6787197885196
0.093671875,-8.67871978851963
0.0937109375,-6.67871978851963
0.09375,-3.67871978851963
0.0937890625,1.32128021148037
0.093828125,7.32128021148037
0.0938671875,10.3212802114804
0.09390625,12.3212802114804
0.0939453125,14.3212802114804
0.093984375,19.3212802114804
0.0940234375,21.3212802114804
0.0940625,23.3212802114804
0.0941015625,23.3212802114804
0.094140625,22.3212802114804
0.0941796875,20.3212802114804
0.09421875,18.3212802114804
0.0942578125,13.3212802114804
0.094296875,14.3212802114804
0.0943359375,16.3212802114804
0.094375,15.3212802114804
0.0944140625,12.3212802114804
0.094453125,8.32128021148037
0.0944921875,1.32128021148037
0.09453125,-8.67871978851963
0.0945703125,-16.6787197885196
0.094609375,-20.6787197885196
0.0946484375,-23.6787197885196
0.0946875,-24.6787197885196
0.0947265625,-25.6787197885196
0.094765625,-22.6787197885196
0.0948046875,-15.6787197885196
0.09484375,-10.6787197885196
0.0948828125,-4.67871978851963
0.094921875,-4.67871978851963
0.0949609375,-3.67871978851963
0.095,-5.67871978851963
0.0950390625,-6.67871978851963
0.095078125,-8.67871978851963
0.0951171875,-9.67871978851963
0.09515625,-13.6787197885196
0.0951953125,-16.6787197885196
0.095234375,-17.6787197885196
0.0952734375,-11.6787197885196
0.0953125,-1.67871978851963
0.0953515625,9.32128021148037
0.095390625,17.3212802114804
0.0954296875,24.3212802114804
0.09546875,25.3212802114804
0.0955078125,22.3212802114804
0.095546875,19.3212802114804
0.0955859375,12.3212802114804
0.095625,3.32128021148037
0.0956640625,-6.67871978851963
0.095703125,-16.6787197885196
0.0957421875,-24.6787197885196
0.09578125,-27.6787197885196
0.0958203125,-27.6787197885196
0.095859375,-23.6787197885196
0.0958984375,-16.6787197885196
0.0959375,-5.67871978851963
0.0959765625,3.32128021148037
0.096015625,14.3212802114804
0.0960546875,21.3212802114804
0.09609375,28.3212802114804
0.0961328125,27.3212802114804
0.096171875,24.3212802114804
0.0962109375,20.3212802114804
0.09625,20.3212802114804
0.0962890625,20.3212802114804
0.096328125,21.3212802114804
0.0963671875,16.3212802114804
0.09640625,11.3212802114804
0.0964453125,3.32128021148037
0.096484375,-0.678719788519629
0.0965234375,-3.67871978851963
0.0965625,-4.67871978851963
0.0966015625,-7.67871978851963
0.096640625,-12.6787197885196
0.0966796875,-18.6787197885196
0.09671875,-24.6787197885196
0.0967578125,-30.6787197885196
0.096796875,-31.6787197885196
0.0968359375,-30.6787197885196
0.096875,-29.6787197885196
0.0969140625,-28.6787197885196
0.096953125,-25.6787197885196
0.0969921875,-18.6787197885196
0.09703125,-11.6787197885196
0.0970703125,-2.67871978851963
0.097109375,4.32128021148037
0.0971484375,8.32128021148037
0.0971875,8.32128021148037
0.0972265625,10.3212802114804
0.097265625,13.3212802114804
0.0973046875,16.3212802114804
0.09734375,15.3212802114804
0.0973828125,12.3212802114804
0.097421875,8.32128021148037
0.0974609375,3.32128021148037
0.0975,5.32128021148037
0.0975390625,8.32128021148037
0.097578125,15.3212802114804
0.0976171875,19.3212802114804
0.09765625,20.3212802114804
0.0976953125,18.3212802114804
0.097734375,16.3212802114804
0.0977734375,14.3212802114804
0.0978125,16.3212802114804
0.0978515625,20.3212802114804
0.097890625,22.3212802114804
0.0979296875,20.3212802114804
0.09796875,18.3212802114804
0.0980078125,18.3212802114804
0.098046875,19.3212802114804
0.0980859375,17.3212802114804
0.098125,9.32128021148037
0.0981640625,2.32128021148037
0.098203125,-1.67871978851963
0.0982421875,-5.67871978851963
0.09828125,-11.6787197885196
0.0983203125,-18.6787197885196
0.098359375,-25.6787197885196
0.0983984375,-31.6787197885196
0.0984375,-35.6787197885196
0.0984765625,-38.6787197885196
0.098515625,-37.6787197885196
0.0985546875,-33.6787197885196
0.09859375,-29.6787197885196
0.0986328125,-28.6787197885196
0.098671875,-27.6787197885196
0.0987109375,-26.6787197885196
0.09875,-25.6787197885196
0.0987890625,-25.6787197885196
0.098828125,-24.6787197885196
0.0988671875,-22.6787197885196
0.09890625,-16.6787197885196
0.0989453125,-9.67871978851963
0.098984375,0.321280211480371
0.0990234375,10.3212802114804
0.0990625,19.3212802114804
0.0991015625,23.3212802114804
0.099140625,26.3212802114804
0.0991796875,31.3212802114804
0.09921875,35.3212802114804
0.0992578125,33.3212802114804
0.099296875,30.3212802114804
0.0993359375,26.3212802114804
0.099375,20.3212802114804
0.0994140625,13.3212802114804
0.099453125,9.32128021148037
0.0994921875,10.3212802114804
0.09953125,13.3212802114804
0.0995703125,16.3212802114804
0.099609375,18.3212802114804
0.0996484375,19.3212802114804
0.0996875,18.3212802114804
0.0997265625,18.3212802114804
0.099765625,18.3212802114804
0.0998046875,13.3212802114804
0.09984375,7.32128021148037
0.0998828125,-1.67871978851963
0.099921875,-8.67871978851963
0.0999609375,-16.6787197885196
0.1,-21.6787197885196
0.1000390625,-23.6787197885196
0.100078125,-21.6787197885196
0.1001171875,-19.6787197885196
0.10015625,-13.6787197885196
0.1001953125,-6.67871978851963
0.100234375,1.32128021148037
0.1002734375,8.32128021148037
0.1003125,12.3212802114804
0.1003515625,10.3212802114804
0.100390625,7.32128021148037
0.1004296875,3.32128021148037
0.10046875,-3.67871978851963
0.1005078125,-8.67871978851963
0.100546875,-11.6787197885196
0.1005859375,-17.6787197885196
0.100625,-24.6787197885196
0.1006640625,-29.6787197885196
0.100703125,-31.6787197885196
0.1007421875,-30.6787197885196
0.10078125,-27.6787197885196
0.1008203125,-23.6787197885196
0.100859375,-17.6787197885196
0.1008984375,-13.6787197885196
0.1009375,-12.6787197885196
0.1009765625,-12.6787197885196
0.101015625,-8.67871978851963
0.1010546875,-4.67871978851963
0.10109375,-1.67871978851963
0.1011328125,4.32128021148037
0.101171875,7.32128021148037
0.1012109375,10.3212802114804
0.10125,17.3212802114804
0.1012890625,22.3212802114804
0.101328125,29.3212802114804
0.1013671875,33.3212802114804
0.10140625,39.3212802114804
0.1014453125,41.3212802114804
0.101484375,44.3212802114804
0.1015234375,42.3212802114804
0.1015625,37.3212802114804
0.1016015625,30.3212802114804
0.101640625,20.3212802114804
0.1016796875,9.32128021148037
0.10171875,-2.67871978851963
0.1017578125,-7.67871978851963
0.101796875,-9.67871978851963
0.1018359375,-10.6787197885196
0.101875,-12.6787197885196
0.1019140625,-15.6787197885196
0.101953125,-14.6787197885196
0.1019921875,-13.6787197885196
0.10203125,-11.6787197885196
0.1020703125,-7.67871978851963
0.102109375,-4.67871978851963
0.1021484375,-4.67871978851963
0.1021875,-5.67871978851963
0.1022265625,-6.67871978851963
0.102265625,-7.67871978851963
0.1023046875,-13.6787197885196
0.10234375,-19.6787197885196
0.1023828125,-25.6787197885196
0.102421875,-26.6787197885196
0.1024609375,-24.6787197885196
0.1025,-21.6787197885196
0.1025390625,-15.6787197885196
0.102578125,-12.6787197885196
0.1026171875,-10.6787197885196
0.10265625,-8.67871978851963
0.1026953125,-4.67871978851963
0.102734375,0.321280211480371
0.1027734375,7.32128021148037
0.1028125,13.3212802114804
0.1028515625,14.3212802114804
0.102890625,13.3212802114804
0.1029296875,10.3212802114804
0.10296875,5.32128021148037
0.1030078125,0.321280211480371
0.103046875,-2.67871978851963
0.1030859375,-2.67871978851963
0.103125,-2.67871978851963
0.1031640625,-2.67871978851963
0.103203125,-0.678719788519629
0.1032421875,3.32128021148037
0.10328125,7.32128021148037
0.1033203125,15.3212802114804
0.103359375,21.3212802114804
0.1033984375,26.3212802114804
0.1034375,30.3212802114804
0.1034765625,32.3212802114804
0.103515625,33.3212802114804
0.1035546875,32.3212802114804
0.10359375,29.3212802114804
0.1036328125,24.3212802114804
0.103671875,16.3212802114804
0.1037109375,11.3212802114804
0.10375,4.32128021148037
0.1037890625,-0.678719788519629
0.103828125,-3.67871978851963
0.1038671875,-6.67871978851963
0.10390625,-10.6787197885196
0.1039453125,-18.6787197885196
0.103984375,-23.6787197885196
0.1040234375,-25.6787197885196
0.1040625,-27.6787197885196
0.1041015625,-28.6787197885196
0.104140625,-31.6787197885196
0.1041796875,-34.6787197885196
0.10421875,-39.6787197885196
0.1042578125,-42.6787197885196
0.104296875,-42.6787197885196
0.1043359375,-42.6787197885196
0.104375,-39.6787197885196
0.1044140625,-32.6787197885196
0.104453125,-24.6787197885196
0.1044921875,-13.6787197885196
0.10453125,-3.67871978851963
0.1045703125,7.32128021148037
0.104609375,16.3212802114804
0.1046484375,22.3212802114804
0.1046875,27.3212802114804
0.1047265625,32.3212802114804
0.104765625,37.3212802114804
0.1048046875,40.3212802114804
0.10484375,37.3212802114804
0.1048828125,32.3212802114804
0.104921875,27.3212802114804
0.1049609375,24.3212802114804
0.105,23.3212802114804
0.1050390625,24.3212802114804
0.105078125,22.3212802114804
0.1051171875,18.3212802114804
0.10515625,12.3212802114804
0.1051953125,10.3212802114804
0.105234375,8.32128021148037
0.1052734375,5.32128021148037
0.1053125,0.321280211480371
0.1053515625,-4.67871978851963
0.105390625,-8.67871978851963
0.1054296875,-10.6787197885196
0.10546875,-8.67871978851963
0.1055078125,-4.67871978851963
0.105546875,0.321280211480371
0.1055859375,-0.678719788519629
0.105625,-2.67871978851963
0.1056640625,-6.67871978851963
0.105703125,-7.67871978851963
0.1057421875,-4.67871978851963
0.10578125,-0.678719788519629
0.1058203125,1.32128021148037
0.105859375,-0.678719788519629
0.1058984375,-2.67871978851963
0.1059375,-7.67871978851963
0.1059765625,-10.6787197885196
0.106015625,-10.6787197885196
0.1060546875,-8.67871978851963
0.10609375,-6.67871978851963
0.1061328125,-5.67871978851963
0.106171875,-5.67871978851963
0.1062109375,-6.67871978851963
0.10625,-7.67871978851963
0.1062890625,-5.67871978851963
0.106328125,-3.67871978851963
0.1063671875,-3.67871978851963
0.10640625,-4.67871978851963
0.1064453125,-5.67871978851963
0.106484375,-9.67871978851963
0.1065234375,-12.6787197885196
0.1065625,-14.6787197885196
0.1066015625,-17.6787197885196
0.106640625,-18.6787197885196
0.1066796875,-15.6787197885196
0.10671875,-11.6787197885196
0.1067578125,-5.67871978851963
0.106796875,1.32128021148037
0.1068359375,9.32128021148037
0.106875,17.3212802114804
0.1069140625,23.3212802114804
0.106953125,26.3212802114804
0.1069921875,30.3212802114804
0.10703125,30.3212802114804
0.1070703125,27.3212802114804
0.107109375,20.3212802114804
0.1071484375,11.3212802114804
0.1071875,4.32128021148037
0.1072265625,-2.67871978851963
0.107265625,-7.67871978851963
0.1073046875,-10.6787197885196
0.10734375,-13.6787197885196
0.1073828125,-19.6787197885196
0.107421875,-24.6787197885196
0.1074609375,-24.6787197885196
0.1075,-22.6787197885196
0.1075390625,-20.6787197885196
0.107578125,-20.6787197885196
0.1076171875,-19.6787197885196
0.10765625,-17.6787197885196
0.1076953125,-16.6787197885196
0.107734375,-14.6787197885196
0.1077734375,-9.67871978851963
0.1078125,-2.67871978851963
0.1078515625,2.32128021148037
0.107890625,3.32128021148037
0.1079296875,3.32128021148037
0.10796875,6.32128021148037
0.1080078125,10.3212802114804
0.108046875,14.3212802114804
0.1080859375,15.3212802114804
0.108125,15.3212802114804
0.1081640625,14.3212802114804
0.108203125,16.3212802114804
0.1082421875,21.3212802114804
0.10828125,28.3212802114804
0.1083203125,34.3212802114804
0.108359375,37.3212802114804
0.1083984375,37.3212802114804
0.1084375,39.3212802114804
0.1084765625,37.3212802114804
0.108515625,36.3212802114804
0.1085546875,32.3212802114804
0.10859375,26.3212802114804
0.1086328125,20.3212802114804
0.108671875,11.3212802114804
0.1087109375,5.32128021148037
0.10875,1.32128021148037
0.1087890625,-2.67871978851963
0.108828125,-6.67871978851963
0.1088671875,-12.6787197885196
0.10890625,-19.6787197885196
0.1089453125,-22.6787197885196
0.108984375,-24.6787197885196
0.1090234375,-25.6787197885196
0.1090625,-27.6787197885196
0.1091015625,-29.6787197885196
0.109140625,-33.6787197885196
0.1091796875,-39.6787197885196
0.10921875,-41.6787197885196
0.1092578125,-40.6787197885196
0.109296875,-33.6787197885196
0.1093359375,-27.6787197885196
0.109375,-24.6787197885196
0.1094140625,-18.6787197885196
0.109453125,-10.6787197885196
0.1094921875,-4.67871978851963
0.10953125,-3.67871978851963
0.1095703125,0.321280211480371
0.109609375,7.32128021148037
0.1096484375,11.3212802114804
0.1096875,12.3212802114804
0.1097265625,13.3212802114804
0.109765625,12.3212802114804
0.1098046875,12.3212802114804
0.10984375,12.3212802114804
0.1098828125,12.3212802114804
0.109921875,13.3212802114804
0.1099609375,15.3212802114804
0.11,19.3212802114804
0.1100390625,21.3212802114804
0.110078125,20.3212802114804
0.1101171875,17.3212802114804
0.11015625,12.3212802114804
0.1101953125,8.32128021148037
0.110234375,4.32128021148037
0.1102734375,1.32128021148037
0.1103125,-4.67871978851963
0.1103515625,-13.6787197885196
0.110390625,-21.6787197885196
0.1104296875,-27.6787197885196
0.11046875,-29.6787197885196
0.1105078125,-28.6787197885196
0.110546875,-22.6787197885196
0.1105859375,-14.6787197885196
0.110625,-6.67871978851963
0.1106640625,0.321280211480371
0.110703125,4.32128021148037
0.1107421875,12.3212802114804
0.11078125,19.3212802114804
0.1108203125,23.3212802114804
0.110859375,25.3212802114804
0.1108984375,23.3212802114804
0.1109375,20.3212802114804
0.1109765625,18.3212802114804
0.111015625,16.3212802114804
0.1110546875,14.3212802114804
0.11109375,10.3212802114804
0.1111328125,2.32128021148037
0.111171875,-7.67871978851963
0.1112109375,-13.6787197885196
0.11125,-18.6787197885196
0.1112890625,-19.6787197885196
0.111328125,-21.6787197885196
0.1113671875,-23.6787197885196
0.11140625,-27.6787197885196
0.1114453125,-31.6787197885196
0.111484375,-31.6787197885196
0.1115234375,-28.6787197885196
0.1115625,-23.6787197885196
0.1116015625,-21.6787197885196
0.111640625,-20.6787197885196
0.1116796875,-17.6787197885196
0.11171875,-10.6787197885196
0.1117578125,-0.678719788519629
0.111796875,7.32128021148037
0.1118359375,16.3212802114804
0.111875,27.3212802114804
0.1119140625,36.3212802114804
0.111953125,44.3212802114804
0.1119921875,53.3212802114804
0.11203125,61.3212802114804
0.1120703125,63.3212802114804
0.112109375,58.3212802114804
0.1121484375,50.3212802114804
0.1121875,41.3212802114804
0.1122265625,33.3212802114804
0.112265625,27.3212802114804
0.1123046875,21.3212802114804
0.11234375,10.3212802114804
0.1123828125,-1.67871978851963
0.112421875,-14.6787197885196
0.1124609375,-23.6787197885196
0.1125,-24.6787197885196
0.1125390625,-21.6787197885196
0.112578125,-18.6787197885196
0.1126171875,-15.6787197885196
0.11265625,-15.6787197885196
0.1126953125,-16.6787197885196
0.112734375,-18.6787197885196
0.1127734375,-20.6787197885196
0.1128125,-21.6787197885196
0.1128515625,-22.6787197885196
0.112890625,-27.6787197885196
0.1129296875,-35.6787197885196
0.11296875,-42.6787197885196
0.1130078125,-44.6787197885196
0.113046875,-41.6787197885196
0.1130859375,-41.6787197885196
0.113125,-38.6787197885196
0.1131640625,-32.6787197885196
0.113203125,-23.6787197885196
0.1132421875,-12.6787197885196
0.11328125,-3.67871978851963
0.1133203125,3.32128021148037
0.113359375,6.32128021148037
0.1133984375,5.32128021148037
0.1134375,7.32128021148037
0.1134765625,11.3212802114804
0.113515625,15.3212802114804
0.1135546875,18.3212802114804
0.11359375,20.3212802114804
0.1136328125,23.3212802114804
0.113671875,25.3212802114804
0.1137109375,28.3212802114804
0.11375,30.3212802114804
0.1137890625,33.3212802114804
0.113828125,36.3212802114804
0.1138671875,35.3212802114804
0.11390625,33.3212802114804
0.1139453125,26.3212802114804
0.113984375,20.3212802114804
0.1140234375,12.3212802114804
0.1140625,3.32128021148037
0.1141015625,-2.67871978851963
0.114140625,-5.67871978851963
0.1141796875,-6.67871978851963
0.11421875,-6.67871978851963
0.1142578125,-4.67871978851963
0.114296875,-4.67871978851963
0.1143359375,-4.67871978851963
0.114375,-7.67871978851963
0.1144140625,-14.6787197885196
0.114453125,-21.6787197885196
0.1144921875,-24.6787197885196
0.11453125,-26.6787197885196
0.1145703125,-28.6787197885196
0.114609375,-26.6787197885196
0.1146484375,-23.6787197885196
0.1146875,-20.6787197885196
0.1147265625,-17.6787197885196
0.114765625,-11.6787197885196
0.1148046875,1.32128021148037
0.11484375,12.3212802114804
0.1148828125,21.3212802114804
0.114921875,27.3212802114804
0.1149609375,28.3212802114804
0.115,30.3212802114804
0.1150390625,29.3212802114804
0.115078125,28.3212802114804
0.1151171875,29.3212802114804
0.11515625,29.3212802114804
0.1151953125,30.3212802114804
0.115234375,30.3212802114804
0.1152734375,28.3212802114804
0.1153125,25.3212802114804
0.1153515625,19.3212802114804
0.115390625,9.32128021148037
0.1154296875,-0.678719788519629
0.11546875,-11.6787197885196
0.1155078125,-18.6787197885196
0.115546875,-22.6787197885196
0.1155859375,-24.6787197885196
0.115625,-25.6787197885196
0.1156640625,-26.6787197885196
0.115703125,-26.6787197885196
0.1157421875,-28.6787197885196
0.11578125,-28.6787197885196
0.1158203125,-28.6787197885196
0.115859375,-26.6787197885196
0.1158984375,-27.6787197885196
0.1159375,-29.6787197885196
0.1159765625,-31.6787197885196
0.116015625,-32.6787197885196
0.1160546875,-32.6787197885196
0.11609375,-27.6787197885196
0.1161328125,-17.6787197885196
0.116171875,-5.67871978851963
0.1162109375,4.32128021148037
0.11625,14.3212802114804
0.1162890625,19.3212802114804
0.116328125,21.3212802114804
0.1163671875,19.3212802114804
0.11640625,16.3212802114804
0.1164453125,11.3212802114804
0.116484375,5.32128021148037
0.1165234375,3.32128021148037
0.1165625,0.321280211480371
0.1166015625,-1.67871978851963
0.116640625,-5.67871978851963
0.1166796875,-6.67871978851963
0.11671875,-4.67871978851963
0.1167578125,2.32128021148037
0.116796875,12.3212802114804
0.1168359375,20.3212802114804
0.116875,23.3212802114804
0.1169140625,24.3212802114804
0.116953125,24.3212802114804
0.1169921875,20.3212802114804
0.11703125,17.3212802114804
0.1170703125,13.3212802114804
0.117109375,6.32128021148037
0.1171484375,-1.67871978851963
0.1171875,-7.67871978851963
0.1172265625,-10.6787197885196
0.117265625,-10.6787197885196
0.1173046875,-5.67871978851963
0.11734375,-1.67871978851963
0.1173828125,1.32128021148037
0.117421875,5.32128021148037
0.1174609375,9.32128021148037
0.1175,14.3212802114804
0.1175390625,17.3212802114804
0.117578125,17.3212802114804
0.1176171875,15.3212802114804
0.11765625,6.32128021148037
0.1176953125,-0.678719788519629
0.117734375,-2.67871978851963
0.1177734375,-3.67871978851963
0.1178125,-2.67871978851963
0.1178515625,-2.67871978851963
0.117890625,-1.67871978851963
0.1179296875,0.321280211480371
0.11796875,1.32128021148037
0.1180078125,6.32128021148037
0.118046875,10.3212802114804
0.1180859375,14.3212802114804
0.118125,15.3212802114804
0.1181640625,11.3212802114804
0.118203125,4.32128021148037
0.1182421875,-3.67871978851963
0.11828125,-8.67871978851963
0.1183203125,-15.6787197885196
0.118359375,-20.6787197885196
0.1183984375,-21.6787197885196
0.1184375,-18.6787197885196
0.1184765625,-12.6787197885196
0.118515625,-4.67871978851963
0.1185546875,4.32128021148037
0.11859375,11.3212802114804
0.1186328125,15.3212802114804
0.118671875,16.3212802114804
0.1187109375,16.3212802114804
0.11875,11.3212802114804
0.1187890625,4.32128021148037
0.118828125,-3.67871978851963
0.1188671875,-12.6787197885196
0.11890625,-21.6787197885196
0.1189453125,-31.6787197885196
0.118984375,-37.6787197885196
0.1190234375,-38.6787197885196
0.1190625,-31.6787197885196
0.1191015625,-23.6787197885196
0.119140625,-17.6787197885196
0.1191796875,-14.6787197885196
0.11921875,-13.6787197885196
0.1192578125,-10.6787197885196
0.119296875,-5.67871978851963
0.1193359375,-2.67871978851963
0.119375,-2.67871978851963
0.1194140625,0.321280211480371
0.119453125,4.32128021148037
0.1194921875,5.32128021148037
0.11953125,4.32128021148037
0.1195703125,3.32128021148037
0.119609375,3.32128021148037
0.1196484375,6.32128021148037
0.1196875,11.3212802114804
0.1197265625,13.3212802114804
0.119765625,14.3212802114804
0.1198046875,12.3212802114804
0.11984375,11.3212802114804
0.1198828125,15.3212802114804
0.119921875,17.3212802114804
0.1199609375,18.3212802114804
0.12,20.3212802114804
0.1200390625,21.3212802114804
0.120078125,19.3212802114804
0.1201171875,17.3212802114804
0.12015625,17.3212802114804
0.1201953125,12.3212802114804
0.120234375,5.32128021148037
0.1202734375,-6.67871978851963
0.1203125,-19.6787197885196
0.1203515625,-26.6787197885196
0.120390625,-29.6787197885196
0.1204296875,-28.6787197885196
0.12046875,-25.6787197885196
0.1205078125,-21.6787197885196
0.120546875,-16.6787197885196
0.1205859375,-7.67871978851963
0.120625,2.32128021148037
0.1206640625,11.3212802114804
0.120703125,18.3212802114804
0.1207421875,24.3212802114804
0.12078125,24.3212802114804
0.1208203125,20.3212802114804
0.120859375,13.3212802114804
0.1208984375,6.32128021148037
0.1209375,-0.678719788519629
0.1209765625,-5.67871978851963
0.121015625,-6.67871978851963
0.1210546875,-5.67871978851963
0.12109375,-2.67871978851963
0.1211328125,2.32128021148037
0.121171875,6.32128021148037
0.1212109375,8.32128021148037
0.12125,10.3212802114804
0.1212890625,12.3212802114804
0.121328125,18.3212802114804
0.1213671875,20.3212802114804
0.12140625,21.3212802114804
0.1214453125,18.3212802114804
0.121484375,14.3212802114804
0.1215234375,10.3212802114804
0.1215625,6.32128021148037
0.1216015625,1.32128021148037
0.121640625,-0.678719788519629
0.1216796875,-0.678719788519629
0.12171875,-1.67871978851963
0.1217578125,-1.67871978851963
0.121796875,-7.67871978851963
0.1218359375,-12.6787197885196
0.121875,-16.6787197885196
0.1219140625,-18.6787197885196
0.121953125,-19.6787197885196
0.1219921875,-18.6787197885196
0.12203125,-16.6787197885196
0.1220703125,-16.6787197885196
0.122109375,-13.6787197885196
0.1221484375,-11.6787197885196
0.1221875,-12.6787197885196
0.1222265625,-15.6787197885196
0.122265625,-17.6787197885196
0.1223046875,-18.6787197885196
0.12234375,-17.6787197885196
0.1223828125,-14.6787197885196
0.122421875,-11.6787197885196
0.1224609375,-10.6787197885196
0.1225,-9.67871978851963
0.1225390625,-7.67871978851963
0.122578125,-3.67871978851963
0.1226171875,-0.678719788519629
0.12265625,5.32128021148037
0.1226953125,10.3212802114804
0.122734375,12.3212802114804
0.1227734375,13.3212802114804
0.1228125,14.3212802114804
0.1228515625,13.3212802114804
0.122890625,10.3212802114804
0.1229296875,6.32128021148037
0.12296875,2.32128021148037
0.1230078125,-0.678719788519629
0.123046875,0.321280211480371
0.1230859375,1.32128021148037
0.123125,1.32128021148037
0.1231640625,-0.678719788519629
0.123203125,-1.67871978851963
0.1232421875,0.321280211480371
0.12328125,4.32128021148037
0.1233203125,10.3212802114804
0.123359375,15.3212802114804
0.1233984375,15.3212802114804
0.1234375,16.3212802114804
0.1234765625,18.3212802114804
0.123515625,21.3212802114804
0.1235546875,21.3212802114804
0.12359375,18.3212802114804
0.1236328125,16.3212802114804
0.123671875,12.3212802114804
0.1237109375,6.32128021148037
0.12375,1.32128021148037
0.1237890625,-4.67871978851963
0.123828125,-11.6787197885196
0.1238671875,-16.6787197885196
0.12390625,-21.6787197885196
0.1239453125,-22.6787197885196
0.123984375,-19.6787197885196
0.1240234375,-16.6787197885196
0.1240625,-13.6787197885196
0.1241015625,-11.6787197885196
0.124140625,-11.6787197885196
0.1241796875,-13.6787197885196
0.12421875,-14.6787197885196
0.1242578125,-10.6787197885196
0.124296875,-1.67871978851963
0.1243359375,5.32128021148037
0.124375,10.3212802114804
0.1244140625,13.3212802114804
0.124453125,12.3212802114804
0.1244921875,10.3212802114804
0.12453125,11.3212802114804
0.1245703125,12.3212802114804
0.124609375,15.3212802114804
0.1246484375,15.3212802114804
0.1246875,16.3212802114804
0.1247265625,15.3212802114804
0.124765625,14.3212802114804
0.1248046875,11.3212802114804
0.12484375,10.3212802114804
0.1248828125,9.32128021148037
0.124921875,11.3212802114804
0.1249609375,11.3212802114804
0.125,9.32128021148037
0.1250390625,6.32128021148037
0.125078125,0.321280211480371
0.1251171875,-6.67871978851963
0.12515625,-16.6787197885196
0.1251953125,-21.6787197885196
0.125234375,-26.6787197885196
0.1252734375,-28.6787197885196
0.1253125,-30.6787197885196
0.1253515625,-30.6787197885196
0.125390625,-28.6787197885196
0.1254296875,-22.6787197885196
0.12546875,-13.6787197885196
0.1255078125,-4.67871978851963
0.125546875,3.32128021148037
0.1255859375,8.32128021148037
0.125625,10.3212802114804
0.1256640625,11.3212802114804
0.125703125,10.3212802114804
0.1257421875,8.32128021148037
0.12578125,2.32128021148037
0.1258203125,-4.67871978851963
0.125859375,-10.6787197885196
0.1258984375,-12.6787197885196
0.1259375,-12.6787197885196
0.1259765625,-12.6787197885196
0.126015625,-10.6787197885196
0.1260546875,-10.6787197885196
0.12609375,-12.6787197885196
0.1261328125,-17.6787197885196
0.126171875,-17.6787197885196
0.1262109375,-14.6787197885196
0.12625,-13.6787197885196
0.1262890625,-14.6787197885196
0.126328125,-17.6787197885196
0.1263671875,-16.6787197885196
0.12640625,-14.6787197885196
0.1264453125,-8.67871978851963
0.126484375,0.321280211480371
0.1265234375,12.3212802114804
0.1265625,23.3212802114804
0.1266015625,32.3212802114804
0.126640625,39.3212802114804
0.1266796875,45.3212802114804
0.12671875,49.3212802114804
0.1267578125,49.3212802114804
0.126796875,47.3212802114804
0.1268359375,44.3212802114804
0.126875,42.3212802114804
0.1269140625,40.3212802114804
0.126953125,37.3212802114804
0.1269921875,31.3212802114804
0.12703125,25.3212802114804
0.1270703125,14.3212802114804
0.127109375,2.32128021148037
0.1271484375,-7.67871978851963
0.1271875,-11.6787197885196
0.1272265625,-11.6787197885196
0.127265625,-10.6787197885196
0.1273046875,-11.6787197885196
0.12734375,-12.6787197885196
0.1273828125,-12.6787197885196
0.127421875,-14.6787197885196
0.1274609375,-16.6787197885196
0.1275,-14.6787197885196
0.1275390625,-11.6787197885196
0.127578125,-14.6787197885196
0.1276171875,-19.6787197885196
0.12765625,-25.6787197885196
0.1276953125,-29.6787197885196
0.127734375,-32.6787197885196
0.1277734375,-33.6787197885196
0.1278125,-31.6787197885196
0.1278515625,-24.6787197885196
0.127890625,-17.6787197885196
0.1279296875,-9.67871978851963
0.12796875,-0.678719788519629
0.1280078125,8.32128021148037
0.128046875,12.3212802114804
0.1280859375,8.32128021148037
0.128125,1.32128021148037
0.1281640625,-3.67871978851963
0.128203125,-6.67871978851963
0.1282421875,-7.67871978851963
0.12828125,-9.67871978851963
0.1283203125,-11.6787197885196
0.128359375,-13.6787197885196
0.1283984375,-14.6787197885196
0.1284375,-11.6787197885196
0.1284765625,-6.67871978851963
0.128515625,3.32128021148037
0.1285546875,13.3212802114804
0.12859375,19.3212802114804
0.1286328125,20.3212802114804
0.128671875,19.3212802114804
0.1287109375,17.3212802114804
0.12875,14.3212802114804
0.1287890625,13.3212802114804
0.128828125,12.3212802114804
0.1288671875,11.3212802114804
0.12890625,8.32128021148037
0.1289453125,7.32128021148037
0.128984375,8.32128021148037
0.1290234375,7.32128021148037
0.1290625,6.32128021148037
0.1291015625,4.32128021148037
0.129140625,4.32128021148037
0.1291796875,5.32128021148037
0.12921875,5.32128021148037
0.1292578125,8.32128021148037
0.129296875,11.3212802114804
0.1293359375,10.3212802114804
0.129375,6.32128021148037
0.1294140625,-0.678719788519629
0.129453125,-5.67871978851963
0.1294921875,-10.6787197885196
0.12953125,-12.6787197885196
0.1295703125,-15.6787197885196
0.129609375,-17.6787197885196
0.1296484375,-18.6787197885196
0.1296875,-20.6787197885196
0.1297265625,-19.6787197885196
0.129765625,-14.6787197885196
0.1298046875,-8.67871978851963
0.12984375,-1.67871978851963
0.1298828125,4.32128021148037
0.129921875,9.32128021148037
0.1299609375,14.3212802114804
0.13,18.3212802114804
0.1300390625,17.3212802114804
0.130078125,11.3212802114804
0.1301171875,5.32128021148037
0.13015625,-1.67871978851963
0.1301953125,-3.67871978851963
0.130234375,-4.67871978851963
0.1302734375,-8.67871978851963
0.1303125,-11.6787197885196
0.1303515625,-13.6787197885196
0.130390625,-14.6787197885196
0.1304296875,-10.6787197885196
0.13046875,-3.67871978851963
0.1305078125,3.32128021148037
0.130546875,7.32128021148037
0.1305859375,12.3212802114804
0.130625,15.3212802114804
0.1306640625,16.3212802114804
0.130703125,17.3212802114804
0.1307421875,18.3212802114804
0.13078125,18.3212802114804
0.1308203125,16.3212802114804
0.130859375,15.3212802114804
0.1308984375,13.3212802114804
0.1309375,12.3212802114804
0.1309765625,7.32128021148037
0.131015625,-0.678719788519629
0.1310546875,-8.67871978851963
0.13109375,-14.6787197885196
0.1311328125,-15.6787197885196
0.131171875,-14.6787197885196
0.1312109375,-15.6787197885196
0.13125,-16.6787197885196
0.1312890625,-19.6787197885196
0.131328125,-23.6787197885196
0.1313671875,-21.6787197885196
0.13140625,-17.6787197885196
0.1314453125,-10.6787197885196
0.131484375,-2.67871978851963
0.1315234375,1.32128021148037
0.1315625,1.32128021148037
0.1316015625,4.32128021148037
0.131640625,6.32128021148037
0.1316796875,10.3212802114804
0.13171875,11.3212802114804
0.1317578125,7.32128021148037
0.131796875,2.32128021148037
0.1318359375,-1.67871978851963
0.131875,-6.67871978851963
0.1319140625,-8.67871978851963
0.131953125,-7.67871978851963
0.1319921875,-6.67871978851963
0.13203125,-5.67871978851963
0.1320703125,-2.67871978851963
0.132109375,0.321280211480371
0.1321484375,2.32128021148037
0.1321875,5.32128021148037
0.1322265625,8.32128021148037
0.132265625,8.32128021148037
0.1323046875,5.32128021148037
0.13234375,0.321280211480371
0.1323828125,-3.67871978851963
0.132421875,-6.67871978851963
0.1324609375,-9.67871978851963
0.1325,-10.6787197885196
0.1325390625,-7.67871978851963
0.132578125,-0.678719788519629
0.1326171875,6.32128021148037
0.13265625,11.3212802114804
0.1326953125,15.3212802114804
0.132734375,19.3212802114804
0.1327734375,24.3212802114804
0.1328125,26.3212802114804
0.1328515625,23.3212802114804
0.132890625,18.3212802114804
0.1329296875,8.32128021148037
0.13296875,-0.678719788519629
0.1330078125,-7.67871978851963
0.133046875,-12.6787197885196
0.1330859375,-12.6787197885196
0.133125,-8.67871978851963
0.1331640625,-7.67871978851963
0.133203125,-6.67871978851963
0.1332421875,-7.67871978851963
0.13328125,-8.67871978851963
0.1333203125,-7.67871978851963
0.133359375,-3.67871978851963
0.1333984375,2.32128021148037
0.1334375,4.32128021148037
0.1334765625,5.32128021148037
0.133515625,4.32128021148037
0.1335546875,3.32128021148037
0.13359375,0.321280211480371
0.1336328125,-4.67871978851963
0.133671875,-12.6787197885196
0.1337109375,-14.6787197885196
0.13375,-10.6787197885196
0.1337890625,-6.67871978851963
0.133828125,-4.67871978851963
0.1338671875,-5.67871978851963
0.13390625,-5.67871978851963
0.1339453125,-3.67871978851963
0.133984375,1.32128021148037
0.1340234375,10.3212802114804
0.1340625,21.3212802114804
0.1341015625,28.3212802114804
0.134140625,30.3212802114804
0.1341796875,29.3212802114804
0.13421875,26.3212802114804
0.1342578125,22.3212802114804
0.134296875,19.3212802114804
0.1343359375,13.3212802114804
0.134375,7.32128021148037
0.1344140625,1.32128021148037
0.134453125,-3.67871978851963
0.1344921875,-9.67871978851963
0.13453125,-13.6787197885196
0.1345703125,-17.6787197885196
0.134609375,-22.6787197885196
0.1346484375,-25.6787197885196
0.1346875,-22.6787197885196
0.1347265625,-16.6787197885196
0.134765625,-12.6787197885196
0.1348046875,-10.6787197885196
0.13484375,-12.6787197885196
0.1348828125,-15.6787197885196
0.134921875,-19.6787197885196
0.1349609375,-24.6787197885196
0.135,-25.6787197885196
0.1350390625,-24.6787197885196
0.135078125,-23.6787197885196
0.1351171875,-23.6787197885196
0.13515625,-20.6787197885196
0.1351953125,-15.6787197885196
0.135234375,-6.67871978851963
0.1352734375,0.321280211480371
0.1353125,9.32128021148037
0.1353515625,14.3212802114804
0.135390625,18.3212802114804
0.1354296875,21.3212802114804
0.13546875,23.3212802114804
0.1355078125,24.3212802114804
0.135546875,22.3212802114804
0.1355859375,20.3212802114804
0.135625,16.3212802114804
0.1356640625,12.3212802114804
0.135703125,12.3212802114804
0.1357421875,14.3212802114804
0.13578125,17.3212802114804
0.1358203125,19.3212802114804
0.135859375,20.3212802114804
0.1358984375,19.3212802114804
0.1359375,18.3212802114804
0.1359765625,16.3212802114804
0.136015625,16.3212802114804
0.1360546875,15.3212802114804
0.13609375,9.32128021148037
0.1361328125,3.32128021148037
0.136171875,0.321280211480371
0.1362109375,-3.67871978851963
0.13625,-6.67871978851963
0.1362890625,-7.67871978851963
0.136328125,-7.67871978851963
0.1363671875,-10.6787197885196
0.13640625,-13.6787197885196
0.1364453125,-14.6787197885196
0.136484375,-16.6787197885196
0.1365234375,-19.6787197885196
0.1365625,-25.6787197885196
0.1366015625,-28.6787197885196
0.136640625,-25.6787197885196
0.1366796875,-19.6787197885196
0.13671875,-12.6787197885196
0.1367578125,-7.67871978851963
0.136796875,-4.67871978851963
0.1368359375,-3.67871978851963
0.136875,-1.67871978851963
0.1369140625,1.32128021148037
0.136953125,5.32128021148037
0.1369921875,7.32128021148037
0.13703125,4.32128021148037
0.1370703125,-1.67871978851963
0.137109375,-8.67871978851963
0.1371484375,-12.6787197885196
0.1371875,-16.6787197885196
0.1372265625,-18.6787197885196
0.137265625,-16.6787197885196
0.1373046875,-12.6787197885196
0.13734375,-6.67871978851963
0.1373828125,2.32128021148037
0.137421875,10.3212802114804
0.1374609375,15.3212802114804
0.1375,17.3212802114804
0.1375390625,16.3212802114804
0.137578125,12.3212802114804
0.1376171875,13.3212802114804
0.13765625,14.3212802114804
0.1376953125,16.3212802114804
0.137734375,15.3212802114804
0.1377734375,12.3212802114804
0.1378125,10.3212802114804
0.1378515625,8.32128021148037
0.137890625,9.32128021148037
0.1379296875,14.3212802114804
0.13796875,18.3212802114804
0.1380078125,19.3212802114804
0.138046875,17.3212802114804
0.1380859375,13.3212802114804
0.138125,8.32128021148037
0.1381640625,3.32128021148037
0.138203125,2.32128021148037
0.1382421875,0.321280211480371
0.13828125,-2.67871978851963
0.1383203125,-4.67871978851963
0.138359375,-4.67871978851963
0.1383984375,-1.67871978851963
0.1384375,1.32128021148037
0.1384765625,5.32128021148037
0.138515625,2.32128021148037
0.1385546875,1.32128021148037
0.13859375,-0.678719788519629
0.1386328125,-1.67871978851963
0.138671875,-5.67871978851963
0.1387109375,-12.6787197885196
0.13875,-15.6787197885196
0.1387890625,-17.6787197885196
0.138828125,-20.6787197885196
0.1388671875,-23.6787197885196
0.13890625,-22.6787197885196
0.1389453125,-19.6787197885196
0.138984375,-12.6787197885196
0.1390234375,-7.67871978851963
0.1390625,-4.67871978851963
0.1391015625,-4.67871978851963
0.139140625,-5.67871978851963
0.1391796875,-8.67871978851963
0.13921875,-9.67871978851963
0.1392578125,-7.67871978851963
0.139296875,-5.67871978851963
0.1393359375,-3.67871978851963
0.139375,2.32128021148037
0.1394140625,4.32128021148037
0.139453125,8.32128021148037
0.1394921875,8.32128021148037
0.13953125,10.3212802114804
0.1395703125,14.3212802114804
0.139609375,17.3212802114804
0.1396484375,18.3212802114804
0.1396875,17.3212802114804
0.1397265625,14.3212802114804
0.139765625,9.32128021148037
0.1398046875,7.32128021148037
0.13984375,4.32128021148037
0.1398828125,4.32128021148037
0.139921875,4.32128021148037
0.1399609375,4.32128021148037
0.14,4.32128021148037
0.1400390625,3.32128021148037
0.140078125,2.32128021148037
0.1401171875,0.321280211480371
0.14015625,-1.67871978851963
0.1401953125,-2.67871978851963
0.140234375,-1.67871978851963
0.1402734375,-0.678719788519629
0.1403125,2.32128021148037
0.1403515625,2.32128021148037
0.140390625,0.321280211480371
0.1404296875,0.321280211480371
0.14046875,-3.67871978851963
0.1405078125,-5.67871978851963
0.140546875,-6.67871978851963
0.1405859375,-8.67871978851963
0.140625,-11.6787197885196
0.1406640625,-15.6787197885196
0.140703125,-20.6787197885196
0.1407421875,-27.6787197885196
0.14078125,-32.6787197885196
0.1408203125,-35.6787197885196
0.140859375,-34.6787197885196
0.1408984375,-29.6787197885196
0.1409375,-25.6787197885196
0.1409765625,-23.6787197885196
0.141015625,-22.6787197885196
0.1410546875,-19.6787197885196
0.14109375,-14.6787197885196
0.1411328125,-9.67871978851963
0.141171875,-0.678719788519629
0.1412109375,9.32128021148037
0.14125,19.3212802114804
0.1412890625,26.3212802114804
0.141328125,32.3212802114804
0.1413671875,39.3212802114804
0.14140625,44.3212802114804
0.1414453125,45.3212802114804
0.141484375,44.3212802114804
0.1415234375,42.3212802114804
0.1415625,38.3212802114804
0.1416015625,33.3212802114804
0.141640625,27.3212802114804
0.1416796875,20.3212802114804
0.14171875,11.3212802114804
0.1417578125,-0.678719788519629
0.141796875,-7.67871978851963
0.1418359375,-9.67871978851963
0.141875,-10.6787197885196
0.1419140625,-9.67871978851963
0.141953125,-10.6787197885196
0.1419921875,-10.6787197885196
0.14203125,-8.67871978851963
0.1420703125,-5.67871978851963
0.142109375,-1.67871978851963
0.1421484375,3.32128021148037
0.1421875,5.32128021148037
0.1422265625,3.32128021148037
0.142265625,-2.67871978851963
0.1423046875,-7.67871978851963
0.14234375,-10.6787197885196
0.1423828125,-13.6787197885196
0.142421875,-15.6787197885196
0.1424609375,-14.6787197885196
0.1425,-8.67871978851963
0.1425390625,0.321280211480371
0.142578125,9.32128021148037
0.1426171875,17.3212802114804
0.14265625,23.3212802114804
0.1426953125,27.3212802114804
0.142734375,26.3212802114804
0.1427734375,23.3212802114804
0.1428125,19.3212802114804
0.1428515625,13.3212802114804
0.142890625,5.32128021148037
0.1429296875,-5.67871978851963
0.14296875,-17.6787197885196
0.1430078125,-28.6787197885196
0.143046875,-38.6787197885196
0.1430859375,-43.6787197885196
0.143125,-42.6787197885196
0.1431640625,-36.6787197885196
0.143203125,-28.6787197885196
0.1432421875,-18.6787197885196
0.14328125,-11.6787197885196
0.1433203125,-5.67871978851963
0.143359375,-2.67871978851963
0.1433984375,-2.67871978851963
0.1434375,0.321280211480371
0.1434765625,2.32128021148037
0.143515625,1.32128021148037
0.1435546875,-0.678719788519629
0.14359375,-2.67871978851963
0.1436328125,-2.67871978851963
0.143671875,-0.678719788519629
0.1437109375,-1.67871978851963
0.14375,-0.678719788519629
0.1437890625,2.32128021148037
0.143828125,8.32128021148037
0.1438671875,15.3212802114804
0.14390625,19.3212802114804
0.1439453125,18.3212802114804
0.143984375,13.3212802114804
0.1440234375,7.32128021148037
0.1440625,4.32128021148037
0.1441015625,2.32128021148037
0.144140625,5.32128021148037
0.1441796875,6.32128021148037
0.14421875,6.32128021148037
0.1442578125,6.32128021148037
0.144296875,5.32128021148037
0.1443359375,4.32128021148037
0.144375,2.32128021148037
0.1444140625,1.32128021148037
0.144453125,-0.678719788519629
0.1444921875,-1.67871978851963
0.14453125,-2.67871978851963
0.1445703125,-3.67871978851963
0.144609375,-2.67871978851963
0.1446484375,0.321280211480371
0.1446875,2.32128021148037
0.1447265625,2.32128021148037
0.144765625,4.32128021148037
0.1448046875,7.32128021148037
0.14484375,11.3212802114804
0.1448828125,13.3212802114804
0.144921875,13.3212802114804
0.1449609375,10.3212802114804
0.145,2.32128021148037
0.1450390625,-4.67871978851963
0.145078125,-7.67871978851963
0.1451171875,-7.67871978851963
0.14515625,-8.67871978851963
0.1451953125,-8.67871978851963
0.145234375,-7.67871978851963
0.1452734375,-8.67871978851963
0.1453125,-10.6787197885196
0.1453515625,-11.6787197885196
0.145390625,-11.6787197885196
0.1454296875,-12.6787197885196
0.14546875,-13.6787197885196
0.1455078125,-12.6787197885196
0.145546875,-9.67871978851963
0.1455859375,-7.67871978851963
0.145625,-5.67871978851963
0.1456640625,-3.67871978851963
0.145703125,-2.67871978851963
0.1457421875,0.321280211480371
0.14578125,5.32128021148037
0.1458203125,10.3212802114804
0.145859375,11.3212802114804
0.1458984375,11.3212802114804
0.1459375,9.32128021148037
0.1459765625,4.32128021148037
0.146015625,-0.678719788519629
0.1460546875,-0.678719788519629
0.14609375,4.32128021148037
0.1461328125,11.3212802114804
0.146171875,18.3212802114804
0.1462109375,23.3212802114804
0.14625,24.3212802114804
0.1462890625,24.3212802114804
0.146328125,21.3212802114804
0.1463671875,23.3212802114804
0.14640625,26.3212802114804
0.1464453125,24.3212802114804
0.146484375,19.3212802114804
0.1465234375,10.3212802114804
0.1465625,-0.678719788519629
0.1466015625,-14.6787197885196
0.146640625,-25.6787197885196
0.1466796875,-31.6787197885196
0.14671875,-33.6787197885196
0.1467578125,-29.6787197885196
0.146796875,-24.6787197885196
0.1468359375,-21.6787197885196
0.146875,-21.6787197885196
0.1469140625,-22.6787197885196
0.146953125,-23.6787197885196
0.1469921875,-26.6787197885196
0.14703125,-28.6787197885196
0.1470703125,-31.6787197885196
0.147109375,-33.6787197885196
0.1471484375,-33.6787197885196
0.1471875,-30.6787197885196
0.1472265625,-28.6787197885196
0.147265625,-23.6787197885196
0.1473046875,-19.6787197885196
0.14734375,-11.6787197885196
0.1473828125,0.321280211480371
0.147421875,13.3212802114804
0.1474609375,26.3212802114804
0.1475,38.3212802114804
0.1475390625,46.3212802114804
0.147578125,53.3212802114804
0.1476171875,56.3212802114804
0.14765625,55.3212802114804
0.1476953125,51.3212802114804
0.147734375,49.3212802114804
0.1477734375,45.3212802114804
0.1478125,40.3212802114804
0.1478515625,33.3212802114804
0.147890625,25.3212802114804
0.1479296875,17.3212802114804
0.14796875,11.3212802114804
0.1480078125,7.32128021148037
0.148046875,4.32128021148037
0.1480859375,-0.678719788519629
0.148125,-4.67871978851963
0.1481640625,-8.67871978851963
0.148203125,-12.6787197885196
0.1482421875,-18.6787197885196
0.14828125,-25.6787197885196
0.1483203125,-32.6787197885196
0.148359375,-37.6787197885196
0.1483984375,-39.6787197885196
0.1484375,-39.6787197885196
0.1484765625,-35.6787197885196
0.148515625,-30.6787197885196
0.1485546875,-25.6787197885196
0.14859375,-19.6787197885196
0.1486328125,-16.6787197885196
0.148671875,-13.6787197885196
0.1487109375,-5.67871978851963
0.14875,2.32128021148037
0.1487890625,7.32128021148037
0.148828125,10.3212802114804
0.1488671875,9.32128021148037
0.14890625,8.32128021148037
0.1489453125,8.32128021148037
0.148984375,9.32128021148037
0.1490234375,12.3212802114804
0.1490625,16.3212802114804
0.1491015625,20.3212802114804
0.149140625,22.3212802114804
0.1491796875,22.3212802114804
0.14921875,21.3212802114804
0.1492578125,18.3212802114804
0.149296875,17.3212802114804
0.1493359375,18.3212802114804
0.149375,16.3212802114804
0.1494140625,11.3212802114804
0.149453125,5.32128021148037
0.1494921875,0.321280211480371
0.14953125,-6.67871978851963
0.1495703125,-13.6787197885196
0.149609375,-19.6787197885196
0.1496484375,-20.6787197885196
0.1496875,-22.6787197885196
0.1497265625,-23.6787197885196
0.149765625,-23.6787197885196
0.1498046875,-25.6787197885196
0.14984375,-29.6787197885196
0.1498828125,-31.6787197885196
0.149921875,-31.6787197885196
0.1499609375,-30.6787197885196
0.15,-26.6787197885196
0.1500390625,-20.6787197885196
0.150078125,-11.6787197885196
0.1501171875,-4.67871978851963
0.15015625,-1.67871978851963
0.1501953125,0.321280211480371
0.150234375,3.32128021148037
0.1502734375,5.32128021148037
0.1503125,7.32128021148037
0.1503515625,10.3212802114804
0.150390625,14.3212802114804
0.1504296875,14.3212802114804
0.15046875,7.32128021148037
0.1505078125,1.32128021148037
0.150546875,2.32128021148037
0.1505859375,6.32128021148037
0.150625,14.3212802114804
0.1506640625,23.3212802114804
0.150703125,30.3212802114804
0.1507421875,34.3212802114804
0.15078125,36.3212802114804
0.1508203125,37.3212802114804
0.150859375,33.3212802114804
0.1508984375,25.3212802114804
0.1509375,19.3212802114804
0.1509765625,14.3212802114804
0.151015625,10.3212802114804
0.1510546875,4.32128021148037
0.15109375,-0.678719788519629
0.1511328125,-4.67871978851963
0.151171875,-5.67871978851963
0.1512109375,-6.67871978851963
0.15125,-5.67871978851963
0.1512890625,-4.67871978851963
0.151328125,-1.67871978851963
0.1513671875,1.32128021148037
0.15140625,5.32128021148037
0.1514453125,9.32128021148037
0.151484375,9.32128021148037
0.1515234375,5.32128021148037
0.1515625,4.32128021148037
0.1516015625,3.32128021148037
0.151640625,2.32128021148037
0.1516796875,-1.67871978851963
0.15171875,-7.67871978851963
0.1517578125,-10.6787197885196
0.151796875,-14.6787197885196
0.1518359375,-19.6787197885196
0.151875,-21.6787197885196
0.1519140625,-23.6787197885196
0.151953125,-24.6787197885196
0.1519921875,-25.6787197885196
0.15203125,-24.6787197885196
0.1520703125,-23.6787197885196
0.152109375,-19.6787197885196
0.1521484375,-16.6787197885196
0.1521875,-15.6787197885196
0.1522265625,-18.6787197885196
0.152265625,-19.6787197885196
0.1523046875,-19.6787197885196
0.15234375,-22.6787197885196
0.1523828125,-21.6787197885196
0.152421875,-20.6787197885196
0.1524609375,-16.6787197885196
0.1525,-10.6787197885196
0.1525390625,-4.67871978851963
0.152578125,1.32128021148037
0.1526171875,6.32128021148037
0.15265625,13.3212802114804
0.1526953125,20.3212802114804
0.152734375,25.3212802114804
0.1527734375,28.3212802114804
0.1528125,30.3212802114804
0.1528515625,27.3212802114804
0.152890625,25.3212802114804
0.1529296875,25.3212802114804
0.15296875,29.3212802114804
0.1530078125,31.3212802114804
0.153046875,28.3212802114804
0.1530859375,21.3212802114804
0.153125,11.3212802114804
0.1531640625,1.32128021148037
0.153203125,-4.67871978851963
0.1532421875,-3.67871978851963
0.15328125,-3.67871978851963
0.1533203125,-4.67871978851963
0.153359375,-6.67871978851963
0.1533984375,-10.6787197885196
0.1534375,-13.6787197885196
0.1534765625,-13.6787197885196
0.153515625,-16.6787197885196
0.1535546875,-20.6787197885196
0.15359375,-20.6787197885196
0.1536328125,-21.6787197885196
0.153671875,-25.6787197885196
0.1537109375,-28.6787197885196
0.15375,-29.6787197885196
0.1537890625,-27.6787197885196
0.153828125,-24.6787197885196
0.1538671875,-16.6787197885196
0.15390625,-9.67871978851963
0.1539453125,-1.67871978851963
0.153984375,8.32128021148037
0.1540234375,19.3212802114804
0.1540625,31.3212802114804
0.1541015625,46.3212802114804
0.154140625,57.3212802114804
0.1541796875,65.3212802114804
0.15421875,70.3212802114804
0.1542578125,69.3212802114804
0.154296875,66.3212802114804
0.1543359375,62.3212802114804
0.154375,58.3212802114804
0.1544140625,50.3212802114804
0.154453125,40.3212802114804
0.1544921875,27.3212802114804
0.15453125,15.3212802114804
0.1545703125,6.32128021148037
0.154609375,-2.67871978851963
0.1546484375,-10.6787197885196
0.1546875,-18.6787197885196
0.1547265625,-27.6787197885196
0.154765625,-35.6787197885196
0.1548046875,-41.6787197885196
0.15484375,-44.6787197885196
0.1548828125,-45.6787197885196
0.154921875,-45.6787197885196
0.1549609375,-45.6787197885196
0.155,-46.6787197885196
0.1550390625,-49.6787197885196
0.155078125,-49.6787197885196
0.1551171875,-46.6787197885196
0.15515625,-41.6787197885196
0.1551953125,-41.6787197885196
0.155234375,-41.6787197885196
0.1552734375,-39.6787197885196
0.1553125,-35.6787197885196
0.1553515625,-29.6787197885196
0.155390625,-22.6787197885196
0.1554296875,-16.6787197885196
0.15546875,-12.6787197885196
0.1555078125,-7.67871978851963
0.155546875,0.321280211480371
0.1555859375,9.32128021148037
0.155625,18.3212802114804
0.1556640625,24.3212802114804
0.155703125,26.3212802114804
0.1557421875,23.3212802114804
0.15578125,18.3212802114804
0.1558203125,17.3212802114804
0.155859375,20.3212802114804
0.1558984375,24.3212802114804
0.1559375,24.3212802114804
0.1559765625,24.3212802114804
0.156015625,24.3212802114804
0.1560546875,24.3212802114804
0.15609375,27.3212802114804
0.1561328125,29.3212802114804
0.156171875,32.3212802114804
0.1562109375,32.3212802114804
0.15625,28.3212802114804
0.1562890625,23.3212802114804
0.156328125,14.3212802114804
0.1563671875,5.32128021148037
0.15640625,-3.67871978851963
0.1564453125,-11.6787197885196
0.156484375,-19.6787197885196
0.1565234375,-22.6787197885196
0.1565625,-24.6787197885196
0.1566015625,-21.6787197885196
0.156640625,-18.6787197885196
0.1566796875,-16.6787197885196
0.15671875,-16.6787197885196
0.1567578125,-16.6787197885196
0.156796875,-9.67871978851963
0.1568359375,-0.678719788519629
0.156875,7.32128021148037
0.1569140625,11.3212802114804
0.156953125,12.3212802114804
0.1569921875,11.3212802114804
0.15703125,11.3212802114804
0.1570703125,8.32128021148037
0.157109375,5.32128021148037
0.1571484375,3.32128021148037
0.1571875,4.32128021148037
0.1572265625,4.32128021148037
0.157265625,8.32128021148037
0.1573046875,11.3212802114804
0.15734375,15.3212802114804
0.1573828125,18.3212802114804
0.157421875,17.3212802114804
0.1574609375,17.3212802114804
0.1575,15.3212802114804
0.1575390625,14.3212802114804
0.157578125,12.3212802114804
0.1576171875,10.3212802114804
0.15765625,0.321280211480371
0.1576953125,-7.67871978851963
0.157734375,-15.6787197885196
0.1577734375,-15.6787197885196
0.1578125,-14.6787197885196
0.1578515625,-14.6787197885196
0.157890625,-14.6787197885196
0.1579296875,-12.6787197885196
0.15796875,-10.6787197885196
0.1580078125,-9.67871978851963
0.158046875,-10.6787197885196
0.1580859375,-9.67871978851963
0.158125,-7.67871978851963
0.1581640625,-7.67871978851963
0.158203125,-7.67871978851963
0.1582421875,-9.67871978851963
0.15828125,-10.6787197885196
0.1583203125,-12.6787197885196
0.158359375,-13.6787197885196
0.1583984375,-14.6787197885196
0.1584375,-14.6787197885196
0.1584765625,-11.6787197885196
0.158515625,-9.67871978851963
0.1585546875,-9.67871978851963
0.15859375,-9.67871978851963
0.1586328125,-11.6787197885196
0.158671875,-11.6787197885196
0.1587109375,-14.6787197885196
0.15875,-15.6787197885196
0.1587890625,-13.6787197885196
0.158828125,-9.67871978851963
0.1588671875,-5.67871978851963
0.15890625,-2.67871978851963
0.1589453125,-2.67871978851963
0.158984375,-3.67871978851963
0.1590234375,-6.67871978851963
0.1590625,-6.67871978851963
0.1591015625,-3.67871978851963
0.159140625,-0.678719788519629
0.1591796875,1.32128021148037
0.15921875,4.32128021148037
0.1592578125,10.3212802114804
0.159296875,18.3212802114804
0.1593359375,25.3212802114804
0.159375,33.3212802114804
0.1594140625,43.3212802114804
0.159453125,53.3212802114804
0.1594921875,56.3212802114804
0.15953125,53.3212802114804
0.1595703125,49.3212802114804
0.159609375,43.3212802114804
0.1596484375,33.3212802114804
0.1596875,20.3212802114804
0.1597265625,9.32128021148037
0.159765625,-2.67871978851963
0.1598046875,-9.67871978851963
0.15984375,-13.6787197885196
0.1598828125,-12.6787197885196
0.159921875,-8.67871978851963
0.1599609375,-4.67871978851963
0.16,-0.678719788519629
0.1600390625,2.32128021148037
0.160078125,5.32128021148037
0.1601171875,2.32128021148037
0.16015625,0.321280211480371
0.1601953125,-4.67871978851963
0.160234375,-11.6787197885196
0.1602734375,-19.6787197885196
0.1603125,-26.6787197885196
0.1603515625,-32.6787197885196
0.160390625,-34.6787197885196
0.1604296875,-32.6787197885196
0.16046875,-26.6787197885196
0.1605078125,-21.6787197885196
0.160546875,-17.6787197885196
0.1605859375,-15.6787197885196
0.160625,-15.6787197885196
0.1606640625,-15.6787197885196
0.160703125,-10.6787197885196
0.1607421875,-2.67871978851963
0.16078125,6.32128021148037
0.1608203125,10.3212802114804
0.160859375,15.3212802114804
0.1608984375,16.3212802114804
0.1609375,17.3212802114804
0.1609765625,18.3212802114804
0.161015625,19.3212802114804
0.1610546875,20.3212802114804
0.16109375,18.3212802114804
0.1611328125,12.3212802114804
0.161171875,8.32128021148037
0.1612109375,3.32128021148037
0.16125,-0.678719788519629
0.1612890625,-4.67871978851963
0.161328125,-8.67871978851963
0.1613671875,-9.67871978851963
0.16140625,-7.67871978851963
0.1614453125,-2.67871978851963
0.161484375,3.32128021148037
0.1615234375,6.32128021148037
0.1615625,6.32128021148037
0.1616015625,1.32128021148037
0.161640625,-4.67871978851963
0.1616796875,-9.67871978851963
0.16171875,-13.6787197885196
0.1617578125,-16.6787197885196
0.161796875,-20.6787197885196
0.1618359375,-24.6787197885196
0.161875,-25.6787197885196
0.1619140625,-26.6787197885196
0.161953125,-24.6787197885196
0.1619921875,-19.6787197885196
0.16203125,-14.6787197885196
0.1620703125,-8.67871978851963
0.162109375,-5.67871978851963
0.1621484375,-1.67871978851963
0.1621875,2.32128021148037
0.1622265625,6.32128021148037
0.162265625,7.32128021148037
0.1623046875,4.32128021148037
0.16234375,5.32128021148037
0.1623828125,3.32128021148037
0.162421875,4.32128021148037
0.1624609375,5.32128021148037
0.1625,8.32128021148037
0.1625390625,10.3212802114804
0.162578125,9.32128021148037
0.1626171875,7.32128021148037
0.16265625,12.3212802114804
0.1626953125,13.3212802114804
0.162734375,17.3212802114804
0.1627734375,20.3212802114804
0.1628125,21.3212802114804
0.1628515625,20.3212802114804
0.162890625,17.3212802114804
0.1629296875,14.3212802114804
0.16296875,10.3212802114804
0.1630078125,9.32128021148037
0.163046875,5.32128021148037
0.1630859375,2.32128021148037
0.163125,0.321280211480371
0.1631640625,-1.67871978851963
0.163203125,-1.67871978851963
0.1632421875,-1.67871978851963
0.16328125,-1.67871978851963
0.1633203125,-2.67871978851963
0.163359375,-0.678719788519629
0.1633984375,2.32128021148037
0.1634375,4.32128021148037
0.1634765625,4.32128021148037
0.163515625,5.32128021148037
0.1635546875,2.32128021148037
0.16359375,0.321280211480371
0.1636328125,-1.67871978851963
0.163671875,-0.678719788519629
0.1637109375,-0.678719788519629
0.16375,-1.67871978851963
0.1637890625,-3.67871978851963
0.163828125,-8.67871978851963
0.1638671875,-12.6787197885196
0.16390625,-16.6787197885196
0.1639453125,-15.6787197885196
0.163984375,-12.6787197885196
0.1640234375,-12.6787197885196
0.1640625,-11.6787197885196
0.1641015625,-10.6787197885196
0.164140625,-8.67871978851963
0.1641796875,-6.67871978851963
0.16421875,-5.67871978851963
0.1642578125,-5.67871978851963
0.164296875,-3.67871978851963
0.1643359375,1.32128021148037
0.164375,4.32128021148037
0.1644140625,4.32128021148037
0.164453125,1.32128021148037
0.1644921875,-1.67871978851963
0.16453125,-4.67871978851963
0.1645703125,-6.67871978851963
0.164609375,-7.67871978851963
0.1646484375,-5.67871978851963
0.1646875,-5.67871978851963
0.1647265625,-0.678719788519629
0.164765625,6.32128021148037
0.1648046875,12.3212802114804
0.16484375,17.3212802114804
0.1648828125,21.3212802114804
0.164921875,23.3212802114804
0.1649609375,21.3212802114804
0.165,18.3212802114804
0.1650390625,16.3212802114804
0.165078125,8.32128021148037
0.1651171875,0.321280211480371
0.16515625,-9.67871978851963
0.1651953125,-15.6787197885196
0.165234375,-20.6787197885196
0.1652734375,-20.6787197885196
0.1653125,-16.6787197885196
0.1653515625,-14.6787197885196
0.165390625,-10.6787197885196
0.1654296875,-7.67871978851963
0.16546875,-4.67871978851963
0.1655078125,0.321280211480371
0.165546875,4.32128021148037
0.1655859375,8.32128021148037
0.165625,10.3212802114804
0.1656640625,13.3212802114804
0.165703125,15.3212802114804
0.1657421875,16.3212802114804
0.16578125,18.3212802114804
0.1658203125,17.3212802114804
0.165859375,12.3212802114804
0.1658984375,6.32128021148037
0.1659375,2.32128021148037
0.1659765625,1.32128021148037
0.166015625,1.32128021148037
0.1660546875,3.32128021148037
0.16609375,3.32128021148037
0.1661328125,-0.678719788519629
0.166171875,-3.67871978851963
0.1662109375,-4.67871978851963
0.16625,-3.67871978851963
0.1662890625,-0.678719788519629
0.166328125,3.32128021148037
0.1663671875,0.321280211480371
0.16640625,-4.67871978851963
0.1664453125,-8.67871978851963
0.166484375,-12.6787197885196
0.1665234375,-14.6787197885196
0.1665625,-16.6787197885196
0.1666015625,-16.6787197885196
0.166640625,-14.6787197885196
0.1666796875,-11.6787197885196
0.16671875,-6.67871978851963
0.1667578125,0.321280211480371
0.166796875,7.32128021148037
0.1668359375,11.3212802114804
0.166875,13.3212802114804
0.1669140625,13.3212802114804
0.166953125,11.3212802114804
0.1669921875,9.32128021148037
0.16703125,5.32128021148037
0.1670703125,-1.67871978851963
0.167109375,-6.67871978851963
0.1671484375,-11.6787197885196
0.1671875,-14.6787197885196
0.1672265625,-12.6787197885196
0.167265625,-5.67871978851963
0.1673046875,-1.67871978851963
0.16734375,-0.678719788519629
0.1673828125,-0.678719788519629
0.167421875,-0.678719788519629
0.1674609375,0.321280211480371
0.1675,-1.67871978851963
0.1675390625,-3.67871978851963
0.167578125,-6.67871978851963
0.1676171875,-7.67871978851963
0.16765625,-8.67871978851963
0.1676953125,-7.67871978851963
0.167734375,-6.67871978851963
0.1677734375,-6.67871978851963
0.1678125,-5.67871978851963
0.1678515625,-3.67871978851963
0.167890625,1.32128021148037
0.1679296875,7.32128021148037
0.16796875,15.3212802114804
0.1680078125,21.3212802114804
0.168046875,23.3212802114804
0.1680859375,21.3212802114804
0.168125,14.3212802114804
0.1681640625,9.32128021148037
0.168203125,5.32128021148037
0.1682421875,2.32128021148037
0.16828125,-1.67871978851963
0.1683203125,-8.67871978851963
0.168359375,-14.6787197885196
0.1683984375,-19.6787197885196
0.1684375,-19.6787197885196
0.1684765625,-19.6787197885196
0.168515625,-17.6787197885196
0.1685546875,-14.6787197885196
0.16859375,-9.67871978851963
0.1686328125,-1.67871978851963
0.168671875,4.32128021148037
0.1687109375,10.3212802114804
0.16875,13.3212802114804
0.1687890625,14.3212802114804
0.168828125,14.3212802114804
0.1688671875,15.3212802114804
0.16890625,17.3212802114804
0.1689453125,17.3212802114804
0.168984375,19.3212802114804
0.1690234375,20.3212802114804
0.1690625,14.3212802114804
0.1691015625,9.32128021148037
0.169140625,3.32128021148037
0.1691796875,0.321280211480371
0.16921875,2.32128021148037
0.1692578125,7.32128021148037
0.169296875,8.32128021148037
0.1693359375,5.32128021148037
0.169375,-0.678719788519629
0.1694140625,-7.67871978851963
0.169453125,-13.6787197885196
0.1694921875,-17.6787197885196
0.16953125,-19.6787197885196
0.1695703125,-23.6787197885196
0.169609375,-25.6787197885196
0.1696484375,-27.6787197885196
0.1696875,-22.6787197885196
0.1697265625,-15.6787197885196
0.169765625,-4.67871978851963
0.1698046875,5.32128021148037
0.16984375,14.3212802114804
0.1698828125,20.3212802114804
0.169921875,26.3212802114804
0.1699609375,30.3212802114804
0.17,32.3212802114804
0.1700390625,31.3212802114804
0.170078125,23.3212802114804
0.1701171875,14.3212802114804
0.17015625,5.32128021148037
0.1701953125,-1.67871978851963
0.170234375,-6.67871978851963
0.1702734375,-10.6787197885196
0.1703125,-15.6787197885196
0.1703515625,-19.6787197885196
0.170390625,-25.6787197885196
0.1704296875,-31.6787197885196
0.17046875,-33.6787197885196
0.1705078125,-29.6787197885196
0.170546875,-23.6787197885196
0.1705859375,-19.6787197885196
0.170625,-17.6787197885196
0.1706640625,-13.6787197885196
0.170703125,-7.67871978851963
0.1707421875,3.32128021148037
0.17078125,10.3212802114804
0.1708203125,16.3212802114804
0.170859375,23.3212802114804
0.1708984375,27.3212802114804
0.1709375,27.3212802114804
0.1709765625,22.3212802114804
0.171015625,20.3212802114804
0.1710546875,17.3212802114804
0.17109375,13.3212802114804
0.1711328125,6.32128021148037
0.171171875,0.321280211480371
0.1712109375,-4.67871978851963
0.17125,-6.67871978851963
0.1712890625,-8.67871978851963
0.171328125,-12.6787197885196
0.1713671875,-16.6787197885196
0.17140625,-17.6787197885196
0.1714453125,-12.6787197885196
0.171484375,-1.67871978851963
0.1715234375,8.32128021148037
0.1715625,13.3212802114804
0.1716015625,14.3212802114804
0.171640625,11.3212802114804
0.1716796875,7.32128021148037
0.17171875,3.32128021148037
0.1717578125,-1.67871978851963
0.171796875,-6.67871978851963
0.1718359375,-10.6787197885196
0.171875,-16.6787197885196
0.1719140625,-23.6787197885196
0.171953125,-25.6787197885196
0.1719921875,-20.6787197885196
0.17203125,-12.6787197885196
0.1720703125,-5.67871978851963
0.172109375,2.32128021148037
0.1721484375,9.32128021148037
0.1721875,14.3212802114804
0.1722265625,18.3212802114804
0.172265625,18.3212802114804
0.1723046875,15.3212802114804
0.17234375,10.3212802114804
0.1723828125,5.32128021148037
0.172421875,0.321280211480371
0.1724609375,-1.67871978851963
0.1725,-1.67871978851963
0.1725390625,-2.67871978851963
0.172578125,-2.67871978851963
0.1726171875,-1.67871978851963
0.17265625,0.321280211480371
0.1726953125,4.32128021148037
0.172734375,8.32128021148037
0.1727734375,13.3212802114804
0.1728125,17.3212802114804
0.1728515625,18.3212802114804
0.172890625,19.3212802114804
0.1729296875,14.3212802114804
0.17296875,8.32128021148037
0.1730078125,2.32128021148037
0.173046875,-2.67871978851963
0.1730859375,-2.67871978851963
0.173125,-2.67871978851963
0.1731640625,-6.67871978851963
0.173203125,-8.67871978851963
0.1732421875,-11.6787197885196
0.17328125,-11.6787197885196
0.1733203125,-10.6787197885196
0.173359375,-16.6787197885196
0.1733984375,-25.6787197885196
0.1734375,-28.6787197885196
0.1734765625,-29.6787197885196
0.173515625,-25.6787197885196
0.1735546875,-21.6787197885196
0.17359375,-19.6787197885196
0.1736328125,-17.6787197885196
0.173671875,-17.6787197885196
0.1737109375,-20.6787197885196
0.17375,-17.6787197885196
0.1737890625,-7.67871978851963
0.173828125,4.32128021148037
0.1738671875,13.3212802114804
0.17390625,18.3212802114804
0.1739453125,20.3212802114804
0.173984375,23.3212802114804
0.1740234375,25.3212802114804
0.1740625,30.3212802114804
0.1741015625,34.3212802114804
0.174140625,37.3212802114804
0.1741796875,41.3212802114804
0.17421875,42.3212802114804
0.1742578125,39.3212802114804
0.174296875,33.3212802114804
0.1743359375,22.3212802114804
0.174375,8.32128021148037
0.1744140625,-2.67871978851963
0.174453125,-11.6787197885196
0.1744921875,-16.6787197885196
0.17453125,-21.6787197885196
0.1745703125,-27.6787197885196
0.174609375,-31.6787197885196
0.1746484375,-32.6787197885196
0.1746875,-30.6787197885196
0.1747265625,-23.6787197885196
0.174765625,-15.6787197885196
0.1748046875,-9.67871978851963
0.17484375,-4.67871978851963
0.1748828125,-1.67871978851963
0.174921875,-0.678719788519629
0.1749609375,0.321280211480371
0.175,3.32128021148037
0.1750390625,7.32128021148037
0.175078125,10.3212802114804
0.1751171875,13.3212802114804
0.17515625,15.3212802114804
0.1751953125,20.3212802114804
0.175234375,26.3212802114804
0.1752734375,28.3212802114804
0.1753125,26.3212802114804
0.1753515625,20.3212802114804
0.175390625,18.3212802114804
0.1754296875,16.3212802114804
0.17546875,12.3212802114804
0.1755078125,7.32128021148037
0.175546875,0.321280211480371
0.1755859375,-5.67871978851963
0.175625,-12.6787197885196
0.1756640625,-15.6787197885196
0.175703125,-14.6787197885196
0.1757421875,-9.67871978851963
0.17578125,-4.67871978851963
0.1758203125,-4.67871978851963
0.175859375,-6.67871978851963
0.1758984375,-9.67871978851963
0.1759375,-10.6787197885196
0.1759765625,-11.6787197885196
0.176015625,-12.6787197885196
0.1760546875,-13.6787197885196
0.17609375,-17.6787197885196
0.1761328125,-23.6787197885196
0.176171875,-29.6787197885196
0.1762109375,-31.6787197885196
0.17625,-28.6787197885196
0.1762890625,-26.6787197885196
0.176328125,-23.6787197885196
0.1763671875,-22.6787197885196
0.17640625,-22.6787197885196
0.1764453125,-20.6787197885196
0.176484375,-17.6787197885196
0.1765234375,-12.6787197885196
0.1765625,-14.6787197885196
0.1766015625,-17.6787197885196
0.176640625,-15.6787197885196
0.1766796875,-9.67871978851963
0.17671875,0.321280211480371
0.1767578125,12.3212802114804
0.176796875,24.3212802114804
0.1768359375,34.3212802114804
0.176875,39.3212802114804
0.1769140625,39.3212802114804
0.176953125,38.3212802114804
0.1769921875,38.3212802114804
0.17703125,41.3212802114804
0.1770703125,42.3212802114804
0.177109375,37.3212802114804
0.1771484375,29.3212802114804
0.1771875,21.3212802114804
0.1772265625,15.3212802114804
0.177265625,12.3212802114804
0.1773046875,13.3212802114804
0.17734375,16.3212802114804
0.1773828125,15.3212802114804
0.177421875,12.3212802114804
0.1774609375,8.32128021148037
0.1775,5.32128021148037
0.1775390625,0.321280211480371
0.177578125,-5.67871978851963
0.1776171875,-12.6787197885196
0.17765625,-16.6787197885196
0.1776953125,-16.6787197885196
0.177734375,-16.6787197885196
0.1777734375,-16.6787197885196
0.1778125,-17.6787197885196
0.1778515625,-18.6787197885196
0.177890625,-24.6787197885196
0.1779296875,-26.6787197885196
0.17796875,-26.6787197885196
0.1780078125,-22.6787197885196
0.178046875,-16.6787197885196
0.1780859375,-10.6787197885196
0.178125,-7.67871978851963
0.1781640625,-5.67871978851963
0.178203125,-2.67871978851963
0.1782421875,2.32128021148037
0.17828125,7.32128021148037
0.1783203125,13.3212802114804
0.178359375,17.3212802114804
0.1783984375,20.3212802114804
0.1784375,19.3212802114804
0.1784765625,17.3212802114804
0.178515625,17.3212802114804
0.1785546875,17.3212802114804
0.17859375,13.3212802114804
0.1786328125,8.32128021148037
0.178671875,4.32128021148037
0.1787109375,1.32128021148037
0.17875,-1.67871978851963
0.1787890625,-3.67871978851963
0.178828125,-3.67871978851963
0.1788671875,-5.67871978851963
0.17890625,-5.67871978851963
0.1789453125,-5.67871978851963
0.178984375,-2.67871978851963
0.1790234375,0.321280211480371
0.1790625,4.32128021148037
0.1791015625,2.32128021148037
0.179140625,-1.67871978851963
0.1791796875,-8.67871978851963
0.17921875,-15.6787197885196
0.1792578125,-22.6787197885196
0.179296875,-27.6787197885196
0.1793359375,-29.6787197885196
0.179375,-31.6787197885196
0.1794140625,-34.6787197885196
0.179453125,-32.6787197885196
0.1794921875,-31.6787197885196
0.17953125,-26.6787197885196
0.1795703125,-23.6787197885196
0.179609375,-17.6787197885196
0.1796484375,-12.6787197885196
0.1796875,-10.6787197885196
0.1797265625,-9.67871978851963
0.179765625,-9.67871978851963
0.1798046875,-10.6787197885196
0.17984375,-12.6787197885196
0.1798828125,-12.6787197885196
0.179921875,-9.67871978851963
0.1799609375,-5.67871978851963
0.18,3.32128021148037
0.1800390625,14.3212802114804
0.180078125,25.3212802114804
0.1801171875,34.3212802114804
0.18015625,45.3212802114804
0.1801953125,54.3212802114804
0.180234375,61.3212802114804
0.1802734375,66.3212802114804
0.1803125,69.3212802114804
0.1803515625,69.3212802114804
0.180390625,65.3212802114804
0.1804296875,60.3212802114804
0.18046875,51.3212802114804
0.1805078125,41.3212802114804
0.180546875,31.3212802114804
0.1805859375,22.3212802114804
0.180625,17.3212802114804
0.1806640625,11.3212802114804
0.180703125,6.32128021148037
0.1807421875,-1.67871978851963
0.18078125,-11.6787197885196
0.1808203125,-22.6787197885196
0.180859375,-32.6787197885196
0.1808984375,-40.6787197885196
0.1809375,-44.6787197885196
0.1809765625,-47.6787197885196
0.181015625,-49.6787197885196
0.1810546875,-51.6787197885196
0.18109375,-53.6787197885196
0.1811328125,-53.6787197885196
0.181171875,-51.6787197885196
0.1812109375,-43.6787197885196
0.18125,-31.6787197885196
0.1812890625,-17.6787197885196
0.181328125,-8.67871978851963
0.1813671875,-0.678719788519629
0.18140625,4.32128021148037
0.1814453125,8.32128021148037
0.181484375,15.3212802114804
0.1815234375,18.3212802114804
0.1815625,19.3212802114804
0.1816015625,18.3212802114804
0.181640625,15.3212802114804
0.1816796875,9.32128021148037
0.18171875,3.32128021148037
0.1817578125,-3.67871978851963
0.181796875,-13.6787197885196
0.1818359375,-21.6787197885196
0.181875,-26.6787197885196
0.1819140625,-26.6787197885196
0.181953125,-20.6787197885196
0.1819921875,-13.6787197885196
0.18203125,-6.67871978851963
0.1820703125,-0.678719788519629
0.182109375,7.32128021148037
0.1821484375,15.3212802114804
0.1821875,20.3212802114804
0.1822265625,24.3212802114804
0.182265625,28.3212802114804
0.1823046875,27.3212802114804
0.18234375,23.3212802114804
0.1823828125,17.3212802114804
0.182421875,9.32128021148037
0.1824609375,2.32128021148037
0.1825,0.321280211480371
0.1825390625,1.32128021148037
0.182578125,4.32128021148037
0.1826171875,5.32128021148037
0.18265625,9.32128021148037
0.1826953125,14.3212802114804
0.182734375,16.3212802114804
0.1827734375,17.3212802114804
0.1828125,14.3212802114804
0.1828515625,11.3212802114804
0.182890625,6.32128021148037
0.1829296875,3.32128021148037
0.18296875,-1.67871978851963
0.1830078125,-8.67871978851963
0.183046875,-15.6787197885196
0.1830859375,-19.6787197885196
0.183125,-21.6787197885196
0.1831640625,-23.6787197885196
0.183203125,-20.6787197885196
0.1832421875,-16.6787197885196
0.18328125,-9.67871978851963
0.1833203125,-1.67871978851963
0.183359375,3.32128021148037
0.1833984375,5.32128021148037
0.1834375,6.32128021148037
0.1834765625,9.32128021148037
0.183515625,15.3212802114804
0.1835546875,20.3212802114804
0.18359375,24.3212802114804
0.1836328125,27.3212802114804
0.183671875,29.3212802114804
0.1837109375,26.3212802114804
0.18375,23.3212802114804
0.1837890625,16.3212802114804
0.183828125,9.32128021148037
0.1838671875,3.32128021148037
0.18390625,-5.67871978851963
0.1839453125,-14.6787197885196
0.183984375,-22.6787197885196
0.1840234375,-30.6787197885196
0.1840625,-38.6787197885196
0.1841015625,-45.6787197885196
0.184140625,-49.6787197885196
0.1841796875,-45.6787197885196
0.18421875,-39.6787197885196
0.1842578125,-34.6787197885196
0.184296875,-29.6787197885196
0.1843359375,-25.6787197885196
0.184375,-20.6787197885196
0.1844140625,-14.6787197885196
0.184453125,-8.67871978851963
0.1844921875,-2.67871978851963
0.18453125,3.32128021148037
0.1845703125,9.32128021148037
0.184609375,15.3212802114804
0.1846484375,21.3212802114804
0.1846875,26.3212802114804
0.1847265625,30.3212802114804
0.184765625,32.3212802114804
0.1848046875,35.3212802114804
0.18484375,40.3212802114804
0.1848828125,41.3212802114804
0.184921875,39.3212802114804
0.1849609375,35.3212802114804
0.185,28.3212802114804
0.1850390625,20.3212802114804
0.185078125,11.3212802114804
0.1851171875,4.32128021148037
0.18515625,-0.678719788519629
0.1851953125,-7.67871978851963
0.185234375,-14.6787197885196
0.1852734375,-20.6787197885196
0.1853125,-27.6787197885196
0.1853515625,-30.6787197885196
0.185390625,-32.6787197885196
0.1854296875,-33.6787197885196
0.18546875,-28.6787197885196
0.1855078125,-18.6787197885196
0.185546875,-8.67871978851963
0.1855859375,-2.67871978851963
0.185625,4.32128021148037
0.1856640625,7.32128021148037
0.185703125,12.3212802114804
0.1857421875,14.3212802114804
0.18578125,11.3212802114804
0.1858203125,9.32128021148037
0.185859375,4.32128021148037
0.1858984375,0.321280211480371
0.1859375,-3.67871978851963
0.1859765625,-7.67871978851963
0.186015625,-9.67871978851963
0.1860546875,-13.6787197885196
0.18609375,-11.6787197885196
0.1861328125,-6.67871978851963
0.186171875,0.321280211480371
0.1862109375,8.32128021148037
0.18625,12.3212802114804
0.1862890625,14.3212802114804
0.186328125,16.3212802114804
0.1863671875,14.3212802114804
0.18640625,13.3212802114804
0.1864453125,13.3212802114804
0.186484375,12.3212802114804
0.1865234375,9.32128021148037
0.1865625,3.32128021148037
0.1866015625,-1.67871978851963
0.186640625,-6.67871978851963
0.1866796875,-7.67871978851963
0.18671875,-8.67871978851963
0.1867578125,-11.6787197885196
0.186796875,-12.6787197885196
0.1868359375,-9.67871978851963
0.186875,-4.67871978851963
0.1869140625,2.32128021148037
0.186953125,6.32128021148037
0.1869921875,5.32128021148037
0.18703125,1.32128021148037
0.1870703125,-2.67871978851963
0.187109375,-5.67871978851963
0.1871484375,-3.67871978851963
0.1871875,-1.67871978851963
0.1872265625,-3.67871978851963
0.187265625,-6.67871978851963
0.1873046875,-7.67871978851963
0.18734375,-4.67871978851963
0.1873828125,-0.678719788519629
0.187421875,2.32128021148037
0.1874609375,10.3212802114804
0.1875,16.3212802114804
0.1875390625,21.3212802114804
0.187578125,25.3212802114804
0.1876171875,27.3212802114804
0.18765625,21.3212802114804
0.1876953125,11.3212802114804
0.187734375,4.32128021148037
0.1877734375,1.32128021148037
0.1878125,-1.67871978851963
0.1878515625,-4.67871978851963
0.187890625,-8.67871978851963
0.1879296875,-11.6787197885196
0.18796875,-14.6787197885196
0.1880078125,-16.6787197885196
0.188046875,-18.6787197885196
0.1880859375,-14.6787197885196
0.188125,-9.67871978851963
0.1881640625,-7.67871978851963
0.188203125,-7.67871978851963
0.1882421875,-9.67871978851963
0.18828125,-11.6787197885196
0.1883203125,-11.6787197885196
0.188359375,-8.67871978851963
0.1883984375,-5.67871978851963
0.1884375,-3.67871978851963
0.1884765625,-2.67871978851963
0.188515625,-0.678719788519629
0.1885546875,3.32128021148037
0.18859375,7.32128021148037
0.1886328125,9.32128021148037
0.188671875,12.3212802114804
0.1887109375,15.3212802114804
0.18875,20.3212802114804
0.1887890625,22.3212802114804
0.188828125,22.3212802114804
0.1888671875,20.3212802114804
0.18890625,15.3212802114804
0.1889453125,8.32128021148037
0.188984375,-0.678719788519629
0.1890234375,-9.67871978851963
0.1890625,-18.6787197885196
0.1891015625,-26.6787197885196
0.189140625,-32.6787197885196
0.1891796875,-35.6787197885196
0.18921875,-36.6787197885196
0.1892578125,-36.6787197885196
0.189296875,-34.6787197885196
0.1893359375,-30.6787197885196
0.189375,-23.6787197885196
0.1894140625,-18.6787197885196
0.189453125,-10.6787197885196
0.1894921875,1.32128021148037
0.18953125,17.3212802114804
0.1895703125,30.3212802114804
0.189609375,43.3212802114804
0.1896484375,49.3212802114804
0.1896875,51.3212802114804
0.1897265625,51.3212802114804
0.189765625,49.3212802114804
0.1898046875,46.3212802114804
0.18984375,42.3212802114804
0.1898828125,37.3212802114804
0.189921875,31.3212802114804
0.1899609375,25.3212802114804
0.19,16.3212802114804
0.1900390625,7.32128021148037
0.190078125,-1.67871978851963
0.1901171875,-11.6787197885196
0.19015625,-19.6787197885196
0.1901953125,-23.6787197885196
0.190234375,-29.6787197885196
0.1902734375,-35.6787197885196
0.1903125,-42.6787197885196
0.1903515625,-48.6787197885196
0.190390625,-47.6787197885196
0.1904296875,-44.6787197885196
0.19046875,-41.6787197885196
0.1905078125,-38.6787197885196
0.190546875,-35.6787197885196
0.1905859375,-36.6787197885196
0.190625,-36.6787197885196
0.1906640625,-31.6787197885196
0.190703125,-21.6787197885196
0.1907421875,-10.6787197885196
0.19078125,1.32128021148037
0.1908203125,12.3212802114804
0.190859375,19.3212802114804
0.1908984375,26.3212802114804
0.1909375,32.3212802114804
0.1909765625,35.3212802114804
0.191015625,37.3212802114804
0.1910546875,39.3212802114804
0.19109375,38.3212802114804
0.1911328125,33.3212802114804
0.191171875,28.3212802114804
0.1912109375,22.3212802114804
0.19125,11.3212802114804
0.1912890625,1.32128021148037
0.191328125,-5.67871978851963
0.1913671875,-7.67871978851963
0.19140625,-10.6787197885196
0.1914453125,-11.6787197885196
0.191484375,-9.67871978851963
0.1915234375,-5.67871978851963
0.1915625,-2.67871978851963
0.1916015625,1.32128021148037
0.191640625,6.32128021148037
0.1916796875,10.3212802114804
0.19171875,12.3212802114804
0.1917578125,12.3212802114804
0.191796875,8.32128021148037
0.1918359375,3.32128021148037
0.191875,-0.678719788519629
0.1919140625,-1.67871978851963
0.191953125,0.321280211480371
0.1919921875,1.32128021148037
0.19203125,2.32128021148037
0.1920703125,5.32128021148037
0.192109375,6.32128021148037
0.1921484375,5.32128021148037
0.1921875,4.32128021148037
0.1922265625,0.321280211480371
0.192265625,-5.67871978851963
0.1923046875,-9.67871978851963
0.19234375,-13.6787197885196
0.1923828125,-17.6787197885196
0.192421875,-19.6787197885196
0.1924609375,-18.6787197885196
0.1925,-18.6787197885196
0.1925390625,-20.6787197885196
0.192578125,-21.6787197885196
0.1926171875,-20.6787197885196
0.19265625,-15.6787197885196
0.1926953125,-9.67871978851963
0.192734375,-3.67871978851963
0.1927734375,1.32128021148037
0.1928125,3.32128021148037
0.1928515625,5.32128021148037
0.192890625,8.32128021148037
0.1929296875,9.32128021148037
0.19296875,13.3212802114804
0.1930078125,18.3212802114804
0.193046875,20.3212802114804
0.1930859375,20.3212802114804
0.193125,20.3212802114804
0.1931640625,19.3212802114804
0.193203125,14.3212802114804
0.1932421875,9.32128021148037
0.19328125,6.32128021148037
0.1933203125,6.32128021148037
0.193359375,5.32128021148037
0.1933984375,3.32128021148037
0.1934375,3.32128021148037
0.1934765625,1.32128021148037
0.193515625,-1.67871978851963
0.1935546875,-2.67871978851963
0.19359375,-0.678719788519629
0.1936328125,2.32128021148037
0.193671875,4.32128021148037
0.1937109375,6.32128021148037
0.19375,8.32128021148037
0.1937890625,8.32128021148037
0.193828125,10.3212802114804
0.1938671875,8.32128021148037
0.19390625,1.32128021148037
0.1939453125,-6.67871978851963
0.193984375,-14.6787197885196
0.1940234375,-21.6787197885196
0.1940625,-26.6787197885196
0.1941015625,-32.6787197885196
0.194140625,-34.6787197885196
0.1941796875,-36.6787197885196
0.19421875,-35.6787197885196
0.1942578125,-31.6787197885196
0.194296875,-23.6787197885196
0.1943359375,-12.6787197885196
0.194375,-4.67871978851963
0.1944140625,-1.67871978851963
0.194453125,-1.67871978851963
0.1944921875,-1.67871978851963
0.19453125,1.32128021148037
0.1945703125,2.32128021148037
0.194609375,2.32128021148037
0.1946484375,0.321280211480371
0.1946875,0.321280211480371
0.1947265625,3.32128021148037
0.194765625,8.32128021148037
0.1948046875,15.3212802114804
0.19484375,20.3212802114804
0.1948828125,26.3212802114804
0.194921875,29.3212802114804
0.1949609375,34.3212802114804
0.195,38.3212802114804
0.1950390625,38.3212802114804
0.195078125,36.3212802114804
0.1951171875,30.3212802114804
0.19515625,26.3212802114804
0.1951953125,21.3212802114804
0.195234375,16.3212802114804
0.1952734375,13.3212802114804
0.1953125,9.32128021148037
0.1953515625,5.32128021148037
0.195390625,-2.67871978851963
0.1954296875,-9.67871978851963
0.19546875,-15.6787197885196
0.1955078125,-22.6787197885196
0.195546875,-27.6787197885196
0.1955859375,-31.6787197885196
0.195625,-38.6787197885196
0.1956640625,-41.6787197885196
0.195703125,-42.6787197885196
0.1957421875,-39.6787197885196
0.19578125,-33.6787197885196
0.1958203125,-25.6787197885196
0.195859375,-17.6787197885196
0.1958984375,-10.6787197885196
0.1959375,-3.67871978851963
0.1959765625,3.32128021148037
0.196015625,7.32128021148037
0.1960546875,10.3212802114804
0.19609375,12.3212802114804
0.1961328125,14.3212802114804
0.196171875,17.3212802114804
0.1962109375,23.3212802114804
0.19625,31.3212802114804
0.1962890625,37.3212802114804
0.196328125,40.3212802114804
0.1963671875,38.3212802114804
0.19640625,34.3212802114804
0.1964453125,25.3212802114804
0.196484375,14.3212802114804
0.1965234375,1.32128021148037
0.1965625,-8.67871978851963
0.1966015625,-19.6787197885196
0.196640625,-29.6787197885196
0.1966796875,-37.6787197885196
0.19671875,-43.6787197885196
0.1967578125,-45.6787197885196
0.196796875,-40.6787197885196
0.1968359375,-31.6787197885196
0.196875,-19.6787197885196
0.1969140625,-8.67871978851963
0.196953125,-1.67871978851963
0.1969921875,3.32128021148037
0.19703125,8.32128021148037
0.1970703125,8.32128021148037
0.197109375,7.32128021148037
0.1971484375,6.32128021148037
0.1971875,4.32128021148037
0.1972265625,4.32128021148037
0.197265625,5.32128021148037
0.1973046875,4.32128021148037
0.19734375,5.32128021148037
0.1973828125,7.32128021148037
0.197421875,7.32128021148037
0.1974609375,7.32128021148037
0.1975,7.32128021148037
0.1975390625,10.3212802114804
0.197578125,16.3212802114804
0.1976171875,20.3212802114804
0.19765625,21.3212802114804
0.1976953125,16.3212802114804
0.197734375,11.3212802114804
0.1977734375,6.32128021148037
0.1978125,2.32128021148037
0.1978515625,2.32128021148037
0.197890625,4.32128021148037
0.1979296875,7.32128021148037
0.19796875,8.32128021148037
0.1980078125,8.32128021148037
0.198046875,10.3212802114804
0.1980859375,9.32128021148037
0.198125,8.32128021148037
0.1981640625,5.32128021148037
0.198203125,4.32128021148037
0.1982421875,3.32128021148037
0.19828125,0.321280211480371
0.1983203125,-3.67871978851963
0.198359375,-8.67871978851963
0.1983984375,-15.6787197885196
0.1984375,-22.6787197885196
0.1984765625,-30.6787197885196
0.198515625,-31.6787197885196
0.1985546875,-30.6787197885196
0.19859375,-30.6787197885196
0.1986328125,-30.6787197885196
0.198671875,-27.6787197885196
0.1987109375,-25.6787197885196
0.19875,-20.6787197885196
0.1987890625,-12.6787197885196
0.198828125,-6.67871978851963
0.1988671875,0.321280211480371
0.19890625,8.32128021148037
0.1989453125,14.3212802114804
0.198984375,17.3212802114804
0.1990234375,16.3212802114804
0.1990625,15.3212802114804
0.1991015625,10.3212802114804
0.199140625,7.32128021148037
0.1991796875,6.32128021148037
0.19921875,8.32128021148037
0.1992578125,10.3212802114804
0.199296875,8.32128021148037
0.1993359375,8.32128021148037
0.199375,6.32128021148037
0.1994140625,3.32128021148037
0.199453125,2.32128021148037
0.1994921875,3.32128021148037
0.19953125,6.32128021148037
0.1995703125,10.3212802114804
0.199609375,11.3212802114804
0.1996484375,11.3212802114804
0.1996875,10.3212802114804
0.1997265625,4.32128021148037
0.199765625,-0.678719788519629
0.1998046875,-4.67871978851963
0.19984375,-6.67871978851963
0.1998828125,-7.67871978851963
0.199921875,-10.6787197885196
0.1999609375,-12.6787197885196
0.2,-14.6787197885196
0.2000390625,-13.6787197885196
0.200078125,-10.6787197885196
0.2001171875,-1.67871978851963
0.20015625,8.32128021148037
0.2001953125,16.3212802114804
0.200234375,24.3212802114804
0.2002734375,32.3212802114804
0.2003125,36.3212802114804
0.2003515625,36.3212802114804
0.200390625,36.3212802114804
0.2004296875,30.3212802114804
0.20046875,23.3212802114804
0.2005078125,15.3212802114804
0.200546875,6.32128021148037
0.2005859375,-3.67871978851963
0.200625,-11.6787197885196
0.2006640625,-22.6787197885196
0.200703125,-31.6787197885196
0.2007421875,-36.6787197885196
0.20078125,-38.6787197885196
0.2008203125,-37.6787197885196
0.200859375,-36.6787197885196
0.2008984375,-35.6787197885196
0.2009375,-36.6787197885196
0.2009765625,-36.6787197885196
0.201015625,-34.6787197885196
0.2010546875,-31.6787197885196
0.20109375,-26.6787197885196
0.2011328125,-17.6787197885196
0.201171875,-8.67871978851963
0.2012109375,-1.67871978851963
0.20125,5.32128021148037
0.2012890625,12.3212802114804
0.201328125,18.3212802114804
0.2013671875,24.3212802114804
0.20140625,28.3212802114804
0.2014453125,33.3212802114804
0.201484375,35.3212802114804
0.2015234375,36.3212802114804
0.2015625,34.3212802114804
0.2016015625,32.3212802114804
0.201640625,24.3212802114804
0.2016796875,20.3212802114804
0.20171875,13.3212802114804
0.2017578125,8.32128021148037
0.201796875,3.32128021148037
0.2018359375,0.321280211480371
0.201875,-1.67871978851963
0.2019140625,-5.67871978851963
0.201953125,-8.67871978851963
0.2019921875,-11.6787197885196
0.20203125,-12.6787197885196
0.2020703125,-9.67871978851963
0.202109375,-2.67871978851963
0.2021484375,3.32128021148037
0.2021875,9.32128021148037
0.2022265625,14.3212802114804
0.202265625,15.3212802114804
0.2023046875,14.3212802114804
0.20234375,14.3212802114804
0.2023828125,11.3212802114804
0.202421875,7.32128021148037
0.2024609375,3.32128021148037
0.2025,0.321280211480371
0.2025390625,-6.67871978851963
0.202578125,-12.6787197885196
0.2026171875,-17.6787197885196
0.20265625,-22.6787197885196
0.2026953125,-25.6787197885196
0.202734375,-29.6787197885196
0.2027734375,-30.6787197885196
0.2028125,-30.6787197885196
0.2028515625,-31.6787197885196
0.202890625,-28.6787197885196
0.2029296875,-25.6787197885196
0.20296875,-20.6787197885196
0.2030078125,-16.6787197885196
0.203046875,-12.6787197885196
0.2030859375,-5.67871978851963
0.203125,1.32128021148037
0.2031640625,6.32128021148037
0.203203125,10.3212802114804
0.2032421875,11.3212802114804
0.20328125,12.3212802114804
0.2033203125,10.3212802114804
0.203359375,8.32128021148037
0.2033984375,8.32128021148037
0.2034375,6.32128021148037
0.2034765625,4.32128021148037
0.203515625,3.32128021148037
0.2035546875,3.32128021148037
0.20359375,4.32128021148037
0.2036328125,7.32128021148037
0.203671875,14.3212802114804
0.2037109375,19.3212802114804
0.20375,21.3212802114804
0.2037890625,21.3212802114804
0.203828125,17.3212802114804
0.2038671875,13.3212802114804
0.20390625,9.32128021148037
0.2039453125,6.32128021148037
0.203984375,2.32128021148037
0.2040234375,-3.67871978851963
0.2040625,-6.67871978851963
0.2041015625,-6.67871978851963
0.204140625,-3.67871978851963
0.2041796875,3.32128021148037
0.20421875,10.3212802114804
0.2042578125,19.3212802114804
0.204296875,27.3212802114804
0.2043359375,32.3212802114804
0.204375,36.3212802114804
0.2044140625,37.3212802114804
0.204453125,34.3212802114804
0.2044921875,28.3212802114804
0.20453125,19.3212802114804
0.2045703125,11.3212802114804
0.204609375,0.321280211480371
0.2046484375,-10.6787197885196
0.2046875,-16.6787197885196
0.2047265625,-21.6787197885196
0.204765625,-28.6787197885196
0.2048046875,-36.6787197885196
0.20484375,-39.6787197885196
0.2048828125,-42.6787197885196
0.204921875,-43.6787197885196
0.2049609375,-44.6787197885196
0.205,-38.6787197885196
0.2050390625,-31.6787197885196
0.205078125,-25.6787197885196
0.2051171875,-20.6787197885196
0.20515625,-20.6787197885196
0.2051953125,-19.6787197885196
0.205234375,-18.6787197885196
0.2052734375,-17.6787197885196
0.2053125,-15.6787197885196
0.2053515625,-10.6787197885196
0.205390625,-3.67871978851963
0.2054296875,7.32128021148037
0.20546875,17.3212802114804
0.2055078125,26.3212802114804
0.205546875,33.3212802114804
0.2055859375,38.3212802114804
0.205625,41.3212802114804
0.2056640625,45.3212802114804
0.205703125,47.3212802114804
0.2057421875,44.3212802114804
0.20578125,38.3212802114804
0.2058203125,29.3212802114804
0.205859375,17.3212802114804
0.2058984375,2.32128021148037
0.2059375,-12.6787197885196
0.2059765625,-26.6787197885196
0.206015625,-34.6787197885196
0.2060546875,-38.6787197885196
0.20609375,-35.6787197885196
0.2061328125,-31.6787197885196
0.206171875,-28.6787197885196
0.2062109375,-25.6787197885196
0.20625,-20.6787197885196
0.2062890625,-12.6787197885196
0.206328125,-3.67871978851963
0.2063671875,3.32128021148037
0.20640625,6.32128021148037
0.2064453125,5.32128021148037
0.206484375,5.32128021148037
0.2065234375,5.32128021148037
0.2065625,5.32128021148037
0.2066015625,6.32128021148037
0.206640625,5.32128021148037
0.2066796875,5.32128021148037
0.20671875,6.32128021148037
0.2067578125,9.32128021148037
0.206796875,13.3212802114804
0.2068359375,15.3212802114804
0.206875,15.3212802114804
0.2069140625,11.3212802114804
0.206953125,6.32128021148037
0.2069921875,3.32128021148037
0.20703125,-0.678719788519629
0.2070703125,-3.67871978851963
0.207109375,-7.67871978851963
0.2071484375,-9.67871978851963
0.2071875,-10.6787197885196
0.2072265625,-12.6787197885196
0.207265625,-12.6787197885196
0.2073046875,-8.67871978851963
0.20734375,-2.67871978851963
0.2073828125,1.32128021148037
0.207421875,3.32128021148037
0.2074609375,4.32128021148037
0.2075,7.32128021148037
0.2075390625,12.3212802114804
0.207578125,16.3212802114804
0.2076171875,18.3212802114804
0.20765625,18.3212802114804
0.2076953125,18.3212802114804
0.207734375,17.3212802114804
0.2077734375,16.3212802114804
0.2078125,12.3212802114804
0.2078515625,7.32128021148037
0.207890625,0.321280211480371
0.2079296875,-5.67871978851963
0.20796875,-12.6787197885196
0.2080078125,-19.6787197885196
0.208046875,-24.6787197885196
0.2080859375,-24.6787197885196
0.208125,-21.6787197885196
0.2081640625,-18.6787197885196
0.208203125,-16.6787197885196
0.2082421875,-14.6787197885196
0.20828125,-9.67871978851963
0.2083203125,-4.67871978851963
0.208359375,2.32128021148037
0.2083984375,9.32128021148037
0.2084375,14.3212802114804
0.2084765625,18.3212802114804
0.208515625,17.3212802114804
0.2085546875,17.3212802114804
0.20859375,20.3212802114804
0.2086328125,22.3212802114804
0.208671875,22.3212802114804
0.2087109375,19.3212802114804
0.20875,12.3212802114804
0.2087890625,7.32128021148037
0.208828125,3.32128021148037
0.2088671875,-1.67871978851963
0.20890625,-7.67871978851963
0.2089453125,-10.6787197885196
0.208984375,-16.6787197885196
0.2090234375,-19.6787197885196
0.2090625,-21.6787197885196
0.2091015625,-22.6787197885196
0.209140625,-24.6787197885196
0.2091796875,-21.6787197885196
0.20921875,-19.6787197885196
0.2092578125,-14.6787197885196
0.209296875,-11.6787197885196
0.2093359375,-7.67871978851963
0.209375,-4.67871978851963
0.2094140625,-0.678719788519629
0.209453125,-0.678719788519629
0.2094921875,-3.67871978851963
0.20953125,-4.67871978851963
0.2095703125,-2.67871978851963
0.209609375,1.32128021148037
0.2096484375,4.32128021148037
0.2096875,3.32128021148037
0.2097265625,1.32128021148037
0.209765625,2.32128021148037
0.2098046875,5.32128021148037
0.20984375,10.3212802114804
0.2098828125,16.3212802114804
0.209921875,18.3212802114804
0.2099609375,19.3212802114804
0.21,15.3212802114804
0.2100390625,12.3212802114804
0.210078125,9.32128021148037
0.2101171875,2.32128021148037
0.21015625,-1.67871978851963
0.2101953125,-4.67871978851963
0.210234375,-2.67871978851963
0.2102734375,-0.678719788519629
0.2103125,1.32128021148037
0.2103515625,1.32128021148037
0.210390625,-0.678719788519629
0.2104296875,0.321280211480371
0.21046875,1.32128021148037
0.2105078125,1.32128021148037
0.210546875,3.32128021148037
0.2105859375,2.32128021148037
0.210625,-2.67871978851963
0.2106640625,-7.67871978851963
0.210703125,-9.67871978851963
0.2107421875,-10.6787197885196
0.21078125,-9.67871978851963
0.2108203125,-6.67871978851963
0.210859375,-0.678719788519629
0.2108984375,7.32128021148037
0.2109375,18.3212802114804
0.2109765625,28.3212802114804
0.211015625,32.3212802114804
0.2110546875,31.3212802114804
0.21109375,26.3212802114804
0.2111328125,16.3212802114804
0.211171875,3.32128021148037
0.2112109375,-8.67871978851963
0.21125,-17.6787197885196
0.2112890625,-23.6787197885196
0.211328125,-27.6787197885196
0.2113671875,-32.6787197885196
0.21140625,-36.6787197885196
0.2114453125,-36.6787197885196
0.211484375,-33.6787197885196
0.2115234375,-23.6787197885196
0.2115625,-11.6787197885196
0.2116015625,-0.678719788519629
0.211640625,9.32128021148037
0.2116796875,20.3212802114804
0.21171875,25.3212802114804
0.2117578125,25.3212802114804
0.211796875,20.3212802114804
0.2118359375,17.3212802114804
0.211875,16.3212802114804
0.2119140625,17.3212802114804
0.211953125,17.3212802114804
0.2119921875,17.3212802114804
0.21203125,17.3212802114804
0.2120703125,14.3212802114804
0.212109375,8.32128021148037
0.2121484375,3.32128021148037
0.2121875,-1.67871978851963
0.2122265625,-2.67871978851963
0.212265625,-6.67871978851963
0.2123046875,-9.67871978851963
0.21234375,-14.6787197885196
0.2123828125,-20.6787197885196
0.212421875,-26.6787197885196
0.2124609375,-30.6787197885196
0.2125,-33.6787197885196
0.2125390625,-33.6787197885196
0.212578125,-32.6787197885196
0.2126171875,-31.6787197885196
0.21265625,-30.6787197885196
0.2126953125,-28.6787197885196
0.212734375,-23.6787197885196
0.2127734375,-18.6787197885196
0.2128125,-10.6787197885196
0.2128515625,-1.67871978851963
0.212890625,7.32128021148037
0.2129296875,12.3212802114804
0.21296875,14.3212802114804
0.2130078125,13.3212802114804
0.213046875,13.3212802114804
0.2130859375,12.3212802114804
0.213125,12.3212802114804
0.2131640625,17.3212802114804
0.213203125,21.3212802114804
0.2132421875,22.3212802114804
0.21328125,23.3212802114804
0.2133203125,25.3212802114804
0.213359375,25.3212802114804
0.2133984375,25.3212802114804
0.2134375,24.3212802114804
0.2134765625,22.3212802114804
0.213515625,23.3212802114804
0.2135546875,22.3212802114804
0.21359375,24.3212802114804
0.2136328125,28.3212802114804
0.213671875,31.3212802114804
0.2137109375,29.3212802114804
0.21375,24.3212802114804
0.2137890625,14.3212802114804
0.213828125,1.32128021148037
0.2138671875,-7.67871978851963
0.21390625,-16.6787197885196
0.2139453125,-24.6787197885196
0.213984375,-33.6787197885196
0.2140234375,-38.6787197885196
0.2140625,-41.6787197885196
0.2141015625,-41.6787197885196
0.214140625,-33.6787197885196
0.2141796875,-22.6787197885196
0.21421875,-13.6787197885196
0.2142578125,-7.67871978851963
0.214296875,-4.67871978851963
0.2143359375,-2.67871978851963
0.214375,-2.67871978851963
0.2144140625,-6.67871978851963
0.214453125,-8.67871978851963
0.2144921875,-12.6787197885196
0.21453125,-17.6787197885196
0.2145703125,-20.6787197885196
0.214609375,-19.6787197885196
0.2146484375,-15.6787197885196
0.2146875,-8.67871978851963
0.2147265625,-3.67871978851963
0.214765625,2.32128021148037
0.2148046875,8.32128021148037
0.21484375,16.3212802114804
0.2148828125,22.3212802114804
0.214921875,27.3212802114804
0.2149609375,26.3212802114804
0.215,23.3212802114804
0.2150390625,18.3212802114804
0.215078125,16.3212802114804
0.2151171875,16.3212802114804
0.21515625,18.3212802114804
0.2151953125,18.3212802114804
0.215234375,15.3212802114804
0.2152734375,12.3212802114804
0.2153125,8.32128021148037
0.2153515625,4.32128021148037
0.215390625,0.321280211480371
0.2154296875,-2.67871978851963
0.21546875,-3.67871978851963
0.2155078125,-2.67871978851963
0.215546875,-2.67871978851963
0.2155859375,-4.67871978851963
0.215625,-4.67871978851963
0.2156640625,-5.67871978851963
0.215703125,-7.67871978851963
0.2157421875,-8.67871978851963
0.21578125,-6.67871978851963
0.2158203125,-4.67871978851963
0.215859375,-1.67871978851963
0.2158984375,1.32128021148037
0.2159375,4.32128021148037
0.2159765625,4.32128021148037
0.216015625,1.32128021148037
0.2160546875,-1.67871978851963
0.21609375,-4.67871978851963
0.2161328125,-4.67871978851963
0.216171875,-7.67871978851963
0.2162109375,-11.6787197885196
0.21625,-17.6787197885196
0.2162890625,-24.6787197885196
0.216328125,-29.6787197885196
0.2163671875,-34.6787197885196
0.21640625,-37.6787197885196
0.2164453125,-37.6787197885196
0.216484375,-34.6787197885196
0.2165234375,-31.6787197885196
0.2165625,-23.6787197885196
0.2166015625,-16.6787197885196
0.216640625,-6.67871978851963
0.2166796875,1.32128021148037
0.21671875,8.32128021148037
0.2167578125,12.3212802114804
0.216796875,19.3212802114804
0.2168359375,27.3212802114804
0.216875,32.3212802114804
0.2169140625,35.3212802114804
0.216953125,37.3212802114804
0.2169921875,40.3212802114804
0.21703125,40.3212802114804
0.2170703125,43.3212802114804
0.217109375,43.3212802114804
0.2171484375,42.3212802114804
0.2171875,41.3212802114804
0.2172265625,40.3212802114804
0.217265625,38.3212802114804
0.2173046875,33.3212802114804
0.21734375,25.3212802114804
0.2173828125,16.3212802114804
0.217421875,7.32128021148037
0.2174609375,-2.67871978851963
0.2175,-9.67871978851963
0.2175390625,-16.6787197885196
0.217578125,-25.6787197885196
0.2176171875,-33.6787197885196
0.21765625,-38.6787197885196
0.2176953125,-41.6787197885196
0.217734375,-36.6787197885196
0.2177734375,-29.6787197885196
0.2178125,-23.6787197885196
0.2178515625,-20.6787197885196
0.217890625,-19.6787197885196
0.2179296875,-18.6787197885196
0.21796875,-18.6787197885196
0.2180078125,-18.6787197885196
0.218046875,-19.6787197885196
0.2180859375,-20.6787197885196
0.218125,-24.6787197885196
0.2181640625,-23.6787197885196
0.218203125,-20.6787197885196
0.2182421875,-15.6787197885196
0.21828125,-9.67871978851963
0.2183203125,-1.67871978851963
0.218359375,7.32128021148037
0.2183984375,15.3212802114804
0.2184375,21.3212802114804
0.2184765625,23.3212802114804
0.218515625,19.3212802114804
0.2185546875,16.3212802114804
0.21859375,9.32128021148037
0.2186328125,2.32128021148037
0.218671875,-5.67871978851963
0.2187109375,-11.6787197885196
0.21875,-17.6787197885196
0.2187890625,-19.6787197885196
0.218828125,-19.6787197885196
0.2188671875,-13.6787197885196
0.21890625,-4.67871978851963
0.2189453125,5.32128021148037
0.218984375,17.3212802114804
0.2190234375,28.3212802114804
0.2190625,36.3212802114804
0.2191015625,43.3212802114804
0.219140625,47.3212802114804
0.2191796875,47.3212802114804
0.21921875,45.3212802114804
0.2192578125,36.3212802114804
0.219296875,26.3212802114804
0.2193359375,12.3212802114804
0.219375,1.32128021148037
0.2194140625,-3.67871978851963
0.219453125,-7.67871978851963
0.2194921875,-8.67871978851963
0.21953125,-9.67871978851963
0.2195703125,-13.6787197885196
0.219609375,-17.6787197885196
0.2196484375,-19.6787197885196
0.2196875,-17.6787197885196
0.2197265625,-16.6787197885196
0.219765625,-17.6787197885196
0.2198046875,-25.6787197885196
0.21984375,-34.6787197885196
0.2198828125,-42.6787197885196
0.219921875,-43.6787197885196
0.2199609375,-40.6787197885196
0.22,-33.6787197885196
0.2200390625,-23.6787197885196
0.220078125,-15.6787197885196
0.2201171875,-8.67871978851963
0.22015625,-0.678719788519629
0.2201953125,10.3212802114804
0.220234375,23.3212802114804
0.2202734375,34.3212802114804
0.2203125,39.3212802114804
0.2203515625,39.3212802114804
0.220390625,38.3212802114804
0.2204296875,35.3212802114804
0.22046875,33.3212802114804
0.2205078125,28.3212802114804
0.220546875,19.3212802114804
0.2205859375,6.32128021148037
0.220625,-3.67871978851963
0.2206640625,-7.67871978851963
0.220703125,-11.6787197885196
0.2207421875,-13.6787197885196
0.22078125,-14.6787197885196
0.2208203125,-14.6787197885196
0.220859375,-15.6787197885196
0.2208984375,-13.6787197885196
0.2209375,-8.67871978851963
0.2209765625,1.32128021148037
0.221015625,9.32128021148037
0.2210546875,11.3212802114804
0.22109375,13.3212802114804
0.2211328125,14.3212802114804
0.221171875,11.3212802114804
0.2212109375,9.32128021148037
0.22125,7.32128021148037
0.2212890625,3.32128021148037
0.221328125,0.321280211480371
0.2213671875,1.32128021148037
0.22140625,3.32128021148037
0.2214453125,8.32128021148037
0.221484375,11.3212802114804
0.2215234375,13.3212802114804
0.2215625,11.3212802114804
0.2216015625,7.32128021148037
0.221640625,3.32128021148037
0.2216796875,-0.678719788519629
0.22171875,-4.67871978851963
0.2217578125,-13.6787197885196
0.221796875,-27.6787197885196
0.2218359375,-41.6787197885196
0.221875,-50.6787197885196
0.2219140625,-55.6787197885196
0.221953125,-55.6787197885196
0.2219921875,-50.6787197885196
0.22203125,-43.6787197885196
0.2220703125,-32.6787197885196
0.222109375,-22.6787197885196
0.2221484375,-12.6787197885196
0.2221875,-2.67871978851963
0.2222265625,3.32128021148037
0.222265625,6.32128021148037
0.2223046875,8.32128021148037
0.22234375,7.32128021148037
0.2223828125,6.32128021148037
0.222421875,7.32128021148037
0.2224609375,12.3212802114804
0.2225,19.3212802114804
0.2225390625,22.3212802114804
0.222578125,25.3212802114804
0.2226171875,32.3212802114804
0.22265625,39.3212802114804
0.2226953125,44.3212802114804
0.222734375,46.3212802114804
0.2227734375,43.3212802114804
0.2228125,34.3212802114804
0.2228515625,27.3212802114804
0.222890625,22.3212802114804
0.2229296875,18.3212802114804
0.22296875,15.3212802114804
0.2230078125,13.3212802114804
0.223046875,12.3212802114804
0.2230859375,11.3212802114804
0.223125,12.3212802114804
0.2231640625,11.3212802114804
0.223203125,10.3212802114804
0.2232421875,10.3212802114804
0.22328125,8.32128021148037
0.2233203125,1.32128021148037
0.223359375,-7.67871978851963
0.2233984375,-18.6787197885196
0.2234375,-29.6787197885196
0.2234765625,-37.6787197885196
0.223515625,-46.6787197885196
0.2235546875,-52.6787197885196
0.22359375,-53.6787197885196
0.2236328125,-52.6787197885196
0.223671875,-50.6787197885196
0.2237109375,-43.6787197885196
0.22375,-33.6787197885196
0.2237890625,-24.6787197885196
0.223828125,-19.6787197885196
0.2238671875,-16.6787197885196
0.22390625,-6.67871978851963
0.2239453125,6.32128021148037
0.223984375,21.3212802114804
0.2240234375,34.3212802114804
0.2240625,41.3212802114804
0.2241015625,41.3212802114804
0.224140625,37.3212802114804
0.2241796875,32.3212802114804
0.22421875,31.3212802114804
0.2242578125,35.3212802114804
0.224296875,39.3212802114804
0.2243359375,39.3212802114804
0.224375,39.3212802114804
0.2244140625,36.3212802114804
0.224453125,35.3212802114804
0.2244921875,29.3212802114804
0.22453125,21.3212802114804
0.2245703125,10.3212802114804
0.224609375,-3.67871978851963
0.2246484375,-17.6787197885196
0.2246875,-29.6787197885196
0.2247265625,-36.6787197885196
0.224765625,-46.6787197885196
0.2248046875,-55.6787197885196
0.22484375,-59.6787197885196
0.2248828125,-55.6787197885196
0.224921875,-40.6787197885196
0.2249609375,-20.6787197885196
0.225,-5.67871978851963
0.2250390625,2.32128021148037
0.225078125,3.32128021148037
0.2251171875,6.32128021148037
0.22515625,8.32128021148037
0.2251953125,11.3212802114804
0.225234375,12.3212802114804
0.2252734375,13.3212802114804
0.2253125,11.3212802114804
0.2253515625,8.32128021148037
0.225390625,3.32128021148037
0.2254296875,-0.678719788519629
0.22546875,-4.67871978851963
0.2255078125,-8.67871978851963
0.225546875,-11.6787197885196
0.2255859375,-14.6787197885196
0.225625,-15.6787197885196
0.2256640625,-12.6787197885196
0.225703125,-7.67871978851963
0.2257421875,-1.67871978851963
0.22578125,-0.678719788519629
0.2258203125,-4.67871978851963
0.225859375,-7.67871978851963
0.2258984375,-7.67871978851963
0.2259375,-7.67871978851963
0.2259765625,-8.67871978851963
0.226015625,-14.6787197885196
0.2260546875,-19.6787197885196
0.22609375,-22.6787197885196
0.2261328125,-23.6787197885196
0.226171875,-19.6787197885196
0.2262109375,-10.6787197885196
0.22625,-0.678719788519629
0.2262890625,11.3212802114804
0.226328125,24.3212802114804
0.2263671875,37.3212802114804
0.22640625,51.3212802114804
0.2264453125,62.3212802114804
0.226484375,66.3212802114804
0.2265234375,64.3212802114804
0.2265625,59.3212802114804
0.2266015625,53.3212802114804
0.226640625,46.3212802114804
0.2266796875,36.3212802114804
0.22671875,24.3212802114804
0.2267578125,8.32128021148037
0.226796875,-6.67871978851963
0.2268359375,-13.6787197885196
0.226875,-10.6787197885196
0.2269140625,-6.67871978851963
0.226953125,-4.67871978851963
0.2269921875,-5.67871978851963
0.22703125,-12.6787197885196
0.2270703125,-21.6787197885196
0.227109375,-30.6787197885196
0.2271484375,-34.6787197885196
0.2271875,-36.6787197885196
0.2272265625,-41.6787197885196
0.227265625,-50.6787197885196
0.2273046875,-54.6787197885196
0.22734375,-52.6787197885196
0.2273828125,-47.6787197885196
0.227421875,-39.6787197885196
0.2274609375,-29.6787197885196
0.2275,-21.6787197885196
0.2275390625,-12.6787197885196
0.227578125,0.321280211480371
0.2276171875,14.3212802114804
0.22765625,24.3212802114804
0.2276953125,31.3212802114804
0.227734375,36.3212802114804
0.2277734375,36.3212802114804
0.2278125,37.3212802114804
0.2278515625,40.3212802114804
0.227890625,46.3212802114804
0.2279296875,46.3212802114804
0.22796875,41.3212802114804
0.2280078125,30.3212802114804
0.228046875,12.3212802114804
0.2280859375,-2.67871978851963
0.228125,-11.6787197885196
0.2281640625,-14.6787197885196
0.228203125,-21.6787197885196
0.2282421875,-29.6787197885196
0.22828125,-35.6787197885196
0.2283203125,-37.6787197885196
0.228359375,-36.6787197885196
0.2283984375,-33.6787197885196
0.2284375,-32.6787197885196
0.2284765625,-32.6787197885196
0.228515625,-32.6787197885196
0.2285546875,-36.6787197885196
0.22859375,-39.6787197885196
0.2286328125,-42.6787197885196
0.228671875,-41.6787197885196
0.2287109375,-37.6787197885196
0.22875,-30.6787197885196
0.2287890625,-18.6787197885196
0.228828125,-6.67871978851963
0.2288671875,8.32128021148037
0.22890625,23.3212802114804
0.2289453125,41.3212802114804
0.228984375,56.3212802114804
0.2290234375,67.3212802114804
0.2290625,75.3212802114804
0.2291015625,79.3212802114804
0.229140625,81.3212802114804
0.2291796875,80.3212802114804
0.22921875,76.3212802114804
0.2292578125,67.3212802114804
0.229296875,60.3212802114804
0.2293359375,53.3212802114804
0.229375,43.3212802114804
0.2294140625,29.3212802114804
0.229453125,19.3212802114804
0.2294921875,9.32128021148037
0.22953125,1.32128021148037
0.2295703125,-7.67871978851963
0.229609375,-15.6787197885196
0.2296484375,-23.6787197885196
0.2296875,-29.6787197885196
0.2297265625,-36.6787197885196
0.229765625,-40.6787197885196
0.2298046875,-43.6787197885196
0.22984375,-47.6787197885196
0.2298828125,-48.6787197885196
0.229921875,-47.6787197885196
0.2299609375,-47.6787197885196
0.23,-47.6787197885196
0.2300390625,-47.6787197885196
0.230078125,-46.6787197885196
0.2301171875,-43.6787197885196
0.23015625,-38.6787197885196
0.2301953125,-32.6787197885196
0.230234375,-24.6787197885196
0.2302734375,-12.6787197885196
0.2303125,-6.67871978851963
0.2303515625,-2.67871978851963
0.230390625,4.32128021148037
0.2304296875,10.3212802114804
0.23046875,17.3212802114804
0.2305078125,23.3212802114804
0.230546875,24.3212802114804
0.2305859375,26.3212802114804
0.230625,26.3212802114804
0.2306640625,27.3212802114804
0.230703125,26.3212802114804
0.2307421875,24.3212802114804
0.23078125,23.3212802114804
0.2308203125,22.3212802114804
0.230859375,19.3212802114804
0.2308984375,16.3212802114804
0.2309375,12.3212802114804
0.2309765625,8.32128021148037
0.231015625,4.32128021148037
0.2310546875,-1.67871978851963
0.23109375,-1.67871978851963
0.2311328125,0.321280211480371
0.231171875,2.32128021148037
0.2312109375,2.32128021148037
0.23125,-1.67871978851963
0.2312890625,-7.67871978851963
0.231328125,-14.6787197885196
0.2313671875,-23.6787197885196
0.23140625,-30.6787197885196
0.2314453125,-34.6787197885196
0.231484375,-41.6787197885196
0.2315234375,-45.6787197885196
0.2315625,-47.6787197885196
0.2316015625,-44.6787197885196
0.231640625,-36.6787197885196
0.2316796875,-25.6787197885196
0.23171875,-10.6787197885196
0.2317578125,4.32128021148037
0.231796875,18.3212802114804
0.2318359375,32.3212802114804
0.231875,41.3212802114804
0.2319140625,46.3212802114804
0.231953125,48.3212802114804
0.2319921875,47.3212802114804
0.23203125,44.3212802114804
0.2320703125,38.3212802114804
0.232109375,32.3212802114804
0.2321484375,22.3212802114804
0.2321875,11.3212802114804
0.2322265625,3.32128021148037
0.232265625,0.321280211480371
0.2323046875,-1.67871978851963
0.23234375,-3.67871978851963
0.2323828125,-1.67871978851963
0.232421875,3.32128021148037
0.2324609375,7.32128021148037
0.2325,11.3212802114804
0.2325390625,16.3212802114804
0.232578125,16.3212802114804
0.2326171875,17.3212802114804
0.23265625,13.3212802114804
0.2326953125,10.3212802114804
0.232734375,4.32128021148037
0.2327734375,-3.67871978851963
0.2328125,-11.6787197885196
0.2328515625,-19.6787197885196
0.232890625,-27.6787197885196
0.2329296875,-35.6787197885196
0.23296875,-41.6787197885196
0.2330078125,-41.6787197885196
0.233046875,-34.6787197885196
0.2330859375,-25.6787197885196
0.233125,-14.6787197885196
0.2331640625,-6.67871978851963
0.233203125,-0.678719788519629
0.2332421875,4.32128021148037
0.23328125,5.32128021148037
0.2333203125,4.32128021148037
0.233359375,-0.678719788519629
0.2333984375,-7.67871978851963
0.2334375,-14.6787197885196
0.2334765625,-20.6787197885196
0.233515625,-23.6787197885196
0.2335546875,-24.6787197885196
0.23359375,-19.6787197885196
0.2336328125,-11.6787197885196
0.233671875,2.32128021148037
0.2337109375,20.3212802114804
0.23375,34.3212802114804
0.2337890625,45.3212802114804
0.233828125,52.3212802114804
0.2338671875,54.3212802114804
0.23390625,48.3212802114804
0.2339453125,36.3212802114804
0.233984375,19.3212802114804
0.2340234375,0.321280211480371
0.2340625,-12.6787197885196
0.2341015625,-23.6787197885196
0.234140625,-32.6787197885196
0.2341796875,-38.6787197885196
0.23421875,-40.6787197885196
0.2342578125,-39.6787197885196
0.234296875,-32.6787197885196
0.2343359375,-21.6787197885196
0.234375,-5.67871978851963
0.2344140625,4.32128021148037
0.234453125,14.3212802114804
0.2344921875,20.3212802114804
0.23453125,23.3212802114804
0.2345703125,22.3212802114804
0.234609375,20.3212802114804
0.2346484375,21.3212802114804
0.2346875,21.3212802114804
0.2347265625,20.3212802114804
0.234765625,20.3212802114804
0.2348046875,17.3212802114804
0.23484375,12.3212802114804
0.2348828125,9.32128021148037
0.234921875,7.32128021148037
0.2349609375,6.32128021148037
0.235,4.32128021148037
0.2350390625,3.32128021148037
0.235078125,0.321280211480371
0.2351171875,-1.67871978851963
0.23515625,-6.67871978851963
0.2351953125,-11.6787197885196
0.235234375,-18.6787197885196
0.2352734375,-23.6787197885196
0.2353125,-25.6787197885196
0.2353515625,-28.6787197885196
0.235390625,-34.6787197885196
0.2354296875,-39.6787197885196
0.23546875,-40.6787197885196
0.2355078125,-36.6787197885196
0.235546875,-31.6787197885196
0.2355859375,-25.6787197885196
0.235625,-19.6787197885196
0.2356640625,-11.6787197885196
0.235703125,-2.67871978851963
0.2357421875,6.32128021148037
0.23578125,13.3212802114804
0.2358203125,21.3212802114804
0.235859375,25.3212802114804
0.2358984375,28.3212802114804
0.2359375,28.3212802114804
0.2359765625,29.3212802114804
0.236015625,32.3212802114804
0.2360546875,35.3212802114804
0.23609375,37.3212802114804
0.2361328125,36.3212802114804
0.236171875,31.3212802114804
0.2362109375,25.3212802114804
0.23625,19.3212802114804
0.2362890625,17.3212802114804
0.236328125,15.3212802114804
0.2363671875,12.3212802114804
0.23640625,7.32128021148037
0.2364453125,-0.678719788519629
0.236484375,-7.67871978851963
0.2365234375,-15.6787197885196
0.2365625,-23.6787197885196
0.2366015625,-26.6787197885196
0.236640625,-28.6787197885196
0.2366796875,-28.6787197885196
0.23671875,-26.6787197885196
0.2367578125,-22.6787197885196
0.236796875,-18.6787197885196
0.2368359375,-13.6787197885196
0.236875,-10.6787197885196
0.2369140625,-8.67871978851963
0.236953125,-3.67871978851963
0.2369921875,3.32128021148037
0.23703125,9.32128021148037
0.2370703125,14.3212802114804
0.237109375,14.3212802114804
0.2371484375,14.3212802114804
0.2371875,14.3212802114804
0.2372265625,12.3212802114804
0.237265625,9.32128021148037
0.2373046875,8.32128021148037
0.23734375,5.32128021148037
0.2373828125,1.32128021148037
0.237421875,-1.67871978851963
0.2374609375,-6.67871978851963
0.2375,-14.6787197885196
0.2375390625,-22.6787197885196
0.237578125,-31.6787197885196
0.2376171875,-36.6787197885196
0.23765625,-41.6787197885196
0.2376953125,-41.6787197885196
0.237734375,-39.6787197885196
0.2377734375,-38.6787197885196
0.2378125,-37.6787197885196
0.2378515625,-35.6787197885196
0.237890625,-27.6787197885196
0.2379296875,-14.6787197885196
0.23796875,-1.67871978851963
0.2380078125,11.3212802114804
0.238046875,21.3212802114804
0.2380859375,28.3212802114804
0.238125,33.3212802114804
0.2381640625,35.3212802114804
0.238203125,35.3212802114804
0.2382421875,36.3212802114804
0.23828125,39.3212802114804
0.2383203125,42.3212802114804
0.238359375,41.3212802114804
0.2383984375,38.3212802114804
0.2384375,36.3212802114804
0.2384765625,34.3212802114804
0.238515625,31.3212802114804
0.2385546875,28.3212802114804
0.23859375,24.3212802114804
0.2386328125,22.3212802114804
0.238671875,21.3212802114804
0.2387109375,17.3212802114804
0.23875,10.3212802114804
0.2387890625,-2.67871978851963
0.238828125,-16.6787197885196
0.2388671875,-26.6787197885196
0.23890625,-30.6787197885196
0.2389453125,-32.6787197885196
0.238984375,-34.6787197885196
0.2390234375,-35.6787197885196
0.2390625,-29.6787197885196
0.2391015625,-20.6787197885196
0.239140625,-12.6787197885196
0.2391796875,-4.67871978851963
0.23921875,1.32128021148037
0.2392578125,2.32128021148037
0.239296875,-1.67871978851963
0.2393359375,-6.67871978851963
0.239375,-13.6787197885196
0.2394140625,-18.6787197885196
0.239453125,-22.6787197885196
0.2394921875,-25.6787197885196
0.23953125,-21.6787197885196
0.2395703125,-12.6787197885196
0.239609375,0.321280211480371
0.2396484375,14.3212802114804
0.2396875,25.3212802114804
0.2397265625,34.3212802114804
0.239765625,39.3212802114804
0.2398046875,41.3212802114804
0.23984375,41.3212802114804
0.2398828125,43.3212802114804
0.239921875,39.3212802114804
0.2399609375,31.3212802114804
0.24,20.3212802114804
0.2400390625,7.32128021148037
0.240078125,-1.67871978851963
0.2401171875,-7.67871978851963
0.24015625,-12.6787197885196
0.2401953125,-18.6787197885196
0.240234375,-23.6787197885196
0.2402734375,-27.6787197885196
0.2403125,-28.6787197885196
0.2403515625,-28.6787197885196
0.240390625,-29.6787197885196
0.2404296875,-32.6787197885196
0.24046875,-37.6787197885196
0.2405078125,-38.6787197885196
0.240546875,-33.6787197885196
0.2405859375,-24.6787197885196
0.240625,-19.6787197885196
0.2406640625,-16.6787197885196
0.240703125,-14.6787197885196
0.2407421875,-13.6787197885196
0.24078125,-15.6787197885196
0.2408203125,-16.6787197885196
0.240859375,-15.6787197885196
0.2408984375,-15.6787197885196
0.2409375,-13.6787197885196
0.2409765625,-9.67871978851963
0.241015625,-5.67871978851963
0.2410546875,0.321280211480371
0.24109375,3.32128021148037
0.2411328125,4.32128021148037
0.241171875,6.32128021148037
0.2412109375,6.32128021148037
0.24125,8.32128021148037
0.2412890625,10.3212802114804
0.241328125,12.3212802114804
0.2413671875,11.3212802114804
0.24140625,11.3212802114804
0.2414453125,9.32128021148037
0.241484375,7.32128021148037
0.2415234375,11.3212802114804
0.2415625,16.3212802114804
0.2416015625,20.3212802114804
0.241640625,24.3212802114804
0.2416796875,27.3212802114804
0.24171875,28.3212802114804
0.2417578125,26.3212802114804
0.241796875,28.3212802114804
0.2418359375,32.3212802114804
0.241875,34.3212802114804
0.2419140625,33.3212802114804
0.241953125,32.3212802114804
0.2419921875,29.3212802114804
0.24203125,27.3212802114804
0.2420703125,23.3212802114804
0.242109375,17.3212802114804
0.2421484375,13.3212802114804
0.2421875,9.32128021148037
0.2422265625,5.32128021148037
0.242265625,3.32128021148037
0.2423046875,2.32128021148037
0.24234375,3.32128021148037
0.2423828125,3.32128021148037
0.242421875,4.32128021148037
0.2424609375,5.32128021148037
0.2425,4.32128021148037
0.2425390625,2.32128021148037
0.242578125,-0.678719788519629
0.2426171875,-4.67871978851963
0.24265625,-11.6787197885196
0.2426953125,-20.6787197885196
0.242734375,-30.6787197885196
0.2427734375,-36.6787197885196
0.2428125,-34.6787197885196
0.2428515625,-33.6787197885196
0.242890625,-31.6787197885196
0.2429296875,-34.6787197885196
0.24296875,-34.6787197885196
0.2430078125,-31.6787197885196
0.243046875,-26.6787197885196
0.2430859375,-21.6787197885196
0.243125,-16.6787197885196
0.2431640625,-9.67871978851963
0.243203125,-5.67871978851963
0.2432421875,-3.67871978851963
0.24328125,-2.67871978851963
0.2433203125,-2.67871978851963
0.243359375,-2.67871978851963
0.2433984375,-2.67871978851963
0.2434375,-1.67871978851963
0.2434765625,-0.678719788519629
0.243515625,1.32128021148037
0.2435546875,2.32128021148037
0.24359375,1.32128021148037
0.2436328125,0.321280211480371
0.243671875,2.32128021148037
0.2437109375,1.32128021148037
0.24375,-0.678719788519629
0.2437890625,-1.67871978851963
0.243828125,-0.678719788519629
0.2438671875,2.32128021148037
0.24390625,4.32128021148037
0.2439453125,5.32128021148037
0.243984375,6.32128021148037
0.2440234375,5.32128021148037
0.2440625,2.32128021148037
0.2441015625,2.32128021148037
0.244140625,4.32128021148037
0.2441796875,3.32128021148037
0.24421875,1.32128021148037
0.2442578125,-1.67871978851963
0.244296875,-4.67871978851963
0.2443359375,-7.67871978851963
0.244375,-7.67871978851963
0.2444140625,-5.67871978851963
0.244453125,0.321280211480371
0.2444921875,5.32128021148037
0.24453125,8.32128021148037
0.2445703125,11.3212802114804
0.244609375,13.3212802114804
0.2446484375,16.3212802114804
0.2446875,18.3212802114804
0.2447265625,19.3212802114804
0.244765625,19.3212802114804
0.2448046875,17.3212802114804
0.24484375,15.3212802114804
0.2448828125,14.3212802114804
0.244921875,10.3212802114804
0.2449609375,9.32128021148037
0.245,8.32128021148037
0.2450390625,9.32128021148037
0.245078125,12.3212802114804
0.2451171875,15.3212802114804
0.24515625,17.3212802114804
0.2451953125,15.3212802114804
0.245234375,10.3212802114804
0.2452734375,6.32128021148037
0.2453125,-0.678719788519629
0.2453515625,-9.67871978851963
0.245390625,-16.6787197885196
0.2454296875,-20.6787197885196
0.24546875,-23.6787197885196
0.2455078125,-24.6787197885196
0.245546875,-24.6787197885196
0.2455859375,-22.6787197885196
0.245625,-18.6787197885196
0.2456640625,-14.6787197885196
0.245703125,-10.6787197885196
0.2457421875,-6.67871978851963
0.24578125,-4.67871978851963
0.2458203125,-2.67871978851963
0.245859375,-1.67871978851963
0.2458984375,-1.67871978851963
0.2459375,-0.678719788519629
0.2459765625,-3.67871978851963
0.246015625,-4.67871978851963
0.2460546875,-4.67871978851963
0.24609375,0.321280211480371
0.2461328125,3.32128021148037
0.246171875,4.32128021148037
0.2462109375,6.32128021148037
0.24625,4.32128021148037
0.2462890625,1.32128021148037
0.246328125,1.32128021148037
0.2463671875,2.32128021148037
0.24640625,5.32128021148037
0.2464453125,3.32128021148037
0.246484375,2.32128021148037
0.2465234375,3.32128021148037
0.2465625,5.32128021148037
0.2466015625,8.32128021148037
0.246640625,11.3212802114804
0.2466796875,13.3212802114804
0.24671875,16.3212802114804
0.2467578125,18.3212802114804
0.246796875,17.3212802114804
0.2468359375,13.3212802114804
0.246875,7.32128021148037
0.2469140625,0.321280211480371
0.246953125,-6.67871978851963
0.2469921875,-15.6787197885196
0.24703125,-22.6787197885196
0.2470703125,-24.6787197885196
0.247109375,-24.6787197885196
0.2471484375,-25.6787197885196
0.2471875,-25.6787197885196
0.2472265625,-26.6787197885196
0.247265625,-22.6787197885196
0.2473046875,-16.6787197885196
0.24734375,-6.67871978851963
0.2473828125,1.32128021148037
0.247421875,3.32128021148037
0.2474609375,0.321280211480371
0.2475,-0.678719788519629
0.2475390625,-1.67871978851963
0.247578125,-0.678719788519629
0.2476171875,-3.67871978851963
0.24765625,-3.67871978851963
0.2476953125,-0.678719788519629
0.247734375,5.32128021148037
0.2477734375,15.3212802114804
0.2478125,23.3212802114804
0.2478515625,30.3212802114804
0.247890625,35.3212802114804
0.2479296875,37.3212802114804
0.24796875,36.3212802114804
0.2480078125,30.3212802114804
0.248046875,24.3212802114804
0.2480859375,16.3212802114804
0.248125,10.3212802114804
0.2481640625,4.32128021148037
0.248203125,-0.678719788519629
0.2482421875,-3.67871978851963
0.24828125,-3.67871978851963
0.2483203125,-0.678719788519629
0.248359375,3.32128021148037
0.2483984375,7.32128021148037
0.2484375,12.3212802114804
0.2484765625,14.3212802114804
0.248515625,14.3212802114804
0.2485546875,7.32128021148037
0.24859375,-0.678719788519629
0.2486328125,-10.6787197885196
0.248671875,-18.6787197885196
0.2487109375,-22.6787197885196
0.24875,-25.6787197885196
0.2487890625,-29.6787197885196
0.248828125,-29.6787197885196
0.2488671875,-29.6787197885196
0.24890625,-29.6787197885196
0.2489453125,-25.6787197885196
0.248984375,-20.6787197885196
0.2490234375,-14.6787197885196
0.2490625,-12.6787197885196
0.2491015625,-12.6787197885196
0.249140625,-11.6787197885196
0.2491796875,-10.6787197885196
0.24921875,-9.67871978851963
0.2492578125,-9.67871978851963
0.249296875,-7.67871978851963
0.2493359375,-4.67871978851963
0.249375,-0.678719788519629
0.2494140625,3.32128021148037
0.249453125,7.32128021148037
0.2494921875,9.32128021148037
0.24953125,10.3212802114804
0.2495703125,9.32128021148037
0.249609375,10.3212802114804
0.2496484375,12.3212802114804
0.2496875,17.3212802114804
0.2497265625,23.3212802114804
0.249765625,26.3212802114804
0.2498046875,24.3212802114804
0.24984375,19.3212802114804
0.2498828125,14.3212802114804
0.249921875,11.3212802114804
0.2499609375,11.3212802114804
0.25,11.3212802114804
0.2500390625,7.32128021148037
0.250078125,2.32128021148037
0.2501171875,-3.67871978851963
0.25015625,-8.67871978851963
0.2501953125,-12.6787197885196
0.250234375,-17.6787197885196
0.2502734375,-18.6787197885196
0.2503125,-17.6787197885196
0.2503515625,-13.6787197885196
0.250390625,-10.6787197885196
0.2504296875,-5.67871978851963
0.25046875,-0.678719788519629
0.2505078125,4.32128021148037
0.250546875,7.32128021148037
0.2505859375,6.32128021148037
0.250625,3.32128021148037
0.2506640625,1.32128021148037
0.250703125,-2.67871978851963
0.2507421875,-4.67871978851963
0.25078125,-10.6787197885196
0.2508203125,-14.6787197885196
0.250859375,-19.6787197885196
0.2508984375,-20.6787197885196
0.2509375,-17.6787197885196
0.2509765625,-9.67871978851963
0.251015625,1.32128021148037
0.2510546875,9.32128021148037
0.25109375,16.3212802114804
0.2511328125,18.3212802114804
0.251171875,16.3212802114804
0.2512109375,13.3212802114804
0.25125,11.3212802114804
0.2512890625,12.3212802114804
0.251328125,11.3212802114804
0.2513671875,6.32128021148037
0.25140625,4.32128021148037
0.2514453125,2.32128021148037
0.251484375,5.32128021148037
0.2515234375,10.3212802114804
0.2515625,15.3212802114804
0.2516015625,22.3212802114804
0.251640625,25.3212802114804
0.2516796875,24.3212802114804
0.25171875,21.3212802114804
0.2517578125,17.3212802114804
0.251796875,14.3212802114804
0.2518359375,11.3212802114804
0.251875,2.32128021148037
0.2519140625,-7.67871978851963
0.251953125,-14.6787197885196
0.2519921875,-16.6787197885196
0.25203125,-16.6787197885196
0.2520703125,-14.6787197885196
0.252109375,-11.6787197885196
0.2521484375,-9.67871978851963
0.2521875,-8.67871978851963
0.2522265625,-11.6787197885196
0.252265625,-11.6787197885196
0.2523046875,-11.6787197885196
0.25234375,-15.6787197885196
0.2523828125,-21.6787197885196
0.252421875,-26.6787197885196
0.2524609375,-30.6787197885196
0.2525,-35.6787197885196
0.2525390625,-31.6787197885196
0.252578125,-22.6787197885196
0.2526171875,-13.6787197885196
0.25265625,-7.67871978851963
0.2526953125,-2.67871978851963
0.252734375,4.32128021148037
0.2527734375,11.3212802114804
0.2528125,16.3212802114804
0.2528515625,18.3212802114804
0.252890625,14.3212802114804
0.2529296875,9.32128021148037
0.25296875,5.32128021148037
0.2530078125,-0.678719788519629
0.253046875,-1.67871978851963
0.2530859375,1.32128021148037
0.253125,8.32128021148037
0.2531640625,12.3212802114804
0.253203125,13.3212802114804
0.2532421875,17.3212802114804
0.25328125,20.3212802114804
0.2533203125,21.3212802114804
0.253359375,19.3212802114804
0.2533984375,13.3212802114804
0.2534375,5.32128021148037
0.2534765625,-2.67871978851963
0.253515625,-8.67871978851963
0.2535546875,-9.67871978851963
0.25359375,-10.6787197885196
0.2536328125,-12.6787197885196
0.253671875,-18.6787197885196
0.2537109375,-22.6787197885196
0.25375,-24.6787197885196
0.2537890625,-21.6787197885196
0.253828125,-18.6787197885196
0.2538671875,-10.6787197885196
0.25390625,-2.67871978851963
0.2539453125,4.32128021148037
0.253984375,7.32128021148037
0.2540234375,10.3212802114804
0.2540625,14.3212802114804
0.2541015625,15.3212802114804
0.254140625,15.3212802114804
0.2541796875,12.3212802114804
0.25421875,10.3212802114804
0.2542578125,13.3212802114804
0.254296875,15.3212802114804
0.2543359375,17.3212802114804
0.254375,18.3212802114804
0.2544140625,18.3212802114804
0.254453125,17.3212802114804
0.2544921875,15.3212802114804
0.25453125,16.3212802114804
0.2545703125,17.3212802114804
0.254609375,19.3212802114804
0.2546484375,22.3212802114804
0.2546875,23.3212802114804
0.2547265625,19.3212802114804
0.254765625,13.3212802114804
0.2548046875,5.32128021148037
0.25484375,-2.67871978851963
0.2548828125,-10.6787197885196
0.254921875,-19.6787197885196
0.2549609375,-27.6787197885196
0.255,-31.6787197885196
0.2550390625,-33.6787197885196
0.255078125,-31.6787197885196
0.2551171875,-28.6787197885196
0.25515625,-25.6787197885196
0.2551953125,-18.6787197885196
0.255234375,-10.6787197885196
0.2552734375,-3.67871978851963
0.2553125,-0.678719788519629
0.2553515625,0.321280211480371
0.255390625,-0.678719788519629
0.2554296875,-3.67871978851963
0.25546875,-8.67871978851963
0.2555078125,-13.6787197885196
0.255546875,-14.6787197885196
0.2555859375,-17.6787197885196
0.255625,-13.6787197885196
0.2556640625,-8.67871978851963
0.255703125,-1.67871978851963
0.2557421875,5.32128021148037
0.25578125,13.3212802114804
0.2558203125,18.3212802114804
0.255859375,21.3212802114804
0.2558984375,21.3212802114804
0.2559375,18.3212802114804
0.2559765625,14.3212802114804
0.256015625,8.32128021148037
0.2560546875,1.32128021148037
0.25609375,-9.67871978851963
0.2561328125,-22.6787197885196
0.256171875,-29.6787197885196
0.2562109375,-33.6787197885196
0.25625,-34.6787197885196
0.2562890625,-34.6787197885196
0.256328125,-30.6787197885196
0.2563671875,-24.6787197885196
0.25640625,-17.6787197885196
0.2564453125,-7.67871978851963
0.256484375,3.32128021148037
0.2565234375,12.3212802114804
0.2565625,19.3212802114804
0.2566015625,23.3212802114804
0.256640625,25.3212802114804
0.2566796875,25.3212802114804
0.25671875,24.3212802114804
0.2567578125,21.3212802114804
0.256796875,18.3212802114804
0.2568359375,16.3212802114804
0.256875,15.3212802114804
0.2569140625,11.3212802114804
0.256953125,9.32128021148037
0.2569921875,9.32128021148037
0.25703125,12.3212802114804
0.2570703125,10.3212802114804
0.257109375,7.32128021148037
0.2571484375,7.32128021148037
0.2571875,4.32128021148037
0.2572265625,3.32128021148037
0.257265625,4.32128021148037
0.2573046875,4.32128021148037
0.25734375,5.32128021148037
0.2573828125,5.32128021148037
0.257421875,7.32128021148037
0.2574609375,10.3212802114804
0.2575,12.3212802114804
0.2575390625,10.3212802114804
0.257578125,7.32128021148037
0.2576171875,2.32128021148037
0.25765625,-3.67871978851963
0.2576953125,-7.67871978851963
0.257734375,-9.67871978851963
0.2577734375,-5.67871978851963
0.2578125,1.32128021148037
0.2578515625,8.32128021148037
0.257890625,14.3212802114804
0.2579296875,16.3212802114804
0.25796875,17.3212802114804
0.2580078125,16.3212802114804
0.258046875,13.3212802114804
0.2580859375,6.32128021148037
0.258125,-0.678719788519629
0.2581640625,-9.67871978851963
0.258203125,-15.6787197885196
0.2582421875,-20.6787197885196
0.25828125,-22.6787197885196
0.2583203125,-24.6787197885196
0.258359375,-25.6787197885196
0.2583984375,-24.6787197885196
0.2584375,-20.6787197885196
0.2584765625,-16.6787197885196
0.258515625,-8.67871978851963
0.2585546875,-1.67871978851963
0.25859375,-0.678719788519629
0.2586328125,-3.67871978851963
0.258671875,-7.67871978851963
0.2587109375,-14.6787197885196
0.25875,-16.6787197885196
0.2587890625,-17.6787197885196
0.258828125,-17.6787197885196
0.2588671875,-18.6787197885196
0.25890625,-18.6787197885196
0.2589453125,-15.6787197885196
0.258984375,-9.67871978851963
0.2590234375,-5.67871978851963
0.2590625,-1.67871978851963
0.2591015625,4.32128021148037
0.259140625,9.32128021148037
0.2591796875,10.3212802114804
0.25921875,11.3212802114804
0.2592578125,11.3212802114804
0.259296875,8.32128021148037
0.2593359375,6.32128021148037
0.259375,5.32128021148037
0.2594140625,6.32128021148037
0.259453125,5.32128021148037
0.2594921875,6.32128021148037
0.25953125,8.32128021148037
0.2595703125,10.3212802114804
0.259609375,11.3212802114804
0.2596484375,12.3212802114804
0.2596875,14.3212802114804
0.2597265625,19.3212802114804
0.259765625,21.3212802114804
0.2598046875,20.3212802114804
0.25984375,16.3212802114804
0.2598828125,10.3212802114804
0.259921875,4.32128021148037
0.2599609375,0.321280211480371
0.26,-4.67871978851963
0.2600390625,-9.67871978851963
0.260078125,-12.6787197885196
0.2601171875,-16.6787197885196
0.26015625,-19.6787197885196
0.2601953125,-20.6787197885196
0.260234375,-19.6787197885196
0.2602734375,-16.6787197885196
0.2603125,-9.67871978851963
0.2603515625,-5.67871978851963
0.260390625,1.32128021148037
0.2604296875,5.32128021148037
0.26046875,9.32128021148037
0.2605078125,9.32128021148037
0.260546875,8.32128021148037
0.2605859375,6.32128021148037
0.260625,0.321280211480371
0.2606640625,-5.67871978851963
0.260703125,-9.67871978851963
0.2607421875,-12.6787197885196
0.26078125,-14.6787197885196
0.2608203125,-12.6787197885196
0.260859375,-11.6787197885196
0.2608984375,-7.67871978851963
0.2609375,-5.67871978851963
0.2609765625,-0.678719788519629
0.261015625,6.32128021148037
0.2610546875,10.3212802114804
0.26109375,15.3212802114804
0.2611328125,18.3212802114804
0.261171875,21.3212802114804
0.2612109375,22.3212802114804
0.26125,23.3212802114804
0.2612890625,20.3212802114804
0.261328125,16.3212802114804
0.2613671875,16.3212802114804
0.26140625,18.3212802114804
0.2614453125,20.3212802114804
0.261484375,17.3212802114804
0.2615234375,11.3212802114804
0.2615625,7.32128021148037
0.2616015625,4.32128021148037
0.261640625,1.32128021148037
0.2616796875,-2.67871978851963
0.26171875,-6.67871978851963
0.2617578125,-7.67871978851963
0.261796875,-8.67871978851963
0.2618359375,-10.6787197885196
0.261875,-14.6787197885196
0.2619140625,-21.6787197885196
0.261953125,-28.6787197885196
0.2619921875,-33.6787197885196
0.26203125,-35.6787197885196
0.2620703125,-34.6787197885196
0.262109375,-32.6787197885196
0.2621484375,-23.6787197885196
0.2621875,-14.6787197885196
0.2622265625,-3.67871978851963
0.262265625,5.32128021148037
0.2623046875,10.3212802114804
0.26234375,12.3212802114804
0.2623828125,15.3212802114804
0.262421875,16.3212802114804
0.2624609375,15.3212802114804
0.2625,13.3212802114804
0.2625390625,11.3212802114804
0.262578125,9.32128021148037
0.2626171875,6.32128021148037
0.26265625,9.32128021148037
0.2626953125,11.3212802114804
0.262734375,14.3212802114804
0.2627734375,16.3212802114804
0.2628125,13.3212802114804
0.2628515625,8.32128021148037
0.262890625,0.321280211480371
0.2629296875,-4.67871978851963
0.26296875,-9.67871978851963
0.2630078125,-11.6787197885196
0.263046875,-12.6787197885196
0.2630859375,-15.6787197885196
0.263125,-18.6787197885196
0.2631640625,-14.6787197885196
0.263203125,-7.67871978851963
0.2632421875,-1.67871978851963
0.26328125,3.32128021148037
0.2633203125,9.32128021148037
0.263359375,15.3212802114804
0.2633984375,19.3212802114804
0.2634375,24.3212802114804
0.2634765625,26.3212802114804
0.263515625,21.3212802114804
0.2635546875,9.32128021148037
0.26359375,-2.67871978851963
0.2636328125,-11.6787197885196
0.263671875,-17.6787197885196
0.2637109375,-19.6787197885196
0.26375,-18.6787197885196
0.2637890625,-15.6787197885196
0.263828125,-14.6787197885196
0.2638671875,-11.6787197885196
0.26390625,-6.67871978851963
0.2639453125,-2.67871978851963
0.263984375,1.32128021148037
0.2640234375,2.32128021148037
0.2640625,-2.67871978851963
0.2641015625,-11.6787197885196
0.264140625,-18.6787197885196
0.2641796875,-22.6787197885196
0.26421875,-24.6787197885196
0.2642578125,-24.6787197885196
0.264296875,-20.6787197885196
0.2643359375,-12.6787197885196
0.264375,-4.67871978851963
0.2644140625,4.32128021148037
0.264453125,13.3212802114804
0.2644921875,20.3212802114804
0.26453125,27.3212802114804
0.2645703125,33.3212802114804
0.264609375,36.3212802114804
0.2646484375,40.3212802114804
0.2646875,41.3212802114804
0.2647265625,40.3212802114804
0.264765625,38.3212802114804
0.2648046875,31.3212802114804
0.26484375,22.3212802114804
0.2648828125,11.3212802114804
0.264921875,1.32128021148037
0.2649609375,-3.67871978851963
0.265,-6.67871978851963
0.2650390625,-8.67871978851963
0.265078125,-10.6787197885196
0.2651171875,-14.6787197885196
0.26515625,-14.6787197885196
0.2651953125,-17.6787197885196
0.265234375,-20.6787197885196
0.2652734375,-24.6787197885196
0.2653125,-24.6787197885196
0.2653515625,-27.6787197885196
0.265390625,-32.6787197885196
0.2654296875,-38.6787197885196
0.26546875,-43.6787197885196
0.2655078125,-44.6787197885196
0.265546875,-42.6787197885196
0.2655859375,-37.6787197885196
0.265625,-28.6787197885196
0.2656640625,-19.6787197885196
0.265703125,-6.67871978851963
0.2657421875,5.32128021148037
0.26578125,18.3212802114804
0.2658203125,24.3212802114804
0.265859375,26.3212802114804
0.2658984375,26.3212802114804
0.2659375,26.3212802114804
0.2659765625,26.3212802114804
0.266015625,26.3212802114804
0.2660546875,26.3212802114804
0.26609375,26.3212802114804
0.2661328125,26.3212802114804
0.266171875,25.3212802114804
0.2662109375,25.3212802114804
0.26625,29.3212802114804
0.2662890625,36.3212802114804
0.266328125,37.3212802114804
0.2663671875,38.3212802114804
0.26640625,35.3212802114804
0.2664453125,28.3212802114804
0.266484375,20.3212802114804
0.2665234375,12.3212802114804
0.2665625,2.32128021148037
0.2666015625,-6.67871978851963
0.266640625,-14.6787197885196
0.2666796875,-21.6787197885196
0.26671875,-25.6787197885196
0.2667578125,-27.6787197885196
0.266796875,-25.6787197885196
0.2668359375,-22.6787197885196
0.266875,-22.6787197885196
0.2669140625,-22.6787197885196
0.266953125,-20.6787197885196
0.2669921875,-20.6787197885196
0.26703125,-20.6787197885196
0.2670703125,-21.6787197885196
0.267109375,-22.6787197885196
0.2671484375,-24.6787197885196
0.2671875,-24.6787197885196
0.2672265625,-19.6787197885196
0.267265625,-11.6787197885196
0.2673046875,-2.67871978851963
0.26734375,1.32128021148037
0.2673828125,2.32128021148037
0.267421875,2.32128021148037
0.2674609375,1.32128021148037
0.2675,-0.678719788519629
0.2675390625,-1.67871978851963
0.267578125,2.32128021148037
0.2676171875,6.32128021148037
0.26765625,10.3212802114804
0.2676953125,14.3212802114804
0.267734375,17.3212802114804
0.2677734375,22.3212802114804
0.2678125,23.3212802114804
0.2678515625,24.3212802114804
0.267890625,20.3212802114804
0.2679296875,18.3212802114804
0.26796875,14.3212802114804
0.2680078125,10.3212802114804
0.268046875,3.32128021148037
0.2680859375,-1.67871978851963
0.268125,-7.67871978851963
0.2681640625,-13.6787197885196
0.268203125,-15.6787197885196
0.2682421875,-15.6787197885196
0.26828125,-14.6787197885196
0.2683203125,-17.6787197885196
0.268359375,-16.6787197885196
0.2683984375,-13.6787197885196
0.2684375,-13.6787197885196
0.2684765625,-12.6787197885196
0.268515625,-11.6787197885196
0.2685546875,-8.67871978851963
0.26859375,-6.67871978851963
0.2686328125,-4.67871978851963
0.268671875,-0.678719788519629
0.2687109375,5.32128021148037
0.26875,11.3212802114804
0.2687890625,16.3212802114804
0.268828125,18.3212802114804
0.2688671875,21.3212802114804
0.26890625,22.3212802114804
0.2689453125,22.3212802114804
0.268984375,21.3212802114804
0.2690234375,19.3212802114804
0.2690625,15.3212802114804
0.2691015625,5.32128021148037
0.269140625,-2.67871978851963
0.2691796875,-5.67871978851963
0.26921875,-6.67871978851963
0.2692578125,-7.67871978851963
0.269296875,-7.67871978851963
0.2693359375,-8.67871978851963
0.269375,-9.67871978851963
0.2694140625,-9.67871978851963
0.269453125,-9.67871978851963
0.2694921875,-5.67871978851963
0.26953125,-2.67871978851963
0.2695703125,1.32128021148037
0.269609375,0.321280211480371
0.2696484375,-0.678719788519629
0.2696875,-3.67871978851963
0.2697265625,-4.67871978851963
0.269765625,-2.67871978851963
0.2698046875,-0.678719788519629
0.26984375,2.32128021148037
0.2698828125,4.32128021148037
0.269921875,7.32128021148037
0.2699609375,10.3212802114804
0.27,14.3212802114804
0.2700390625,17.3212802114804
0.270078125,17.3212802114804
0.2701171875,15.3212802114804
0.27015625,11.3212802114804
0.2701953125,7.32128021148037
0.270234375,2.32128021148037
0.2702734375,-0.678719788519629
0.2703125,-3.67871978851963
0.2703515625,-6.67871978851963
0.270390625,-11.6787197885196
0.2704296875,-15.6787197885196
0.27046875,-14.6787197885196
0.2705078125,-11.6787197885196
0.270546875,-7.67871978851963
0.2705859375,-4.67871978851963
0.270625,-1.67871978851963
0.2706640625,-3.67871978851963
0.270703125,-5.67871978851963
0.2707421875,-11.6787197885196
0.27078125,-15.6787197885196
0.2708203125,-15.6787197885196
0.270859375,-18.6787197885196
0.2708984375,-22.6787197885196
0.2709375,-21.6787197885196
0.2709765625,-18.6787197885196
0.271015625,-14.6787197885196
0.2710546875,-7.67871978851963
0.27109375,-1.67871978851963
0.2711328125,6.32128021148037
0.271171875,13.3212802114804
0.2712109375,18.3212802114804
0.27125,22.3212802114804
0.2712890625,25.3212802114804
0.271328125,25.3212802114804
0.2713671875,23.3212802114804
0.27140625,20.3212802114804
0.2714453125,17.3212802114804
0.271484375,14.3212802114804
0.2715234375,12.3212802114804
0.2715625,9.32128021148037
0.2716015625,3.32128021148037
0.271640625,-2.67871978851963
0.2716796875,-8.67871978851963
0.27171875,-14.6787197885196
0.2717578125,-16.6787197885196
0.271796875,-16.6787197885196
0.2718359375,-15.6787197885196
0.271875,-12.6787197885196
0.2719140625,-12.6787197885196
0.271953125,-12.6787197885196
0.2719921875,-11.6787197885196
0.27203125,-10.6787197885196
0.2720703125,-9.67871978851963
0.272109375,-4.67871978851963
0.2721484375,1.32128021148037
0.2721875,5.32128021148037
0.2722265625,5.32128021148037
0.272265625,2.32128021148037
0.2723046875,-1.67871978851963
0.27234375,-3.67871978851963
0.2723828125,-2.67871978851963
0.272421875,-1.67871978851963
0.2724609375,2.32128021148037
0.2725,9.32128021148037
0.2725390625,14.3212802114804
0.272578125,21.3212802114804
0.2726171875,31.3212802114804
0.27265625,35.3212802114804
0.2726953125,35.3212802114804
0.272734375,31.3212802114804
0.2727734375,25.3212802114804
0.2728125,21.3212802114804
0.2728515625,12.3212802114804
0.272890625,1.32128021148037
0.2729296875,-5.67871978851963
0.27296875,-11.6787197885196
0.2730078125,-13.6787197885196
0.273046875,-13.6787197885196
0.2730859375,-9.67871978851963
0.273125,-6.67871978851963
0.2731640625,-3.67871978851963
0.273203125,-3.67871978851963
0.2732421875,-3.67871978851963
0.27328125,-3.67871978851963
0.2733203125,-5.67871978851963
0.273359375,-8.67871978851963
0.2733984375,-14.6787197885196
0.2734375,-22.6787197885196
0.2734765625,-26.6787197885196
0.273515625,-32.6787197885196
0.2735546875,-34.6787197885196
0.27359375,-32.6787197885196
0.2736328125,-27.6787197885196
0.273671875,-22.6787197885196
0.2737109375,-15.6787197885196
0.27375,-8.67871978851963
0.2737890625,2.32128021148037
0.273828125,9.32128021148037
0.2738671875,15.3212802114804
0.27390625,20.3212802114804
0.2739453125,23.3212802114804
0.273984375,23.3212802114804
0.2740234375,21.3212802114804
0.2740625,17.3212802114804
0.2741015625,12.3212802114804
0.274140625,10.3212802114804
0.2741796875,9.32128021148037
0.27421875,8.32128021148037
0.2742578125,7.32128021148037
0.274296875,4.32128021148037
0.2743359375,1.32128021148037
0.274375,-0.678719788519629
0.2744140625,-0.678719788519629
0.274453125,1.32128021148037
0.2744921875,4.32128021148037
0.27453125,2.32128021148037
0.2745703125,0.321280211480371
0.274609375,-3.67871978851963
0.2746484375,-7.67871978851963
0.2746875,-7.67871978851963
0.2747265625,-5.67871978851963
0.274765625,-3.67871978851963
0.2748046875,-5.67871978851963
0.27484375,-8.67871978851963
0.2748828125,-10.6787197885196
0.274921875,-9.67871978851963
0.2749609375,-6.67871978851963
0.275,-4.67871978851963
0.2750390625,2.32128021148037
0.275078125,8.32128021148037
0.2751171875,13.3212802114804
0.27515625,17.3212802114804
0.2751953125,15.3212802114804
0.275234375,14.3212802114804
0.2752734375,12.3212802114804
0.2753125,8.32128021148037
0.2753515625,3.32128021148037
0.275390625,1.32128021148037
0.2754296875,1.32128021148037
0.27546875,7.32128021148037
0.2755078125,11.3212802114804
0.275546875,14.3212802114804
0.2755859375,15.3212802114804
0.275625,16.3212802114804
0.2756640625,15.3212802114804
0.275703125,13.3212802114804
0.2757421875,11.3212802114804
0.27578125,6.32128021148037
0.2758203125,2.32128021148037
0.275859375,0.321280211480371
0.2758984375,-6.67871978851963
0.2759375,-14.6787197885196
0.2759765625,-21.6787197885196
0.276015625,-25.6787197885196
0.2760546875,-26.6787197885196
0.27609375,-24.6787197885196
0.2761328125,-23.6787197885196
0.276171875,-22.6787197885196
0.2762109375,-20.6787197885196
0.27625,-20.6787197885196
0.2762890625,-20.6787197885196
0.276328125,-18.6787197885196
0.2763671875,-12.6787197885196
0.27640625,-6.67871978851963
0.2764453125,-1.67871978851963
0.276484375,1.32128021148037
0.2765234375,0.321280211480371
0.2765625,-1.67871978851963
0.2766015625,-3.67871978851963
0.276640625,-8.67871978851963
0.2766796875,-10.6787197885196
0.27671875,-13.6787197885196
0.2767578125,-16.6787197885196
0.276796875,-16.6787197885196
0.2768359375,-12.6787197885196
0.276875,-5.67871978851963
0.2769140625,-3.67871978851963
0.276953125,-0.678719788519629
0.2769921875,5.32128021148037
0.27703125,10.3212802114804
0.2770703125,15.3212802114804
0.277109375,19.3212802114804
0.2771484375,18.3212802114804
0.2771875,16.3212802114804
0.2772265625,14.3212802114804
0.277265625,14.3212802114804
0.2773046875,17.3212802114804
0.27734375,22.3212802114804
0.2773828125,25.3212802114804
0.277421875,27.3212802114804
0.2774609375,30.3212802114804
0.2775,31.3212802114804
0.2775390625,31.3212802114804
0.277578125,27.3212802114804
0.2776171875,22.3212802114804
0.27765625,16.3212802114804
0.2776953125,10.3212802114804
0.277734375,5.32128021148037
0.2777734375,1.32128021148037
0.2778125,-2.67871978851963
0.2778515625,-5.67871978851963
0.277890625,-8.67871978851963
0.2779296875,-7.67871978851963
0.27796875,-3.67871978851963
0.2780078125,0.321280211480371
0.278046875,5.32128021148037
0.2780859375,7.32128021148037
0.278125,7.32128021148037
0.2781640625,5.32128021148037
0.278203125,2.32128021148037
0.2782421875,-3.67871978851963
0.27828125,-11.6787197885196
0.2783203125,-14.6787197885196
0.278359375,-18.6787197885196
0.2783984375,-24.6787197885196
0.2784375,-27.6787197885196
0.2784765625,-28.6787197885196
0.278515625,-28.6787197885196
0.2785546875,-30.6787197885196
0.27859375,-32.6787197885196
0.2786328125,-32.6787197885196
0.278671875,-30.6787197885196
0.2787109375,-28.6787197885196
0.27875,-27.6787197885196
0.2787890625,-25.6787197885196
0.278828125,-22.6787197885196
0.2788671875,-17.6787197885196
0.27890625,-8.67871978851963
0.2789453125,-0.678719788519629
0.278984375,6.32128021148037
0.2790234375,13.3212802114804
0.2790625,21.3212802114804
0.2791015625,30.3212802114804
0.279140625,39.3212802114804
0.2791796875,45.3212802114804
0.27921875,50.3212802114804
0.2792578125,54.3212802114804
0.279296875,57.3212802114804
0.2793359375,58.3212802114804
0.279375,55.3212802114804
0.2794140625,50.3212802114804
0.279453125,39.3212802114804
0.2794921875,21.3212802114804
0.27953125,4.32128021148037
0.2795703125,-9.67871978851963
0.279609375,-19.6787197885196
0.2796484375,-26.6787197885196
0.2796875,-30.6787197885196
0.2797265625,-32.6787197885196
0.279765625,-35.6787197885196
0.2798046875,-35.6787197885196
0.27984375,-33.6787197885196
0.2798828125,-33.6787197885196
0.279921875,-33.6787197885196
0.2799609375,-33.6787197885196
0.28,-33.6787197885196
0.2800390625,-32.6787197885196
0.280078125,-30.6787197885196
0.2801171875,-26.6787197885196
0.28015625,-30.6787197885196
0.2801953125,-33.6787197885196
0.280234375,-34.6787197885196
0.2802734375,-30.6787197885196
0.2803125,-20.6787197885196
0.2803515625,-6.67871978851963
0.280390625,5.32128021148037
0.2804296875,15.3212802114804
0.28046875,22.3212802114804
0.2805078125,24.3212802114804
0.280546875,29.3212802114804
0.2805859375,34.3212802114804
0.280625,38.3212802114804
0.2806640625,38.3212802114804
0.280703125,33.3212802114804
0.2807421875,31.3212802114804
0.28078125,27.3212802114804
0.2808203125,21.3212802114804
0.280859375,15.3212802114804
0.2808984375,13.3212802114804
0.2809375,13.3212802114804
0.2809765625,13.3212802114804
0.281015625,16.3212802114804
0.2810546875,17.3212802114804
0.28109375,18.3212802114804
0.2811328125,18.3212802114804
0.281171875,16.3212802114804
0.2812109375,10.3212802114804
0.28125,3.32128021148037
0.2812890625,0.321280211480371
0.281328125,0.321280211480371
0.2813671875,-1.67871978851963
0.28140625,-5.67871978851963
0.2814453125,-9.67871978851963
0.281484375,-16.6787197885196
0.2815234375,-18.6787197885196
0.2815625,-16.6787197885196
0.2816015625,-15.6787197885196
0.281640625,-13.6787197885196
0.2816796875,-14.6787197885196
0.28171875,-16.6787197885196
0.2817578125,-17.6787197885196
0.281796875,-17.6787197885196
0.2818359375,-16.6787197885196
0.281875,-15.6787197885196
0.2819140625,-13.6787197885196
0.281953125,-13.6787197885196
0.2819921875,-14.6787197885196
0.28203125,-15.6787197885196
0.2820703125,-15.6787197885196
0.282109375,-14.6787197885196
0.2821484375,-14.6787197885196
0.2821875,-14.6787197885196
0.2822265625,-13.6787197885196
0.282265625,-10.6787197885196
0.2823046875,-3.67871978851963
0.28234375,7.32128021148037
0.2823828125,18.3212802114804
0.282421875,27.3212802114804
0.2824609375,32.3212802114804
0.2825,36.3212802114804
0.2825390625,38.3212802114804
0.282578125,38.3212802114804
0.2826171875,37.3212802114804
0.28265625,36.3212802114804
0.2826953125,29.3212802114804
0.282734375,20.3212802114804
0.2827734375,14.3212802114804
0.2828125,7.32128021148037
0.2828515625,3.32128021148037
0.282890625,1.32128021148037
0.2829296875,0.321280211480371
0.28296875,-0.678719788519629
0.2830078125,-1.67871978851963
0.283046875,-3.67871978851963
0.2830859375,-1.67871978851963
0.283125,-2.67871978851963
0.2831640625,-2.67871978851963
0.283203125,-1.67871978851963
0.2832421875,-3.67871978851963
0.28328125,-7.67871978851963
0.2833203125,-11.6787197885196
0.283359375,-12.6787197885196
0.2833984375,-16.6787197885196
0.2834375,-20.6787197885196
0.2834765625,-26.6787197885196
0.283515625,-32.6787197885196
0.2835546875,-35.6787197885196
0.28359375,-36.6787197885196
0.2836328125,-33.6787197885196
0.283671875,-30.6787197885196
0.2837109375,-25.6787197885196
0.28375,-21.6787197885196
0.2837890625,-22.6787197885196
0.283828125,-19.6787197885196
0.2838671875,-17.6787197885196
0.28390625,-13.6787197885196
0.2839453125,-8.67871978851963
0.283984375,-5.67871978851963
0.2840234375,-4.67871978851963
0.2840625,-2.67871978851963
0.2841015625,-0.678719788519629
0.284140625,2.32128021148037
0.2841796875,8.32128021148037
0.28421875,17.3212802114804
0.2842578125,26.3212802114804
0.284296875,36.3212802114804
0.2843359375,42.3212802114804
0.284375,40.3212802114804
0.2844140625,35.3212802114804
0.284453125,28.3212802114804
0.2844921875,25.3212802114804
0.28453125,25.3212802114804
0.2845703125,24.3212802114804
0.284609375,22.3212802114804
0.2846484375,18.3212802114804
0.2846875,14.3212802114804
0.2847265625,8.32128021148037
0.284765625,0.321280211480371
0.2848046875,-4.67871978851963
0.28484375,-10.6787197885196
0.2848828125,-14.6787197885196
0.284921875,-21.6787197885196
0.2849609375,-28.6787197885196
0.285,-31.6787197885196
0.2850390625,-31.6787197885196
0.285078125,-26.6787197885196
0.2851171875,-20.6787197885196
0.28515625,-14.6787197885196
0.2851953125,-7.67871978851963
0.285234375,0.321280211480371
0.2852734375,7.32128021148037
0.2853125,12.3212802114804
0.2853515625,14.3212802114804
0.285390625,13.3212802114804
0.2854296875,9.32128021148037
0.28546875,11.3212802114804
0.2855078125,14.3212802114804
0.285546875,15.3212802114804
0.2855859375,14.3212802114804
0.285625,10.3212802114804
0.2856640625,9.32128021148037
0.285703125,10.3212802114804
0.2857421875,9.32128021148037
0.28578125,10.3212802114804
0.2858203125,14.3212802114804
0.285859375,13.3212802114804
0.2858984375,9.32128021148037
0.2859375,6.32128021148037
0.2859765625,4.32128021148037
0.286015625,0.321280211480371
0.2860546875,-4.67871978851963
0.28609375,-7.67871978851963
0.2861328125,-8.67871978851963
0.286171875,-8.67871978851963
0.2862109375,-7.67871978851963
0.28625,-8.67871978851963
0.2862890625,-8.67871978851963
0.286328125,-9.67871978851963
0.2863671875,-13.6787197885196
0.28640625,-13.6787197885196
0.2864453125,-12.6787197885196
0.286484375,-11.6787197885196
0.2865234375,-7.67871978851963
0.2865625,-2.67871978851963
0.2866015625,1.32128021148037
0.286640625,3.32128021148037
0.2866796875,3.32128021148037
0.28671875,2.32128021148037
0.2867578125,6.32128021148037
0.286796875,10.3212802114804
0.2868359375,10.3212802114804
0.286875,8.32128021148037
0.2869140625,6.32128021148037
0.286953125,4.32128021148037
0.2869921875,1.32128021148037
0.28703125,-2.67871978851963
0.2870703125,-4.67871978851963
0.287109375,-3.67871978851963
0.2871484375,0.321280211480371
0.2871875,1.32128021148037
0.2872265625,-0.678719788519629
0.287265625,-3.67871978851963
0.2873046875,-6.67871978851963
0.28734375,-9.67871978851963
0.2873828125,-11.6787197885196
0.287421875,-14.6787197885196
0.2874609375,-15.6787197885196
0.2875,-14.6787197885196
0.2875390625,-13.6787197885196
0.287578125,-12.6787197885196
0.2876171875,-12.6787197885196
0.28765625,-11.6787197885196
0.2876953125,-11.6787197885196
0.287734375,-10.6787197885196
0.2877734375,-4.67871978851963
0.2878125,2.32128021148037
0.2878515625,7.32128021148037
0.287890625,12.3212802114804
0.2879296875,13.3212802114804
0.28796875,9.32128021148037
0.2880078125,4.32128021148037
0.288046875,1.32128021148037
0.2880859375,-3.67871978851963
0.288125,-6.67871978851963
0.2881640625,-9.67871978851963
0.288203125,-13.6787197885196
0.2882421875,-16.6787197885196
0.28828125,-15.6787197885196
0.2883203125,-8.67871978851963
0.288359375,-1.67871978851963
0.2883984375,6.32128021148037
0.2884375,13.3212802114804
0.2884765625,19.3212802114804
0.288515625,24.3212802114804
0.2885546875,27.3212802114804
0.28859375,28.3212802114804
0.2886328125,26.3212802114804
0.288671875,23.3212802114804
0.2887109375,21.3212802114804
0.28875,21.3212802114804
0.2887890625,22.3212802114804
0.288828125,22.3212802114804
0.2888671875,20.3212802114804
0.28890625,13.3212802114804
0.2889453125,6.32128021148037
0.288984375,5.32128021148037
0.2890234375,14.3212802114804
0.2890625,21.3212802114804
0.2891015625,20.3212802114804
0.289140625,10.3212802114804
0.2891796875,-9.67871978851963
0.28921875,-32.6787197885196
0.2892578125,-47.6787197885196
0.289296875,-46.6787197885196
0.2893359375,-35.6787197885196
0.289375,-21.6787197885196
0.2894140625,-8.67871978851963
0.289453125,-0.678719788519629
0.2894921875,5.32128021148037
0.28953125,4.32128021148037
0.2895703125,-4.67871978851963
0.289609375,-22.6787197885196
0.2896484375,-38.6787197885196
0.2896875,-40.6787197885196
0.2897265625,-28.6787197885196
0.289765625,-8.67871978851963
0.2898046875,14.3212802114804
0.28984375,29.3212802114804
0.2898828125,31.3212802114804
0.289921875,24.3212802114804
0.2899609375,14.3212802114804
0.29,8.32128021148037
0.2900390625,3.32128021148037
0.290078125,0.321280211480371
0.2901171875,-2.67871978851963
0.29015625,-6.67871978851963
0.2901953125,-8.67871978851963
0.290234375,-4.67871978851963
0.2902734375,5.32128021148037
0.2903125,10.3212802114804
0.2903515625,8.32128021148037
0.290390625,2.32128021148037
0.2904296875,-1.67871978851963
0.29046875,-2.67871978851963
0.2905078125,1.32128021148037
0.290546875,6.32128021148037
0.2905859375,10.3212802114804
0.290625,9.32128021148037
0.2906640625,5.32128021148037
0.290703125,1.32128021148037
0.2907421875,-4.67871978851963
0.29078125,-10.6787197885196
0.2908203125,-15.6787197885196
0.290859375,-18.6787197885196
0.2908984375,-19.6787197885196
0.2909375,-20.6787197885196
0.2909765625,-18.6787197885196
0.291015625,-11.6787197885196
0.2910546875,-6.67871978851963
0.29109375,-0.678719788519629
0.2911328125,1.32128021148037
0.291171875,1.32128021148037
0.2912109375,-1.67871978851963
0.29125,-5.67871978851963
0.2912890625,-8.67871978851963
0.291328125,-8.67871978851963
0.2913671875,-8.67871978851963
0.29140625,-10.6787197885196
0.2914453125,-12.6787197885196
0.291484375,-13.6787197885196
0.2915234375,-10.6787197885196
0.2915625,-5.67871978851963
0.2916015625,-0.678719788519629
0.291640625,2.32128021148037
0.2916796875,4.32128021148037
0.29171875,5.32128021148037
0.2917578125,7.32128021148037
0.291796875,12.3212802114804
0.2918359375,14.3212802114804
0.291875,19.3212802114804
0.2919140625,24.3212802114804
0.291953125,25.3212802114804
0.2919921875,27.3212802114804
0.29203125,30.3212802114804
0.2920703125,34.3212802114804
0.292109375,37.3212802114804
0.2921484375,39.3212802114804
0.2921875,38.3212802114804
0.2922265625,35.3212802114804
0.292265625,30.3212802114804
0.2923046875,26.3212802114804
0.29234375,22.3212802114804
0.2923828125,17.3212802114804
0.292421875,9.32128021148037
0.2924609375,2.32128021148037
0.2925,-6.67871978851963
0.2925390625,-11.6787197885196
0.292578125,-13.6787197885196
0.2926171875,-10.6787197885196
0.29265625,-9.67871978851963
0.2926953125,-10.6787197885196
0.292734375,-12.6787197885196
0.2927734375,-13.6787197885196
0.2928125,-16.6787197885196
0.2928515625,-23.6787197885196
0.292890625,-32.6787197885196
0.2929296875,-38.6787197885196
0.29296875,-38.6787197885196
0.2930078125,-30.6787197885196
0.293046875,-22.6787197885196
0.2930859375,-17.6787197885196
0.293125,-18.6787197885196
0.2931640625,-21.6787197885196
0.293203125,-24.6787197885196
0.2932421875,-27.6787197885196
0.29328125,-23.6787197885196
0.2933203125,-17.6787197885196
0.293359375,-15.6787197885196
0.2933984375,-19.6787197885196
0.2934375,-27.6787197885196
0.2934765625,-29.6787197885196
0.293515625,-29.6787197885196
0.2935546875,-22.6787197885196
0.29359375,-10.6787197885196
0.2936328125,1.32128021148037
0.293671875,12.3212802114804
0.2937109375,22.3212802114804
0.29375,34.3212802114804
0.2937890625,45.3212802114804
0.293828125,55.3212802114804
0.2938671875,58.3212802114804
0.29390625,55.3212802114804
0.2939453125,46.3212802114804
0.293984375,36.3212802114804
0.2940234375,29.3212802114804
0.2940625,23.3212802114804
0.2941015625,16.3212802114804
0.294140625,7.32128021148037
0.2941796875,-2.67871978851963
0.29421875,-11.6787197885196
0.2942578125,-15.6787197885196
0.294296875,-15.6787197885196
0.2943359375,-14.6787197885196
0.294375,-16.6787197885196
0.2944140625,-20.6787197885196
0.294453125,-24.6787197885196
0.2944921875,-26.6787197885196
0.29453125,-26.6787197885196
0.2945703125,-23.6787197885196
0.294609375,-17.6787197885196
0.2946484375,-11.6787197885196
0.2946875,-6.67871978851963
0.2947265625,-0.678719788519629
0.294765625,5.32128021148037
0.2948046875,8.32128021148037
0.29484375,10.3212802114804
0.2948828125,12.3212802114804
0.294921875,14.3212802114804
0.2949609375,16.3212802114804
0.295,17.3212802114804
0.2950390625,17.3212802114804
0.295078125,18.3212802114804
0.2951171875,20.3212802114804
0.29515625,19.3212802114804
0.2951953125,18.3212802114804
0.295234375,17.3212802114804
0.2952734375,19.3212802114804
0.2953125,21.3212802114804
0.2953515625,21.3212802114804
0.295390625,20.3212802114804
0.2954296875,17.3212802114804
0.29546875,11.3212802114804
0.2955078125,2.32128021148037
0.295546875,-8.67871978851963
0.2955859375,-15.6787197885196
0.295625,-19.6787197885196
0.2956640625,-20.6787197885196
0.295703125,-23.6787197885196
0.2957421875,-24.6787197885196
0.29578125,-22.6787197885196
0.2958203125,-21.6787197885196
0.295859375,-21.6787197885196
0.2958984375,-18.6787197885196
0.2959375,-16.6787197885196
0.2959765625,-15.6787197885196
0.296015625,-15.6787197885196
0.2960546875,-13.6787197885196
0.29609375,-10.6787197885196
0.2961328125,-8.67871978851963
0.296171875,-8.67871978851963
0.2962109375,-5.67871978851963
0.29625,1.32128021148037
0.2962890625,8.32128021148037
0.296328125,16.3212802114804
0.2963671875,23.3212802114804
0.29640625,25.3212802114804
0.2964453125,21.3212802114804
0.296484375,13.3212802114804
0.2965234375,6.32128021148037
0.2965625,2.32128021148037
0.2966015625,0.321280211480371
0.296640625,-2.67871978851963
0.2966796875,-6.67871978851963
0.29671875,-13.6787197885196
0.2967578125,-20.6787197885196
0.296796875,-27.6787197885196
0.2968359375,-27.6787197885196
0.296875,-24.6787197885196
0.2969140625,-20.6787197885196
0.296953125,-20.6787197885196
0.2969921875,-16.6787197885196
0.29703125,-14.6787197885196
0.2970703125,-9.67871978851963
0.297109375,-7.67871978851963
0.2971484375,-7.67871978851963
0.2971875,-8.67871978851963
0.2972265625,-6.67871978851963
0.297265625,-3.67871978851963
0.2973046875,0.321280211480371
0.29734375,4.32128021148037
0.2973828125,9.32128021148037
0.297421875,11.3212802114804
0.2974609375,11.3212802114804
0.2975,9.32128021148037
0.2975390625,12.3212802114804
0.297578125,13.3212802114804
0.2976171875,15.3212802114804
0.29765625,13.3212802114804
0.2976953125,9.32128021148037
0.297734375,5.32128021148037
0.2977734375,6.32128021148037
0.2978125,10.3212802114804
0.2978515625,19.3212802114804
0.297890625,32.3212802114804
0.2979296875,40.3212802114804
0.29796875,45.3212802114804
0.2980078125,46.3212802114804
0.298046875,46.3212802114804
0.2980859375,44.3212802114804
0.298125,39.3212802114804
0.2981640625,32.3212802114804
0.298203125,22.3212802114804
0.2982421875,13.3212802114804
0.29828125,6.32128021148037
0.2983203125,2.32128021148037
0.298359375,-0.678719788519629
0.2983984375,-0.678719788519629
0.2984375,-4.67871978851963
0.2984765625,-8.67871978851963
0.298515625,-10.6787197885196
0.2985546875,-12.6787197885196
0.29859375,-11.6787197885196
0.2986328125,-15.6787197885196
0.298671875,-22.6787197885196
0.2987109375,-30.6787197885196
0.29875,-40.6787197885196
0.2987890625,-48.6787197885196
0.298828125,-50.6787197885196
0.2988671875,-48.6787197885196
0.29890625,-46.6787197885196
0.2989453125,-41.6787197885196
0.298984375,-37.6787197885196
0.2990234375,-30.6787197885196
0.2990625,-22.6787197885196
0.2991015625,-9.67871978851963
0.299140625,4.32128021148037
0.2991796875,14.3212802114804
0.29921875,21.3212802114804
0.2992578125,24.3212802114804
0.299296875,25.3212802114804
0.2993359375,25.3212802114804
0.299375,25.3212802114804
0.2994140625,22.3212802114804
0.299453125,15.3212802114804
0.2994921875,9.32128021148037
0.29953125,2.32128021148037
0.2995703125,0.321280211480371
0.299609375,2.32128021148037
0.2996484375,5.32128021148037
0.2996875,6.32128021148037
0.2997265625,3.32128021148037
0.299765625,0.321280211480371
0.2998046875,0.321280211480371
0.29984375,0.321280211480371
0.2998828125,0.321280211480371
0.299921875,0.321280211480371
0.2999609375,-4.67871978851963
0.3,-12.6787197885196
0.3000390625,-22.6787197885196
0.300078125,-26.6787197885196
0.3001171875,-23.6787197885196
0.30015625,-13.6787197885196
0.3001953125,-7.67871978851963
0.300234375,-6.67871978851963
0.3002734375,-6.67871978851963
0.3003125,-4.67871978851963
0.3003515625,-0.678719788519629
0.300390625,3.32128021148037
0.3004296875,4.32128021148037
0.30046875,4.32128021148037
0.3005078125,3.32128021148037
0.300546875,2.32128021148037
0.3005859375,4.32128021148037
0.300625,7.32128021148037
0.3006640625,8.32128021148037
0.300703125,6.32128021148037
0.3007421875,1.32128021148037
0.30078125,0.321280211480371
0.3008203125,4.32128021148037
0.300859375,9.32128021148037
0.3008984375,12.3212802114804
0.3009375,13.3212802114804
0.3009765625,10.3212802114804
0.301015625,4.32128021148037
0.3010546875,-1.67871978851963
0.30109375,-1.67871978851963
0.3011328125,0.321280211480371
0.301171875,1.32128021148037
0.3012109375,2.32128021148037
0.30125,3.32128021148037
0.3012890625,2.32128021148037
0.301328125,2.32128021148037
0.3013671875,2.32128021148037
0.30140625,3.32128021148037
0.3014453125,6.32128021148037
0.301484375,5.32128021148037
0.3015234375,4.32128021148037
0.3015625,1.32128021148037
0.3016015625,0.321280211480371
0.301640625,1.32128021148037
0.3016796875,1.32128021148037
0.30171875,4.32128021148037
0.3017578125,8.32128021148037
0.301796875,10.3212802114804
0.3018359375,13.3212802114804
0.301875,15.3212802114804
0.3019140625,14.3212802114804
0.301953125,12.3212802114804
0.3019921875,10.3212802114804
0.30203125,7.32128021148037
0.3020703125,7.32128021148037
0.302109375,11.3212802114804
0.3021484375,15.3212802114804
0.3021875,19.3212802114804
0.3022265625,17.3212802114804
0.302265625,13.3212802114804
0.3023046875,6.32128021148037
0.30234375,-0.678719788519629
0.3023828125,-7.67871978851963
0.302421875,-14.6787197885196
0.3024609375,-22.6787197885196
0.3025,-28.6787197885196
0.3025390625,-30.6787197885196
0.302578125,-29.6787197885196
0.3026171875,-25.6787197885196
0.30265625,-20.6787197885196
0.3026953125,-18.6787197885196
0.302734375,-16.6787197885196
0.3027734375,-15.6787197885196
0.3028125,-12.6787197885196
0.3028515625,-10.6787197885196
0.302890625,-9.67871978851963
0.3029296875,-12.6787197885196
0.30296875,-19.6787197885196
0.3030078125,-22.6787197885196
0.303046875,-22.6787197885196
0.3030859375,-16.6787197885196
0.303125,-8.67871978851963
0.3031640625,-1.67871978851963
0.303203125,4.32128021148037
0.3032421875,8.32128021148037
0.30328125,10.3212802114804
0.3033203125,13.3212802114804
0.303359375,14.3212802114804
0.3033984375,15.3212802114804
0.3034375,15.3212802114804
0.3034765625,13.3212802114804
0.303515625,10.3212802114804
0.3035546875,7.32128021148037
0.30359375,5.32128021148037
0.3036328125,2.32128021148037
0.303671875,-2.67871978851963
0.3037109375,-3.67871978851963
0.30375,-6.67871978851963
0.3037890625,-10.6787197885196
0.303828125,-14.6787197885196
0.3038671875,-17.6787197885196
0.30390625,-17.6787197885196
0.3039453125,-16.6787197885196
0.303984375,-13.6787197885196
0.3040234375,-9.67871978851963
0.3040625,-6.67871978851963
0.3041015625,-1.67871978851963
0.304140625,3.32128021148037
0.3041796875,6.32128021148037
0.30421875,13.3212802114804
0.3042578125,16.3212802114804
0.304296875,17.3212802114804
0.3043359375,17.3212802114804
0.304375,21.3212802114804
0.3044140625,24.3212802114804
0.304453125,30.3212802114804
0.3044921875,35.3212802114804
0.30453125,38.3212802114804
0.3045703125,42.3212802114804
0.304609375,44.3212802114804
0.3046484375,42.3212802114804
0.3046875,37.3212802114804
0.3047265625,29.3212802114804
0.304765625,20.3212802114804
0.3048046875,12.3212802114804
0.30484375,5.32128021148037
0.3048828125,-2.67871978851963
0.304921875,-11.6787197885196
0.3049609375,-19.6787197885196
0.305,-26.6787197885196
0.3050390625,-30.6787197885196
0.305078125,-31.6787197885196
0.3051171875,-30.6787197885196
0.30515625,-27.6787197885196
0.3051953125,-23.6787197885196
0.305234375,-19.6787197885196
0.3052734375,-16.6787197885196
0.3053125,-15.6787197885196
0.3053515625,-12.6787197885196
0.305390625,-11.6787197885196
0.3054296875,-9.67871978851963
0.30546875,-10.6787197885196
0.3055078125,-9.67871978851963
0.305546875,-7.67871978851963
0.3055859375,-9.67871978851963
0.305625,-8.67871978851963
0.3056640625,-4.67871978851963
0.305703125,-0.678719788519629
0.3057421875,6.32128021148037
0.30578125,10.3212802114804
0.3058203125,11.3212802114804
0.305859375,10.3212802114804
0.3058984375,8.32128021148037
0.3059375,6.32128021148037
0.3059765625,5.32128021148037
0.306015625,6.32128021148037
0.3060546875,4.32128021148037
0.30609375,0.321280211480371
0.3061328125,-2.67871978851963
0.306171875,-6.67871978851963
0.3062109375,-10.6787197885196
0.30625,-15.6787197885196
0.3062890625,-20.6787197885196
0.306328125,-23.6787197885196
0.3063671875,-27.6787197885196
0.30640625,-29.6787197885196
0.3064453125,-29.6787197885196
0.306484375,-28.6787197885196
0.3065234375,-24.6787197885196
0.3065625,-18.6787197885196
0.3066015625,-13.6787197885196
0.306640625,-5.67871978851963
0.3066796875,3.32128021148037
0.30671875,8.32128021148037
0.3067578125,12.3212802114804
0.306796875,12.3212802114804
0.3068359375,13.3212802114804
0.306875,14.3212802114804
0.3069140625,16.3212802114804
0.306953125,18.3212802114804
0.3069921875,22.3212802114804
0.30703125,23.3212802114804
0.3070703125,25.3212802114804
0.307109375,24.3212802114804
0.3071484375,21.3212802114804
0.3071875,18.3212802114804
0.3072265625,14.3212802114804
0.307265625,11.3212802114804
0.3073046875,11.3212802114804
0.30734375,7.32128021148037
0.3073828125,6.32128021148037
0.307421875,6.32128021148037
0.3074609375,7.32128021148037
0.3075,11.3212802114804
0.3075390625,17.3212802114804
0.307578125,24.3212802114804
0.3076171875,29.3212802114804
0.30765625,30.3212802114804
0.3076953125,31.3212802114804
0.307734375,29.3212802114804
0.3077734375,26.3212802114804
0.3078125,18.3212802114804
0.3078515625,9.32128021148037
0.307890625,1.32128021148037
0.3079296875,-7.67871978851963
0.30796875,-12.6787197885196
0.3080078125,-14.6787197885196
0.308046875,-16.6787197885196
0.3080859375,-17.6787197885196
0.308125,-19.6787197885196
0.3081640625,-22.6787197885196
0.308203125,-24.6787197885196
0.3082421875,-27.6787197885196
0.30828125,-26.6787197885196
0.3083203125,-25.6787197885196
0.308359375,-23.6787197885196
0.3083984375,-20.6787197885196
0.3084375,-19.6787197885196
0.3084765625,-15.6787197885196
0.308515625,-11.6787197885196
0.3085546875,-9.67871978851963
0.30859375,-6.67871978851963
0.3086328125,-2.67871978851963
0.308671875,-1.67871978851963
0.3087109375,-1.67871978851963
0.30875,-3.67871978851963
0.3087890625,-7.67871978851963
0.308828125,-14.6787197885196
0.3088671875,-20.6787197885196
0.30890625,-22.6787197885196
0.3089453125,-22.6787197885196
0.308984375,-20.6787197885196
0.3090234375,-19.6787197885196
0.3090625,-17.6787197885196
0.3091015625,-16.6787197885196
0.309140625,-14.6787197885196
0.3091796875,-15.6787197885196
0.30921875,-15.6787197885196
0.3092578125,-13.6787197885196
0.309296875,-9.67871978851963
0.3093359375,-3.67871978851963
0.309375,4.32128021148037
0.3094140625,10.3212802114804
0.309453125,17.3212802114804
0.3094921875,23.3212802114804
0.30953125,29.3212802114804
0.3095703125,34.3212802114804
0.309609375,41.3212802114804
0.3096484375,46.3212802114804
0.3096875,51.3212802114804
0.3097265625,53.3212802114804
0.309765625,50.3212802114804
0.3098046875,44.3212802114804
0.30984375,37.3212802114804
0.3098828125,29.3212802114804
0.309921875,23.3212802114804
0.3099609375,16.3212802114804
0.31,10.3212802114804
0.3100390625,2.32128021148037
0.310078125,-6.67871978851963
0.3101171875,-14.6787197885196
0.31015625,-23.6787197885196
0.3101953125,-27.6787197885196
0.310234375,-30.6787197885196
0.3102734375,-31.6787197885196
0.3103125,-36.6787197885196
0.3103515625,-39.6787197885196
0.310390625,-41.6787197885196
0.3104296875,-38.6787197885196
0.31046875,-33.6787197885196
0.3105078125,-27.6787197885196
0.310546875,-21.6787197885196
0.3105859375,-15.6787197885196
0.310625,-12.6787197885196
0.3106640625,-8.67871978851963
0.310703125,-3.67871978851963
0.3107421875,-0.678719788519629
0.31078125,4.32128021148037
0.3108203125,10.3212802114804
0.310859375,18.3212802114804
0.3108984375,26.3212802114804
0.3109375,36.3212802114804
0.3109765625,42.3212802114804
0.311015625,46.3212802114804
0.3110546875,48.3212802114804
0.31109375,44.3212802114804
0.3111328125,37.3212802114804
0.311171875,30.3212802114804
0.3112109375,26.3212802114804
0.31125,21.3212802114804
0.3112890625,15.3212802114804
0.311328125,9.32128021148037
0.3113671875,3.32128021148037
0.31140625,-2.67871978851963
0.3114453125,-10.6787197885196
0.311484375,-14.6787197885196
0.3115234375,-14.6787197885196
0.3115625,-14.6787197885196
0.3116015625,-12.6787197885196
0.311640625,-12.6787197885196
0.3116796875,-13.6787197885196
0.31171875,-16.6787197885196
0.3117578125,-16.6787197885196
0.311796875,-16.6787197885196
0.3118359375,-15.6787197885196
0.311875,-12.6787197885196
0.3119140625,-7.67871978851963
0.311953125,-5.67871978851963
0.3119921875,-2.67871978851963
0.31203125,-4.67871978851963
0.3120703125,-4.67871978851963
0.312109375,-8.67871978851963
0.3121484375,-12.6787197885196
0.3121875,-19.6787197885196
0.3122265625,-26.6787197885196
0.312265625,-32.6787197885196
0.3123046875,-34.6787197885196
0.31234375,-35.6787197885196
0.3123828125,-34.6787197885196
0.312421875,-30.6787197885196
0.3124609375,-27.6787197885196
0.3125,-21.6787197885196
0.3125390625,-11.6787197885196
0.312578125,-2.67871978851963
0.3126171875,4.32128021148037
0.31265625,10.3212802114804
0.3126953125,12.3212802114804
0.312734375,11.3212802114804
0.3127734375,10.3212802114804
0.3128125,8.32128021148037
0.3128515625,9.32128021148037
0.312890625,10.3212802114804
0.3129296875,12.3212802114804
0.31296875,12.3212802114804
0.3130078125,12.3212802114804
0.313046875,13.3212802114804
0.3130859375,15.3212802114804
0.313125,18.3212802114804
0.3131640625,20.3212802114804
0.313203125,21.3212802114804
0.3132421875,23.3212802114804
0.31328125,28.3212802114804
0.3133203125,32.3212802114804
0.313359375,34.3212802114804
0.3133984375,34.3212802114804
0.3134375,31.3212802114804
0.3134765625,29.3212802114804
0.313515625,27.3212802114804
0.3135546875,24.3212802114804
0.31359375,18.3212802114804
0.3136328125,10.3212802114804
0.313671875,4.32128021148037
0.3137109375,-0.678719788519629
0.31375,-6.67871978851963
0.3137890625,-12.6787197885196
0.313828125,-15.6787197885196
0.3138671875,-18.6787197885196
0.31390625,-16.6787197885196
0.3139453125,-4.67871978851963
0.313984375,10.3212802114804
0.3140234375,16.3212802114804
0.3140625,8.32128021148037
0.3141015625,-7.67871978851963
0.314140625,-26.6787197885196
0.3141796875,-48.6787197885196
0.31421875,-63.6787197885196
0.3142578125,-56.6787197885196
0.314296875,-38.6787197885196
0.3143359375,-24.6787197885196
0.314375,-20.6787197885196
0.3144140625,-13.6787197885196
0.314453125,-4.67871978851963
0.3144921875,-3.67871978851963
0.31453125,-11.6787197885196
0.3145703125,-17.6787197885196
0.314609375,-15.6787197885196
0.3146484375,-6.67871978851963
0.3146875,5.32128021148037
0.3147265625,21.3212802114804
0.314765625,34.3212802114804
0.3148046875,42.3212802114804
0.31484375,39.3212802114804
0.3148828125,29.3212802114804
0.314921875,19.3212802114804
0.3149609375,15.3212802114804
0.315,13.3212802114804
0.3150390625,12.3212802114804
0.315078125,9.32128021148037
0.3151171875,3.32128021148037
0.31515625,-1.67871978851963
0.3151953125,-0.678719788519629
0.315234375,5.32128021148037
0.3152734375,10.3212802114804
0.3153125,9.32128021148037
0.3153515625,-0.678719788519629
0.315390625,-12.6787197885196
0.3154296875,-29.6787197885196
0.31546875,-47.6787197885196
0.3155078125,-52.6787197885196
0.315546875,-49.6787197885196
0.3155859375,-39.6787197885196
0.315625,-33.6787197885196
0.3156640625,-26.6787197885196
0.315703125,-20.6787197885196
0.3157421875,-15.6787197885196
0.31578125,-9.67871978851963
0.3158203125,-4.67871978851963
0.315859375,-4.67871978851963
0.3158984375,-6.67871978851963
0.3159375,-5.67871978851963
0.3159765625,-1.67871978851963
0.316015625,9.32128021148037
0.3160546875,19.3212802114804
0.31609375,22.3212802114804
0.3161328125,18.3212802114804
0.316171875,18.3212802114804
0.3162109375,27.3212802114804
0.31625,37.3212802114804
0.3162890625,42.3212802114804
0.316328125,42.3212802114804
0.3163671875,41.3212802114804
0.31640625,44.3212802114804
0.3164453125,47.3212802114804
0.316484375,44.3212802114804
0.3165234375,31.3212802114804
0.3165625,18.3212802114804
0.3166015625,4.32128021148037
0.316640625,-8.67871978851963
0.3166796875,-14.6787197885196
0.31671875,-14.6787197885196
0.3167578125,-10.6787197885196
0.316796875,-3.67871978851963
0.3168359375,-0.678719788519629
0.316875,2.32128021148037
0.3169140625,1.32128021148037
0.316953125,-1.67871978851963
0.3169921875,-4.67871978851963
0.31703125,-6.67871978851963
0.3170703125,-7.67871978851963
0.317109375,-6.67871978851963
0.3171484375,-1.67871978851963
0.3171875,4.32128021148037
0.3172265625,5.32128021148037
0.317265625,-0.678719788519629
0.3173046875,-10.6787197885196
0.31734375,-18.6787197885196
0.3173828125,-20.6787197885196
0.317421875,-18.6787197885196
0.3174609375,-18.6787197885196
0.3175,-18.6787197885196
0.3175390625,-17.6787197885196
0.317578125,-18.6787197885196
0.3176171875,-23.6787197885196
0.31765625,-28.6787197885196
0.3176953125,-30.6787197885196
0.317734375,-29.6787197885196
0.3177734375,-24.6787197885196
0.3178125,-22.6787197885196
0.3178515625,-20.6787197885196
0.317890625,-23.6787197885196
0.3179296875,-20.6787197885196
0.31796875,-16.6787197885196
0.3180078125,-10.6787197885196
0.318046875,-6.67871978851963
0.3180859375,-5.67871978851963
0.318125,-5.67871978851963
0.3181640625,-5.67871978851963
0.318203125,0.321280211480371
0.3182421875,10.3212802114804
0.31828125,18.3212802114804
0.3183203125,26.3212802114804
0.318359375,31.3212802114804
0.3183984375,36.3212802114804
0.3184375,41.3212802114804
0.3184765625,47.3212802114804
0.318515625,51.3212802114804
0.3185546875,52.3212802114804
0.31859375,48.3212802114804
0.3186328125,41.3212802114804
0.318671875,37.3212802114804
0.3187109375,33.3212802114804
0.31875,29.3212802114804
0.3187890625,25.3212802114804
0.318828125,20.3212802114804
0.3188671875,15.3212802114804
0.31890625,11.3212802114804
0.3189453125,6.32128021148037
0.318984375,1.32128021148037
0.3190234375,-2.67871978851963
0.3190625,-5.67871978851963
0.3191015625,-7.67871978851963
0.319140625,-10.6787197885196
0.3191796875,-15.6787197885196
0.31921875,-19.6787197885196
0.3192578125,-24.6787197885196
0.319296875,-30.6787197885196
0.3193359375,-34.6787197885196
0.319375,-36.6787197885196
0.3194140625,-38.6787197885196
0.319453125,-42.6787197885196
0.3194921875,-49.6787197885196
0.31953125,-54.6787197885196
0.3195703125,-60.6787197885196
0.319609375,-63.6787197885196
0.3196484375,-60.6787197885196
0.3196875,-54.6787197885196
0.3197265625,-46.6787197885196
0.319765625,-36.6787197885196
0.3198046875,-23.6787197885196
0.31984375,-9.67871978851963
0.3198828125,5.32128021148037
0.319921875,21.3212802114804
0.3199609375,36.3212802114804
0.32,50.3212802114804
0.3200390625,61.3212802114804
0.320078125,62.3212802114804
0.3201171875,60.3212802114804
0.32015625,51.3212802114804
0.3201953125,40.3212802114804
0.320234375,32.3212802114804
0.3202734375,26.3212802114804
0.3203125,26.3212802114804
0.3203515625,33.3212802114804
0.320390625,38.3212802114804
0.3204296875,40.3212802114804
0.32046875,39.3212802114804
0.3205078125,38.3212802114804
0.320546875,32.3212802114804
0.3205859375,25.3212802114804
0.320625,17.3212802114804
0.3206640625,5.32128021148037
0.320703125,-6.67871978851963
0.3207421875,-20.6787197885196
0.32078125,-31.6787197885196
0.3208203125,-40.6787197885196
0.320859375,-46.6787197885196
0.3208984375,-52.6787197885196
0.3209375,-55.6787197885196
0.3209765625,-49.6787197885196
0.321015625,-40.6787197885196
0.3210546875,-31.6787197885196
0.32109375,-22.6787197885196
0.3211328125,-15.6787197885196
0.321171875,-9.67871978851963
0.3212109375,-5.67871978851963
0.32125,-1.67871978851963
0.3212890625,4.32128021148037
0.321328125,5.32128021148037
0.3213671875,4.32128021148037
0.32140625,2.32128021148037
0.3214453125,1.32128021148037
0.321484375,-1.67871978851963
0.3215234375,-5.67871978851963
0.3215625,-8.67871978851963
0.3216015625,-6.67871978851963
0.321640625,-0.678719788519629
0.3216796875,5.32128021148037
0.32171875,11.3212802114804
0.3217578125,12.3212802114804
0.321796875,12.3212802114804
0.3218359375,12.3212802114804
0.321875,9.32128021148037
0.3219140625,6.32128021148037
0.321953125,3.32128021148037
0.3219921875,2.32128021148037
0.32203125,2.32128021148037
0.3220703125,4.32128021148037
0.322109375,7.32128021148037
0.3221484375,7.32128021148037
0.3221875,3.32128021148037
0.3222265625,0.321280211480371
0.322265625,-3.67871978851963
0.3223046875,-7.67871978851963
0.32234375,-7.67871978851963
0.3223828125,-4.67871978851963
0.322421875,-0.678719788519629
0.3224609375,5.32128021148037
0.3225,11.3212802114804
0.3225390625,15.3212802114804
0.322578125,19.3212802114804
0.3226171875,22.3212802114804
0.32265625,26.3212802114804
0.3226953125,27.3212802114804
0.322734375,22.3212802114804
0.3227734375,13.3212802114804
0.3228125,3.32128021148037
0.3228515625,-6.67871978851963
0.322890625,-15.6787197885196
0.3229296875,-23.6787197885196
0.32296875,-28.6787197885196
0.3230078125,-31.6787197885196
0.323046875,-35.6787197885196
0.3230859375,-35.6787197885196
0.323125,-30.6787197885196
0.3231640625,-25.6787197885196
0.323203125,-19.6787197885196
0.3232421875,-12.6787197885196
0.32328125,-8.67871978851963
0.3233203125,-4.67871978851963
0.323359375,-1.67871978851963
0.3233984375,2.32128021148037
0.3234375,7.32128021148037
0.3234765625,11.3212802114804
0.323515625,14.3212802114804
0.3235546875,16.3212802114804
0.32359375,20.3212802114804
0.3236328125,25.3212802114804
0.323671875,31.3212802114804
0.3237109375,35.3212802114804
0.32375,37.3212802114804
0.3237890625,37.3212802114804
0.323828125,30.3212802114804
0.3238671875,24.3212802114804
0.32390625,20.3212802114804
0.3239453125,16.3212802114804
0.323984375,10.3212802114804
0.3240234375,3.32128021148037
0.3240625,1.32128021148037
0.3241015625,-0.678719788519629
0.324140625,-3.67871978851963
0.3241796875,-4.67871978851963
0.32421875,-3.67871978851963
0.3242578125,-1.67871978851963
0.324296875,3.32128021148037
0.3243359375,7.32128021148037
0.324375,6.32128021148037
0.3244140625,0.321280211480371
0.324453125,-10.6787197885196
0.3244921875,-22.6787197885196
0.32453125,-32.6787197885196
0.3245703125,-37.6787197885196
0.324609375,-38.6787197885196
0.3246484375,-37.6787197885196
0.3246875,-34.6787197885196
0.3247265625,-32.6787197885196
0.324765625,-29.6787197885196
0.3248046875,-28.6787197885196
0.32484375,-27.6787197885196
0.3248828125,-25.6787197885196
0.324921875,-24.6787197885196
0.3249609375,-26.6787197885196
0.325,-30.6787197885196
0.3250390625,-32.6787197885196
0.325078125,-30.6787197885196
0.3251171875,-25.6787197885196
0.32515625,-19.6787197885196
0.3251953125,-12.6787197885196
0.325234375,-3.67871978851963
0.3252734375,6.32128021148037
0.3253125,17.3212802114804
0.3253515625,28.3212802114804
0.325390625,37.3212802114804
0.3254296875,44.3212802114804
0.32546875,48.3212802114804
0.3255078125,54.3212802114804
0.325546875,60.3212802114804
0.3255859375,62.3212802114804
0.325625,62.3212802114804
0.3256640625,61.3212802114804
0.325703125,55.3212802114804
0.3257421875,43.3212802114804
0.32578125,30.3212802114804
0.3258203125,21.3212802114804
0.325859375,14.3212802114804
0.3258984375,6.32128021148037
0.3259375,-0.678719788519629
0.3259765625,-11.6787197885196
0.326015625,-20.6787197885196
0.3260546875,-20.6787197885196
0.32609375,-20.6787197885196
0.3261328125,-22.6787197885196
0.326171875,-26.6787197885196
0.3262109375,-29.6787197885196
0.32625,-30.6787197885196
0.3262890625,-33.6787197885196
0.326328125,-33.6787197885196
0.3263671875,-34.6787197885196
0.32640625,-36.6787197885196
0.3264453125,-36.6787197885196
0.326484375,-31.6787197885196
0.3265234375,-21.6787197885196
0.3265625,-8.67871978851963
0.3266015625,3.32128021148037
0.326640625,13.3212802114804
0.3266796875,21.3212802114804
0.32671875,28.3212802114804
0.3267578125,32.3212802114804
0.326796875,35.3212802114804
0.3268359375,37.3212802114804
0.326875,37.3212802114804
0.3269140625,35.3212802114804
0.326953125,29.3212802114804
0.3269921875,24.3212802114804
0.32703125,17.3212802114804
0.3270703125,7.32128021148037
0.327109375,-5.67871978851963
0.3271484375,-15.6787197885196
0.3271875,-19.6787197885196
0.3272265625,-21.6787197885196
0.327265625,-18.6787197885196
0.3273046875,-14.6787197885196
0.32734375,-10.6787197885196
0.3273828125,-5.67871978851963
0.327421875,-5.67871978851963
0.3274609375,-5.67871978851963
0.3275,-6.67871978851963
0.3275390625,-7.67871978851963
0.327578125,-11.6787197885196
0.3276171875,-16.6787197885196
0.32765625,-24.6787197885196
0.3276953125,-32.6787197885196
0.327734375,-40.6787197885196
0.3277734375,-46.6787197885196
0.3278125,-46.6787197885196
0.3278515625,-43.6787197885196
0.327890625,-34.6787197885196
0.3279296875,-26.6787197885196
0.32796875,-17.6787197885196
0.3280078125,-4.67871978851963
0.328046875,6.32128021148037
0.3280859375,15.3212802114804
0.328125,20.3212802114804
0.3281640625,25.3212802114804
0.328203125,27.3212802114804
0.3282421875,27.3212802114804
0.32828125,28.3212802114804
0.3283203125,25.3212802114804
0.328359375,21.3212802114804
0.3283984375,16.3212802114804
0.3284375,15.3212802114804
0.3284765625,20.3212802114804
0.328515625,24.3212802114804
0.3285546875,27.3212802114804
0.32859375,28.3212802114804
0.3286328125,24.3212802114804
0.328671875,17.3212802114804
0.3287109375,15.3212802114804
0.32875,13.3212802114804
0.3287890625,11.3212802114804
0.328828125,7.32128021148037
0.3288671875,-0.678719788519629
0.32890625,-8.67871978851963
0.3289453125,-17.6787197885196
0.328984375,-22.6787197885196
0.3290234375,-27.6787197885196
0.3290625,-28.6787197885196
0.3291015625,-26.6787197885196
0.329140625,-20.6787197885196
0.3291796875,-13.6787197885196
0.32921875,-4.67871978851963
0.3292578125,5.32128021148037
0.329296875,11.3212802114804
0.3293359375,12.3212802114804
0.329375,13.3212802114804
0.3294140625,13.3212802114804
0.329453125,12.3212802114804
0.3294921875,11.3212802114804
0.32953125,8.32128021148037
0.3295703125,4.32128021148037
0.329609375,3.32128021148037
0.3296484375,4.32128021148037
0.3296875,5.32128021148037
0.3297265625,4.32128021148037
0.329765625,7.32128021148037
0.3298046875,11.3212802114804
0.32984375,14.3212802114804
0.3298828125,18.3212802114804
0.329921875,18.3212802114804
0.3299609375,17.3212802114804
0.33,13.3212802114804
0.3300390625,4.32128021148037
0.330078125,-4.67871978851963
0.3301171875,-12.6787197885196
0.33015625,-17.6787197885196
0.3301953125,-21.6787197885196
0.330234375,-24.6787197885196
0.3302734375,-27.6787197885196
0.3303125,-30.6787197885196
0.3303515625,-30.6787197885196
0.330390625,-29.6787197885196
0.3304296875,-22.6787197885196
0.33046875,-12.6787197885196
0.3305078125,-3.67871978851963
0.330546875,3.32128021148037
0.3305859375,9.32128021148037
0.330625,12.3212802114804
0.3306640625,14.3212802114804
0.330703125,14.3212802114804
0.3307421875,15.3212802114804
0.33078125,15.3212802114804
0.3308203125,14.3212802114804
0.330859375,14.3212802114804
0.3308984375,13.3212802114804
0.3309375,8.32128021148037
0.3309765625,3.32128021148037
0.331015625,-4.67871978851963
0.3310546875,-10.6787197885196
0.33109375,-12.6787197885196
0.3311328125,-13.6787197885196
0.331171875,-13.6787197885196
0.3312109375,-14.6787197885196
0.33125,-14.6787197885196
0.3312890625,-17.6787197885196
0.331328125,-21.6787197885196
0.3313671875,-21.6787197885196
0.33140625,-16.6787197885196
0.3314453125,-9.67871978851963
0.331484375,-4.67871978851963
0.3315234375,1.32128021148037
0.3315625,5.32128021148037
0.3316015625,6.32128021148037
0.331640625,9.32128021148037
0.3316796875,10.3212802114804
0.33171875,12.3212802114804
0.3317578125,10.3212802114804
0.331796875,9.32128021148037
0.3318359375,6.32128021148037
0.331875,3.32128021148037
0.3319140625,2.32128021148037
0.331953125,2.32128021148037
0.3319921875,-0.678719788519629
0.33203125,-2.67871978851963
0.3320703125,-2.67871978851963
0.332109375,-1.67871978851963
0.3321484375,-0.678719788519629
0.3321875,1.32128021148037
0.3322265625,2.32128021148037
0.332265625,2.32128021148037
0.3323046875,1.32128021148037
0.33234375,3.32128021148037
0.3323828125,2.32128021148037
0.332421875,0.321280211480371
0.3324609375,-4.67871978851963
0.3325,-6.67871978851963
0.3325390625,-7.67871978851963
0.332578125,-7.67871978851963
0.3326171875,-6.67871978851963
0.33265625,-2.67871978851963
0.3326953125,2.32128021148037
0.332734375,9.32128021148037
0.3327734375,12.3212802114804
0.3328125,14.3212802114804
0.3328515625,14.3212802114804
0.332890625,11.3212802114804
0.3329296875,11.3212802114804
0.33296875,11.3212802114804
0.3330078125,13.3212802114804
0.333046875,16.3212802114804
0.3330859375,16.3212802114804
0.333125,13.3212802114804
0.3331640625,11.3212802114804
0.333203125,9.32128021148037
0.3332421875,8.32128021148037
0.33328125,7.32128021148037
0.3333203125,5.32128021148037
0.333359375,2.32128021148037
0.3333984375,-1.67871978851963
0.3334375,-2.67871978851963
0.3334765625,-3.67871978851963
0.333515625,-4.67871978851963
0.3335546875,-5.67871978851963
0.33359375,-8.67871978851963
0.3336328125,-14.6787197885196
0.333671875,-17.6787197885196
0.3337109375,-18.6787197885196
0.33375,-17.6787197885196
0.3337890625,-15.6787197885196
0.333828125,-13.6787197885196
0.3338671875,-10.6787197885196
0.33390625,-8.67871978851963
0.3339453125,-3.67871978851963
0.333984375,3.32128021148037
0.3340234375,11.3212802114804
0.3340625,14.3212802114804
0.3341015625,17.3212802114804
0.334140625,17.3212802114804
0.3341796875,16.3212802114804
0.33421875,13.3212802114804
0.3342578125,3.32128021148037
0.334296875,-7.67871978851963
0.3343359375,-19.6787197885196
0.334375,-27.6787197885196
0.3344140625,-31.6787197885196
0.334453125,-33.6787197885196
0.3344921875,-31.6787197885196
0.33453125,-30.6787197885196
0.3345703125,-31.6787197885196
0.334609375,-29.6787197885196
0.3346484375,-22.6787197885196
0.3346875,-10.6787197885196
0.3347265625,1.32128021148037
0.334765625,13.3212802114804
0.3348046875,23.3212802114804
0.33484375,29.3212802114804
0.3348828125,30.3212802114804
0.334921875,27.3212802114804
0.3349609375,25.3212802114804
0.335,24.3212802114804
0.3350390625,26.3212802114804
0.335078125,23.3212802114804
0.3351171875,22.3212802114804
0.33515625,22.3212802114804
0.3351953125,20.3212802114804
0.335234375,16.3212802114804
0.3352734375,11.3212802114804
0.3353125,5.32128021148037
0.3353515625,2.32128021148037
0.335390625,1.32128021148037
0.3354296875,1.32128021148037
0.33546875,1.32128021148037
0.3355078125,-2.67871978851963
0.335546875,-7.67871978851963
0.3355859375,-16.6787197885196
0.335625,-20.6787197885196
0.3356640625,-22.6787197885196
0.335703125,-22.6787197885196
0.3357421875,-19.6787197885196
0.33578125,-16.6787197885196
0.3358203125,-11.6787197885196
0.335859375,-1.67871978851963
0.3358984375,4.32128021148037
0.3359375,9.32128021148037
0.3359765625,10.3212802114804
0.336015625,9.32128021148037
0.3360546875,3.32128021148037
0.33609375,0.321280211480371
0.3361328125,-0.678719788519629
0.336171875,-0.678719788519629
0.3362109375,-1.67871978851963
0.33625,-3.67871978851963
0.3362890625,-5.67871978851963
0.336328125,-9.67871978851963
0.3363671875,-17.6787197885196
0.33640625,-19.6787197885196
0.3364453125,-16.6787197885196
0.336484375,-10.6787197885196
0.3365234375,-3.67871978851963
0.3365625,-0.678719788519629
0.3366015625,6.32128021148037
0.336640625,14.3212802114804
0.3366796875,20.3212802114804
0.33671875,22.3212802114804
0.3367578125,19.3212802114804
0.336796875,14.3212802114804
0.3368359375,7.32128021148037
0.336875,0.321280211480371
0.3369140625,-4.67871978851963
0.336953125,-7.67871978851963
0.3369921875,-6.67871978851963
0.33703125,-5.67871978851963
0.3370703125,-0.678719788519629
0.337109375,9.32128021148037
0.3371484375,17.3212802114804
0.3371875,15.3212802114804
0.3372265625,1.32128021148037
0.337265625,-13.6787197885196
0.3373046875,-22.6787197885196
0.33734375,-25.6787197885196
0.3373828125,-15.6787197885196
0.337421875,2.32128021148037
0.3374609375,20.3212802114804
0.3375,25.3212802114804
0.3375390625,17.3212802114804
0.337578125,5.32128021148037
0.3376171875,-9.67871978851963
0.33765625,-24.6787197885196
0.3376953125,-37.6787197885196
0.337734375,-40.6787197885196
0.3377734375,-34.6787197885196
0.3378125,-23.6787197885196
0.3378515625,-10.6787197885196
0.337890625,-1.67871978851963
0.3379296875,1.32128021148037
0.33796875,-0.678719788519629
0.3380078125,-7.67871978851963
0.338046875,-13.6787197885196
0.3380859375,-13.6787197885196
0.338125,-5.67871978851963
0.3381640625,3.32128021148037
0.338203125,10.3212802114804
0.3382421875,18.3212802114804
0.33828125,24.3212802114804
0.3383203125,28.3212802114804
0.338359375,30.3212802114804
0.3383984375,31.3212802114804
0.3384375,31.3212802114804
0.3384765625,32.3212802114804
0.338515625,31.3212802114804
0.3385546875,30.3212802114804
0.33859375,25.3212802114804
0.3386328125,15.3212802114804
0.338671875,4.32128021148037
0.3387109375,-2.67871978851963
0.33875,-3.67871978851963
0.3387890625,-4.67871978851963
0.338828125,-6.67871978851963
0.3388671875,-7.67871978851963
0.33890625,-6.67871978851963
0.3389453125,-5.67871978851963
0.338984375,-5.67871978851963
0.3390234375,-4.67871978851963
0.3390625,-3.67871978851963
0.3391015625,-2.67871978851963
0.339140625,-2.67871978851963
0.3391796875,-1.67871978851963
0.33921875,-0.678719788519629
0.3392578125,-1.67871978851963
0.339296875,-0.678719788519629
0.3393359375,2.32128021148037
0.339375,5.32128021148037
0.3394140625,7.32128021148037
0.339453125,7.32128021148037
0.3394921875,4.32128021148037
0.33953125,-2.67871978851963
0.3395703125,-11.6787197885196
0.339609375,-19.6787197885196
0.3396484375,-26.6787197885196
0.3396875,-31.6787197885196
0.3397265625,-33.6787197885196
0.339765625,-33.6787197885196
0.3398046875,-30.6787197885196
0.33984375,-23.6787197885196
0.3398828125,-16.6787197885196
0.339921875,-8.67871978851963
0.3399609375,-3.67871978851963
0.34,-1.67871978851963
0.3400390625,-2.67871978851963
0.340078125,-5.67871978851963
0.3401171875,-8.67871978851963
0.34015625,-5.67871978851963
0.3401953125,0.321280211480371
0.340234375,10.3212802114804
0.3402734375,20.3212802114804
0.3403125,28.3212802114804
0.3403515625,30.3212802114804
0.340390625,29.3212802114804
0.3404296875,25.3212802114804
0.34046875,19.3212802114804
0.3405078125,15.3212802114804
0.340546875,13.3212802114804
0.3405859375,11.3212802114804
0.340625,10.3212802114804
0.3406640625,8.32128021148037
0.340703125,5.32128021148037
0.3407421875,2.32128021148037
0.34078125,0.321280211480371
0.3408203125,-0.678719788519629
0.340859375,-1.67871978851963
0.3408984375,-3.67871978851963
0.3409375,-4.67871978851963
0.3409765625,-5.67871978851963
0.341015625,-4.67871978851963
0.3410546875,-6.67871978851963
0.34109375,-10.6787197885196
0.3411328125,-15.6787197885196
0.341171875,-16.6787197885196
0.3412109375,-14.6787197885196
0.34125,-12.6787197885196
0.3412890625,-9.67871978851963
0.341328125,-7.67871978851963
0.3413671875,-3.67871978851963
0.34140625,1.32128021148037
0.3414453125,9.32128021148037
0.341484375,18.3212802114804
0.3415234375,23.3212802114804
0.3415625,24.3212802114804
0.3416015625,22.3212802114804
0.341640625,19.3212802114804
0.3416796875,12.3212802114804
0.34171875,6.32128021148037
0.3417578125,-3.67871978851963
0.341796875,-13.6787197885196
0.3418359375,-24.6787197885196
0.341875,-31.6787197885196
0.3419140625,-31.6787197885196
0.341953125,-23.6787197885196
0.3419921875,-10.6787197885196
0.34203125,2.32128021148037
0.3420703125,12.3212802114804
0.342109375,19.3212802114804
0.3421484375,26.3212802114804
0.3421875,30.3212802114804
0.3422265625,30.3212802114804
0.342265625,25.3212802114804
0.3423046875,18.3212802114804
0.34234375,7.32128021148037
0.3423828125,-3.67871978851963
0.342421875,-13.6787197885196
0.3424609375,-18.6787197885196
0.3425,-18.6787197885196
0.3425390625,-13.6787197885196
0.342578125,-7.67871978851963
0.3426171875,-7.67871978851963
0.34265625,-5.67871978851963
0.3426953125,-6.67871978851963
0.342734375,-4.67871978851963
0.3427734375,-3.67871978851963
0.3428125,-2.67871978851963
0.3428515625,-4.67871978851963
0.342890625,-7.67871978851963
0.3429296875,-9.67871978851963
0.34296875,-12.6787197885196
0.3430078125,-16.6787197885196
0.343046875,-18.6787197885196
0.3430859375,-17.6787197885196
0.343125,-14.6787197885196
0.3431640625,-14.6787197885196
0.343203125,-11.6787197885196
0.3432421875,-5.67871978851963
0.34328125,0.321280211480371
0.3433203125,5.32128021148037
0.343359375,10.3212802114804
0.3433984375,12.3212802114804
0.3434375,14.3212802114804
0.3434765625,21.3212802114804
0.343515625,24.3212802114804
0.3435546875,23.3212802114804
0.34359375,19.3212802114804
0.3436328125,15.3212802114804
0.343671875,7.32128021148037
0.3437109375,-2.67871978851963
0.34375,-9.67871978851963
0.3437890625,-13.6787197885196
0.343828125,-14.6787197885196
0.3438671875,-14.6787197885196
0.34390625,-12.6787197885196
0.3439453125,-9.67871978851963
0.343984375,0.321280211480371
0.3440234375,8.32128021148037
0.3440625,10.3212802114804
0.3441015625,12.3212802114804
0.344140625,14.3212802114804
0.3441796875,16.3212802114804
0.34421875,16.3212802114804
0.3442578125,15.3212802114804
0.344296875,14.3212802114804
0.3443359375,8.32128021148037
0.344375,1.32128021148037
0.3444140625,-0.678719788519629
0.344453125,-0.678719788519629
0.3444921875,2.32128021148037
0.34453125,2.32128021148037
0.3445703125,-3.67871978851963
0.344609375,-9.67871978851963
0.3446484375,-13.6787197885196
0.3446875,-16.6787197885196
0.3447265625,-14.6787197885196
0.344765625,-10.6787197885196
0.3448046875,-9.67871978851963
0.34484375,-13.6787197885196
0.3448828125,-18.6787197885196
0.344921875,-20.6787197885196
0.3449609375,-20.6787197885196
0.345,-20.6787197885196
0.3450390625,-17.6787197885196
0.345078125,-11.6787197885196
0.3451171875,-5.67871978851963
0.34515625,-0.678719788519629
0.3451953125,8.32128021148037
0.345234375,18.3212802114804
0.3452734375,26.3212802114804
0.3453125,29.3212802114804
0.3453515625,31.3212802114804
0.345390625,32.3212802114804
0.3454296875,36.3212802114804
0.34546875,41.3212802114804
0.3455078125,44.3212802114804
0.345546875,42.3212802114804
0.3455859375,35.3212802114804
0.345625,26.3212802114804
0.3456640625,19.3212802114804
0.345703125,12.3212802114804
0.3457421875,8.32128021148037
0.34578125,3.32128021148037
0.3458203125,-3.67871978851963
0.345859375,-12.6787197885196
0.3458984375,-22.6787197885196
0.3459375,-32.6787197885196
0.3459765625,-40.6787197885196
0.346015625,-44.6787197885196
0.3460546875,-45.6787197885196
0.34609375,-45.6787197885196
0.3461328125,-42.6787197885196
0.346171875,-35.6787197885196
0.3462109375,-27.6787197885196
0.34625,-18.6787197885196
0.3462890625,-11.6787197885196
0.346328125,-8.67871978851963
0.3463671875,-6.67871978851963
0.34640625,0.321280211480371
0.3464453125,4.32128021148037
0.346484375,7.32128021148037
0.3465234375,6.32128021148037
0.3465625,0.321280211480371
0.3466015625,-7.67871978851963
0.346640625,-13.6787197885196
0.3466796875,-15.6787197885196
0.34671875,-13.6787197885196
0.3467578125,-8.67871978851963
0.346796875,-2.67871978851963
0.3468359375,2.32128021148037
0.346875,7.32128021148037
0.3469140625,10.3212802114804
0.346953125,11.3212802114804
0.3469921875,11.3212802114804
0.34703125,10.3212802114804
0.3470703125,5.32128021148037
0.347109375,0.321280211480371
0.3471484375,-3.67871978851963
0.3471875,-6.67871978851963
0.3472265625,-5.67871978851963
0.347265625,-2.67871978851963
0.3473046875,1.32128021148037
0.34734375,5.32128021148037
0.3473828125,13.3212802114804
0.347421875,22.3212802114804
0.3474609375,27.3212802114804
0.3475,31.3212802114804
0.3475390625,33.3212802114804
0.347578125,32.3212802114804
0.3476171875,30.3212802114804
0.34765625,28.3212802114804
0.3476953125,27.3212802114804
0.347734375,29.3212802114804
0.3477734375,25.3212802114804
0.3478125,21.3212802114804
0.3478515625,22.3212802114804
0.347890625,17.3212802114804
0.3479296875,10.3212802114804
0.34796875,3.32128021148037
0.3480078125,-0.678719788519629
0.348046875,-5.67871978851963
0.3480859375,-11.6787197885196
0.348125,-14.6787197885196
0.3481640625,-18.6787197885196
0.348203125,-22.6787197885196
0.3482421875,-27.6787197885196
0.34828125,-29.6787197885196
0.3483203125,-30.6787197885196
0.348359375,-27.6787197885196
0.3483984375,-22.6787197885196
0.3484375,-19.6787197885196
0.3484765625,-14.6787197885196
0.348515625,-11.6787197885196
0.3485546875,-9.67871978851963
0.34859375,-8.67871978851963
0.3486328125,-5.67871978851963
0.348671875,1.32128021148037
0.3487109375,9.32128021148037
0.34875,14.3212802114804
0.3487890625,16.3212802114804
0.348828125,17.3212802114804
0.3488671875,18.3212802114804
0.34890625,17.3212802114804
0.3489453125,12.3212802114804
0.348984375,7.32128021148037
0.3490234375,5.32128021148037
0.3490625,4.32128021148037
0.3491015625,3.32128021148037
0.349140625,-1.67871978851963
0.3491796875,-9.67871978851963
0.34921875,-17.6787197885196
0.3492578125,-24.6787197885196
0.349296875,-24.6787197885196
0.3493359375,-19.6787197885196
0.349375,-14.6787197885196
0.3494140625,-13.6787197885196
0.349453125,-15.6787197885196
0.3494921875,-16.6787197885196
0.34953125,-17.6787197885196
0.3495703125,-17.6787197885196
0.349609375,-15.6787197885196
0.3496484375,-11.6787197885196
0.3496875,-8.67871978851963
0.3497265625,-7.67871978851963
0.349765625,-5.67871978851963
0.3498046875,-1.67871978851963
0.34984375,1.32128021148037
0.3498828125,4.32128021148037
0.349921875,6.32128021148037
0.3499609375,6.32128021148037
0.35,8.32128021148037
0.3500390625,11.3212802114804
0.350078125,11.3212802114804
0.3501171875,14.3212802114804
0.35015625,10.3212802114804
0.3501953125,8.32128021148037
0.350234375,4.32128021148037
0.3502734375,4.32128021148037
0.3503125,9.32128021148037
0.3503515625,11.3212802114804
0.350390625,12.3212802114804
0.3504296875,12.3212802114804
0.35046875,13.3212802114804
0.3505078125,14.3212802114804
0.350546875,16.3212802114804
0.3505859375,19.3212802114804
0.350625,24.3212802114804
0.3506640625,25.3212802114804
0.350703125,22.3212802114804
0.3507421875,18.3212802114804
0.35078125,11.3212802114804
0.3508203125,6.32128021148037
0.350859375,3.32128021148037
0.3508984375,-1.67871978851963
0.3509375,-6.67871978851963
0.3509765625,-11.6787197885196
0.351015625,-16.6787197885196
0.3510546875,-18.6787197885196
0.35109375,-19.6787197885196
0.3511328125,-21.6787197885196
0.351171875,-24.6787197885196
0.3512109375,-29.6787197885196
0.35125,-29.6787197885196
0.3512890625,-26.6787197885196
0.351328125,-19.6787197885196
0.3513671875,-11.6787197885196
0.35140625,-4.67871978851963
0.3514453125,3.32128021148037
0.351484375,10.3212802114804
0.3515234375,14.3212802114804
0.3515625,18.3212802114804
0.3516015625,16.3212802114804
0.351640625,12.3212802114804
0.3516796875,7.32128021148037
0.35171875,0.321280211480371
0.3517578125,-5.67871978851963
0.351796875,-5.67871978851963
0.3518359375,-9.67871978851963
0.351875,-15.6787197885196
0.3519140625,-18.6787197885196
0.351953125,-14.6787197885196
0.3519921875,-9.67871978851963
0.35203125,-1.67871978851963
0.3520703125,10.3212802114804
0.352109375,20.3212802114804
0.3521484375,22.3212802114804
0.3521875,20.3212802114804
0.3522265625,15.3212802114804
0.352265625,11.3212802114804
0.3523046875,11.3212802114804
0.35234375,10.3212802114804
0.3523828125,5.32128021148037
0.352421875,-2.67871978851963
0.3524609375,-11.6787197885196
0.3525,-17.6787197885196
0.3525390625,-23.6787197885196
0.352578125,-25.6787197885196
0.3526171875,-21.6787197885196
0.35265625,-13.6787197885196
0.3526953125,-6.67871978851963
0.352734375,-0.678719788519629
0.3527734375,5.32128021148037
0.3528125,15.3212802114804
0.3528515625,26.3212802114804
0.352890625,38.3212802114804
0.3529296875,39.3212802114804
0.35296875,34.3212802114804
0.3530078125,23.3212802114804
0.353046875,14.3212802114804
0.3530859375,6.32128021148037
0.353125,0.321280211480371
0.3531640625,-5.67871978851963
0.353203125,-8.67871978851963
0.3532421875,-9.67871978851963
0.35328125,-15.6787197885196
0.3533203125,-17.6787197885196
0.353359375,-20.6787197885196
0.3533984375,-21.6787197885196
0.3534375,-18.6787197885196
0.3534765625,-16.6787197885196
0.353515625,-12.6787197885196
0.3535546875,-7.67871978851963
0.35359375,-1.67871978851963
0.3536328125,4.32128021148037
0.353671875,9.32128021148037
0.3537109375,11.3212802114804
0.35375,9.32128021148037
0.3537890625,2.32128021148037
0.353828125,-0.678719788519629
0.3538671875,1.32128021148037
0.35390625,6.32128021148037
0.3539453125,11.3212802114804
0.353984375,19.3212802114804
0.3540234375,25.3212802114804
0.3540625,27.3212802114804
0.3541015625,24.3212802114804
0.354140625,20.3212802114804
0.3541796875,15.3212802114804
0.35421875,9.32128021148037
0.3542578125,1.32128021148037
0.354296875,-11.6787197885196
0.3543359375,-22.6787197885196
0.354375,-32.6787197885196
0.3544140625,-39.6787197885196
0.354453125,-44.6787197885196
0.3544921875,-44.6787197885196
0.35453125,-44.6787197885196
0.3545703125,-41.6787197885196
0.354609375,-33.6787197885196
0.3546484375,-22.6787197885196
0.3546875,-7.67871978851963
0.3547265625,5.32128021148037
0.354765625,13.3212802114804
0.3548046875,19.3212802114804
0.35484375,24.3212802114804
0.3548828125,26.3212802114804
0.354921875,28.3212802114804
0.3549609375,28.3212802114804
0.355,23.3212802114804
0.3550390625,17.3212802114804
0.355078125,8.32128021148037
0.3551171875,1.32128021148037
0.35515625,-2.67871978851963
0.3551953125,-7.67871978851963
0.355234375,-9.67871978851963
0.3552734375,-11.6787197885196
0.3553125,-12.6787197885196
0.3553515625,-13.6787197885196
0.355390625,-12.6787197885196
0.3554296875,-10.6787197885196
0.35546875,-3.67871978851963
0.3555078125,4.32128021148037
0.355546875,10.3212802114804
0.3555859375,13.3212802114804
0.355625,15.3212802114804
0.3556640625,20.3212802114804
0.355703125,24.3212802114804
0.3557421875,22.3212802114804
0.35578125,18.3212802114804
0.3558203125,14.3212802114804
0.355859375,10.3212802114804
0.3558984375,8.32128021148037
0.3559375,7.32128021148037
0.3559765625,3.32128021148037
0.356015625,0.321280211480371
0.3560546875,1.32128021148037
0.35609375,2.32128021148037
0.3561328125,7.32128021148037
0.356171875,10.3212802114804
0.3562109375,13.3212802114804
0.35625,13.3212802114804
0.3562890625,10.3212802114804
0.356328125,2.32128021148037
0.3563671875,-7.67871978851963
0.35640625,-18.6787197885196
0.3564453125,-30.6787197885196
0.356484375,-38.6787197885196
0.3565234375,-44.6787197885196
0.3565625,-46.6787197885196
0.3566015625,-46.6787197885196
0.356640625,-39.6787197885196
0.3566796875,-30.6787197885196
0.35671875,-17.6787197885196
0.3567578125,-3.67871978851963
0.356796875,11.3212802114804
0.3568359375,24.3212802114804
0.356875,31.3212802114804
0.3569140625,32.3212802114804
0.356953125,28.3212802114804
0.3569921875,24.3212802114804
0.35703125,15.3212802114804
0.3570703125,3.32128021148037
0.357109375,-2.67871978851963
0.3571484375,-3.67871978851963
0.3571875,0.321280211480371
0.3572265625,6.32128021148037
0.357265625,13.3212802114804
0.3573046875,16.3212802114804
0.35734375,14.3212802114804
0.3573828125,13.3212802114804
0.357421875,10.3212802114804
0.3574609375,7.32128021148037
0.3575,8.32128021148037
0.3575390625,4.32128021148037
0.357578125,-1.67871978851963
0.3576171875,-7.67871978851963
0.35765625,-12.6787197885196
0.3576953125,-15.6787197885196
0.357734375,-16.6787197885196
0.3577734375,-17.6787197885196
0.3578125,-14.6787197885196
0.3578515625,-8.67871978851963
0.357890625,-6.67871978851963
0.3579296875,-2.67871978851963
0.35796875,0.321280211480371
0.3580078125,3.32128021148037
0.358046875,7.32128021148037
0.3580859375,10.3212802114804
0.358125,12.3212802114804
0.3581640625,11.3212802114804
0.358203125,9.32128021148037
0.3582421875,6.32128021148037
0.35828125,-0.678719788519629
0.3583203125,-9.67871978851963
0.358359375,-14.6787197885196
0.3583984375,-15.6787197885196
0.3584375,-14.6787197885196
0.3584765625,-10.6787197885196
0.358515625,-5.67871978851963
0.3585546875,-1.67871978851963
0.35859375,3.32128021148037
0.3586328125,7.32128021148037
0.358671875,12.3212802114804
0.3587109375,16.3212802114804
0.35875,20.3212802114804
0.3587890625,20.3212802114804
0.358828125,14.3212802114804
0.3588671875,9.32128021148037
0.35890625,5.32128021148037
0.3589453125,-0.678719788519629
0.358984375,-6.67871978851963
0.3590234375,-13.6787197885196
0.3590625,-19.6787197885196
0.3591015625,-22.6787197885196
0.359140625,-25.6787197885196
0.3591796875,-22.6787197885196
0.35921875,-19.6787197885196
0.3592578125,-18.6787197885196
0.359296875,-18.6787197885196
0.3593359375,-20.6787197885196
0.359375,-19.6787197885196
0.3594140625,-15.6787197885196
0.359453125,-8.67871978851963
0.3594921875,-4.67871978851963
0.35953125,-2.67871978851963
0.3595703125,-5.67871978851963
0.359609375,-9.67871978851963
0.3596484375,-8.67871978851963
0.3596875,-1.67871978851963
0.3597265625,7.32128021148037
0.359765625,20.3212802114804
0.3598046875,30.3212802114804
0.35984375,37.3212802114804
0.3598828125,44.3212802114804
0.359921875,46.3212802114804
0.3599609375,46.3212802114804
0.36,41.3212802114804
0.3600390625,29.3212802114804
0.360078125,20.3212802114804
0.3601171875,11.3212802114804
0.36015625,10.3212802114804
0.3601953125,10.3212802114804
0.360234375,9.32128021148037
0.3602734375,8.32128021148037
0.3603125,4.32128021148037
0.3603515625,3.32128021148037
0.360390625,5.32128021148037
0.3604296875,10.3212802114804
0.36046875,13.3212802114804
0.3605078125,11.3212802114804
0.360546875,6.32128021148037
0.3605859375,-4.67871978851963
0.360625,-14.6787197885196
0.3606640625,-23.6787197885196
0.360703125,-28.6787197885196
0.3607421875,-32.6787197885196
0.36078125,-35.6787197885196
0.3608203125,-36.6787197885196
0.360859375,-33.6787197885196
0.3608984375,-26.6787197885196
0.3609375,-22.6787197885196
0.3609765625,-18.6787197885196
0.361015625,-18.6787197885196
0.3610546875,-19.6787197885196
0.36109375,-18.6787197885196
0.3611328125,-7.67871978851963
0.361171875,8.32128021148037
0.3612109375,20.3212802114804
0.36125,24.3212802114804
0.3612890625,19.3212802114804
0.361328125,10.3212802114804
0.3613671875,-1.67871978851963
0.36140625,-15.6787197885196
0.3614453125,-26.6787197885196
0.361484375,-31.6787197885196
0.3615234375,-28.6787197885196
0.3615625,-23.6787197885196
0.3616015625,-14.6787197885196
0.361640625,-6.67871978851963
0.3616796875,-0.678719788519629
0.36171875,-0.678719788519629
0.3617578125,-7.67871978851963
0.361796875,-13.6787197885196
0.3618359375,-16.6787197885196
0.361875,-14.6787197885196
0.3619140625,-9.67871978851963
0.361953125,-2.67871978851963
0.3619921875,9.32128021148037
0.36203125,23.3212802114804
0.3620703125,35.3212802114804
0.362109375,45.3212802114804
0.3621484375,51.3212802114804
0.3621875,50.3212802114804
0.3622265625,48.3212802114804
0.362265625,43.3212802114804
0.3623046875,36.3212802114804
0.36234375,30.3212802114804
0.3623828125,25.3212802114804
0.362421875,21.3212802114804
0.3624609375,20.3212802114804
0.3625,16.3212802114804
0.3625390625,9.32128021148037
0.362578125,-0.678719788519629
0.3626171875,-9.67871978851963
0.36265625,-13.6787197885196
0.3626953125,-16.6787197885196
0.362734375,-16.6787197885196
0.3627734375,-13.6787197885196
0.3628125,-12.6787197885196
0.3628515625,-13.6787197885196
0.362890625,-13.6787197885196
0.3629296875,-9.67871978851963
0.36296875,-3.67871978851963
0.3630078125,2.32128021148037
0.363046875,6.32128021148037
0.3630859375,6.32128021148037
0.363125,4.32128021148037
0.3631640625,-1.67871978851963
0.363203125,-9.67871978851963
0.3632421875,-18.6787197885196
0.36328125,-23.6787197885196
0.3633203125,-24.6787197885196
0.363359375,-23.6787197885196
0.3633984375,-18.6787197885196
0.3634375,-13.6787197885196
0.3634765625,-7.67871978851963
0.363515625,-0.678719788519629
0.3635546875,4.32128021148037
0.36359375,5.32128021148037
0.3636328125,6.32128021148037
0.363671875,9.32128021148037
0.3637109375,9.32128021148037
0.36375,6.32128021148037
0.3637890625,1.32128021148037
0.363828125,-6.67871978851963
0.3638671875,-16.6787197885196
0.36390625,-23.6787197885196
0.3639453125,-26.6787197885196
0.363984375,-23.6787197885196
0.3640234375,-16.6787197885196
0.3640625,-8.67871978851963
0.3641015625,-2.67871978851963
0.364140625,-0.678719788519629
0.3641796875,-1.67871978851963
0.36421875,-2.67871978851963
0.3642578125,-3.67871978851963
0.364296875,-5.67871978851963
0.3643359375,-6.67871978851963
0.364375,-7.67871978851963
0.3644140625,-9.67871978851963
0.364453125,-8.67871978851963
0.3644921875,-6.67871978851963
0.36453125,-5.67871978851963
0.3645703125,-4.67871978851963
0.364609375,-1.67871978851963
0.3646484375,3.32128021148037
0.3646875,7.32128021148037
0.3647265625,10.3212802114804
0.364765625,10.3212802114804
0.3648046875,10.3212802114804
0.36484375,7.32128021148037
0.3648828125,2.32128021148037
0.364921875,-0.678719788519629
0.3649609375,1.32128021148037
0.365,6.32128021148037
0.3650390625,10.3212802114804
0.365078125,13.3212802114804
0.3651171875,13.3212802114804
0.36515625,16.3212802114804
0.3651953125,19.3212802114804
0.365234375,20.3212802114804
0.3652734375,22.3212802114804
0.3653125,22.3212802114804
0.3653515625,22.3212802114804
0.365390625,22.3212802114804
0.3654296875,25.3212802114804
0.36546875,25.3212802114804
0.3655078125,26.3212802114804
0.365546875,24.3212802114804
0.3655859375,21.3212802114804
0.365625,20.3212802114804
0.3656640625,20.3212802114804
0.365703125,18.3212802114804
0.3657421875,16.3212802114804
0.36578125,7.32128021148037
0.3658203125,-3.67871978851963
0.365859375,-19.6787197885196
0.3658984375,-26.6787197885196
0.3659375,-28.6787197885196
0.3659765625,-27.6787197885196
0.366015625,-23.6787197885196
0.3660546875,-21.6787197885196
0.36609375,-18.6787197885196
0.3661328125,-13.6787197885196
0.366171875,-8.67871978851963
0.3662109375,-2.67871978851963
0.36625,-0.678719788519629
0.3662890625,0.321280211480371
0.366328125,-3.67871978851963
0.3663671875,-11.6787197885196
0.36640625,-18.6787197885196
0.3664453125,-25.6787197885196
0.366484375,-33.6787197885196
0.3665234375,-38.6787197885196
0.3665625,-40.6787197885196
0.3666015625,-40.6787197885196
0.366640625,-40.6787197885196
0.3666796875,-35.6787197885196
0.36671875,-27.6787197885196
0.3667578125,-17.6787197885196
0.366796875,-9.67871978851963
0.3668359375,-0.678719788519629
0.366875,7.32128021148037
0.3669140625,16.3212802114804
0.366953125,26.3212802114804
0.3669921875,31.3212802114804
0.36703125,28.3212802114804
0.3670703125,25.3212802114804
0.367109375,26.3212802114804
0.3671484375,26.3212802114804
0.3671875,23.3212802114804
0.3672265625,18.3212802114804
0.367265625,18.3212802114804
0.3673046875,22.3212802114804
0.36734375,27.3212802114804
0.3673828125,27.3212802114804
0.367421875,23.3212802114804
0.3674609375,18.3212802114804
0.3675,10.3212802114804
0.3675390625,5.32128021148037
0.367578125,3.32128021148037
0.3676171875,0.321280211480371
0.36765625,-1.67871978851963
0.3676953125,-3.67871978851963
0.367734375,-5.67871978851963
0.3677734375,-6.67871978851963
0.3678125,-6.67871978851963
0.3678515625,-3.67871978851963
0.367890625,-2.67871978851963
0.3679296875,-3.67871978851963
0.36796875,-7.67871978851963
0.3680078125,-11.6787197885196
0.368046875,-15.6787197885196
0.3680859375,-19.6787197885196
0.368125,-22.6787197885196
0.3681640625,-23.6787197885196
0.368203125,-25.6787197885196
0.3682421875,-26.6787197885196
0.36828125,-23.6787197885196
0.3683203125,-18.6787197885196
0.368359375,-9.67871978851963
0.3683984375,-2.67871978851963
0.3684375,5.32128021148037
0.3684765625,8.32128021148037
0.368515625,10.3212802114804
0.3685546875,17.3212802114804
0.36859375,23.3212802114804
0.3686328125,25.3212802114804
0.368671875,22.3212802114804
0.3687109375,20.3212802114804
0.36875,18.3212802114804
0.3687890625,15.3212802114804
0.368828125,13.3212802114804
0.3688671875,11.3212802114804
0.36890625,7.32128021148037
0.3689453125,1.32128021148037
0.368984375,-3.67871978851963
0.3690234375,-6.67871978851963
0.3690625,-10.6787197885196
0.3691015625,-13.6787197885196
0.369140625,-16.6787197885196
0.3691796875,-16.6787197885196
0.36921875,-17.6787197885196
0.3692578125,-17.6787197885196
0.369296875,-18.6787197885196
0.3693359375,-18.6787197885196
0.369375,-17.6787197885196
0.3694140625,-16.6787197885196
0.369453125,-15.6787197885196
0.3694921875,-10.6787197885196
0.36953125,-0.678719788519629
0.3695703125,6.32128021148037
0.369609375,9.32128021148037
0.3696484375,12.3212802114804
0.3696875,13.3212802114804
0.3697265625,16.3212802114804
0.369765625,20.3212802114804
0.3698046875,26.3212802114804
0.36984375,27.3212802114804
0.3698828125,24.3212802114804
0.369921875,18.3212802114804
0.3699609375,12.3212802114804
0.37,5.32128021148037
0.3700390625,-2.67871978851963
0.370078125,-10.6787197885196
0.3701171875,-21.6787197885196
0.37015625,-25.6787197885196
0.3701953125,-22.6787197885196
0.370234375,-16.6787197885196
0.3702734375,-11.6787197885196
0.3703125,-9.67871978851963
0.3703515625,-8.67871978851963
0.370390625,-3.67871978851963
0.3704296875,1.32128021148037
0.37046875,10.3212802114804
0.3705078125,18.3212802114804
0.370546875,23.3212802114804
0.3705859375,23.3212802114804
0.370625,20.3212802114804
0.3706640625,16.3212802114804
0.370703125,9.32128021148037
0.3707421875,3.32128021148037
0.37078125,-1.67871978851963
0.3708203125,-6.67871978851963
0.370859375,-7.67871978851963
0.3708984375,-5.67871978851963
0.3709375,-1.67871978851963
0.3709765625,4.32128021148037
0.371015625,6.32128021148037
0.3710546875,6.32128021148037
0.37109375,8.32128021148037
0.3711328125,9.32128021148037
0.371171875,9.32128021148037
0.3712109375,7.32128021148037
0.37125,1.32128021148037
0.3712890625,-3.67871978851963
0.371328125,-10.6787197885196
0.3713671875,-14.6787197885196
0.37140625,-14.6787197885196
0.3714453125,-13.6787197885196
0.371484375,-9.67871978851963
0.3715234375,-3.67871978851963
0.3715625,0.321280211480371
0.3716015625,4.32128021148037
0.371640625,6.32128021148037
0.3716796875,5.32128021148037
0.37171875,3.32128021148037
0.3717578125,-2.67871978851963
0.371796875,-7.67871978851963
0.3718359375,-12.6787197885196
0.371875,-15.6787197885196
0.3719140625,-16.6787197885196
0.371953125,-16.6787197885196
0.3719921875,-18.6787197885196
0.37203125,-18.6787197885196
0.3720703125,-16.6787197885196
0.372109375,-10.6787197885196
0.3721484375,-3.67871978851963
0.3721875,-0.678719788519629
0.3722265625,0.321280211480371
0.372265625,-2.67871978851963
0.3723046875,-9.67871978851963
0.37234375,-13.6787197885196
0.3723828125,-12.6787197885196
0.372421875,-10.6787197885196
0.3724609375,-9.67871978851963
0.3725,-9.67871978851963
0.3725390625,-9.67871978851963
0.372578125,-5.67871978851963
0.3726171875,-3.67871978851963
0.37265625,-1.67871978851963
0.3726953125,0.321280211480371
0.372734375,1.32128021148037
0.3727734375,8.32128021148037
0.3728125,14.3212802114804
0.3728515625,23.3212802114804
0.372890625,30.3212802114804
0.3729296875,37.3212802114804
0.37296875,39.3212802114804
0.3730078125,34.3212802114804
0.373046875,27.3212802114804
0.3730859375,26.3212802114804
0.373125,25.3212802114804
0.3731640625,22.3212802114804
0.373203125,15.3212802114804
0.3732421875,11.3212802114804
0.37328125,9.32128021148037
0.3733203125,12.3212802114804
0.373359375,16.3212802114804
0.3733984375,19.3212802114804
0.3734375,17.3212802114804
0.3734765625,12.3212802114804
0.373515625,5.32128021148037
0.3735546875,0.321280211480371
0.37359375,-2.67871978851963
0.3736328125,-6.67871978851963
0.373671875,-14.6787197885196
0.3737109375,-20.6787197885196
0.37375,-23.6787197885196
0.3737890625,-22.6787197885196
0.373828125,-17.6787197885196
0.3738671875,-11.6787197885196
0.37390625,-4.67871978851963
0.3739453125,-1.67871978851963
0.373984375,-2.67871978851963
0.3740234375,-4.67871978851963
0.3740625,-4.67871978851963
0.3741015625,0.321280211480371
0.374140625,2.32128021148037
0.3741796875,2.32128021148037
0.37421875,-2.67871978851963
0.3742578125,-10.6787197885196
0.374296875,-20.6787197885196
0.3743359375,-24.6787197885196
0.374375,-24.6787197885196
0.3744140625,-20.6787197885196
0.374453125,-16.6787197885196
0.3744921875,-13.6787197885196
0.37453125,-9.67871978851963
0.3745703125,-6.67871978851963
0.374609375,1.32128021148037
0.3746484375,5.32128021148037
0.3746875,5.32128021148037
0.3747265625,3.32128021148037
0.374765625,3.32128021148037
0.3748046875,3.32128021148037
0.37484375,2.32128021148037
0.3748828125,-0.678719788519629
0.374921875,-2.67871978851963
0.3749609375,-4.67871978851963
0.375,-6.67871978851963
0.3750390625,-7.67871978851963
0.375078125,-7.67871978851963
0.3751171875,-5.67871978851963
0.37515625,-3.67871978851963
0.3751953125,-1.67871978851963
0.375234375,-2.67871978851963
0.3752734375,-7.67871978851963
0.3753125,-11.6787197885196
0.3753515625,-11.6787197885196
0.375390625,-6.67871978851963
0.3754296875,-5.67871978851963
0.37546875,-5.67871978851963
0.3755078125,-6.67871978851963
0.375546875,-5.67871978851963
0.3755859375,-0.678719788519629
0.375625,4.32128021148037
0.3756640625,9.32128021148037
0.375703125,13.3212802114804
0.3757421875,17.3212802114804
0.37578125,21.3212802114804
0.3758203125,24.3212802114804
0.375859375,24.3212802114804
0.3758984375,23.3212802114804
0.3759375,18.3212802114804
0.3759765625,14.3212802114804
0.376015625,11.3212802114804
0.3760546875,9.32128021148037
0.37609375,5.32128021148037
0.3761328125,2.32128021148037
0.376171875,3.32128021148037
0.3762109375,6.32128021148037
0.37625,6.32128021148037
0.3762890625,7.32128021148037
0.376328125,10.3212802114804
0.3763671875,14.3212802114804
0.37640625,16.3212802114804
0.3764453125,18.3212802114804
0.376484375,19.3212802114804
0.3765234375,16.3212802114804
0.3765625,9.32128021148037
0.3766015625,4.32128021148037
0.376640625,0.321280211480371
0.3766796875,-1.67871978851963
0.37671875,-5.67871978851963
0.3767578125,-6.67871978851963
0.376796875,-7.67871978851963
0.3768359375,-8.67871978851963
0.376875,-11.6787197885196
0.3769140625,-15.6787197885196
0.376953125,-23.6787197885196
0.3769921875,-30.6787197885196
0.37703125,-35.6787197885196
0.3770703125,-35.6787197885196
0.377109375,-34.6787197885196
0.3771484375,-36.6787197885196
0.3771875,-38.6787197885196
0.3772265625,-41.6787197885196
0.377265625,-42.6787197885196
0.3773046875,-39.6787197885196
0.37734375,-36.6787197885196
0.3773828125,-30.6787197885196
0.377421875,-22.6787197885196
0.3774609375,-14.6787197885196
0.3775,-9.67871978851963
0.3775390625,-4.67871978851963
0.377578125,1.32128021148037
0.3776171875,14.3212802114804
0.37765625,24.3212802114804
0.3776953125,35.3212802114804
0.377734375,45.3212802114804
0.3777734375,52.3212802114804
0.3778125,56.3212802114804
0.3778515625,57.3212802114804
0.377890625,55.3212802114804
0.3779296875,48.3212802114804
0.37796875,40.3212802114804
0.3780078125,30.3212802114804
0.378046875,22.3212802114804
0.3780859375,15.3212802114804
0.378125,9.32128021148037
0.3781640625,3.32128021148037
0.378203125,-1.67871978851963
0.3782421875,-8.67871978851963
0.37828125,-10.6787197885196
0.3783203125,-8.67871978851963
0.378359375,-3.67871978851963
0.3783984375,2.32128021148037
0.3784375,5.32128021148037
0.3784765625,5.32128021148037
0.378515625,4.32128021148037
0.3785546875,0.321280211480371
0.37859375,-5.67871978851963
0.3786328125,-9.67871978851963
0.378671875,-12.6787197885196
0.3787109375,-15.6787197885196
0.37875,-17.6787197885196
0.3787890625,-17.6787197885196
0.378828125,-19.6787197885196
0.3788671875,-20.6787197885196
0.37890625,-17.6787197885196
0.3789453125,-11.6787197885196
0.378984375,-7.67871978851963
0.3790234375,-6.67871978851963
0.3790625,-6.67871978851963
0.3791015625,-5.67871978851963
0.379140625,-3.67871978851963
0.3791796875,-1.67871978851963
0.37921875,0.321280211480371
0.3792578125,-1.67871978851963
0.379296875,-0.678719788519629
0.3793359375,1.32128021148037
0.379375,2.32128021148037
0.3794140625,3.32128021148037
0.379453125,3.32128021148037
0.3794921875,0.321280211480371
0.37953125,-3.67871978851963
0.3795703125,-3.67871978851963
0.379609375,-1.67871978851963
0.3796484375,0.321280211480371
0.3796875,1.32128021148037
0.3797265625,-0.678719788519629
0.379765625,-5.67871978851963
0.3798046875,-8.67871978851963
0.37984375,-8.67871978851963
0.3798828125,-9.67871978851963
0.379921875,-6.67871978851963
0.3799609375,-0.678719788519629
0.38,3.32128021148037
0.3800390625,6.32128021148037
0.380078125,8.32128021148037
0.3801171875,8.32128021148037
0.38015625,10.3212802114804
0.3801953125,10.3212802114804
0.380234375,13.3212802114804
0.3802734375,14.3212802114804
0.3803125,14.3212802114804
0.3803515625,13.3212802114804
0.380390625,14.3212802114804
0.3804296875,14.3212802114804
0.38046875,13.3212802114804
0.3805078125,8.32128021148037
0.380546875,1.32128021148037
0.3805859375,-8.67871978851963
0.380625,-14.6787197885196
0.3806640625,-22.6787197885196
0.380703125,-26.6787197885196
0.3807421875,-28.6787197885196
0.38078125,-28.6787197885196
0.3808203125,-26.6787197885196
0.380859375,-23.6787197885196
0.3808984375,-14.6787197885196
0.3809375,-2.67871978851963
0.3809765625,9.32128021148037
0.381015625,21.3212802114804
0.3810546875,25.3212802114804
0.38109375,23.3212802114804
0.3811328125,19.3212802114804
0.381171875,15.3212802114804
0.3812109375,15.3212802114804
0.38125,16.3212802114804
0.3812890625,13.3212802114804
0.381328125,11.3212802114804
0.3813671875,9.32128021148037
0.38140625,9.32128021148037
0.3814453125,13.3212802114804
0.381484375,15.3212802114804
0.3815234375,15.3212802114804
0.3815625,16.3212802114804
0.3816015625,16.3212802114804
0.381640625,12.3212802114804
0.3816796875,4.32128021148037
0.38171875,-1.67871978851963
0.3817578125,-7.67871978851963
0.381796875,-12.6787197885196
0.3818359375,-21.6787197885196
0.381875,-29.6787197885196
0.3819140625,-30.6787197885196
0.381953125,-30.6787197885196
0.3819921875,-26.6787197885196
0.38203125,-18.6787197885196
0.3820703125,-14.6787197885196
0.382109375,-14.6787197885196
0.3821484375,-15.6787197885196
0.3821875,-15.6787197885196
0.3822265625,-13.6787197885196
0.382265625,-9.67871978851963
0.3823046875,-9.67871978851963
0.38234375,-11.6787197885196
0.3823828125,-12.6787197885196
0.382421875,-15.6787197885196
0.3824609375,-14.6787197885196
0.3825,-6.67871978851963
0.3825390625,4.32128021148037
0.382578125,11.3212802114804
0.3826171875,16.3212802114804
0.38265625,18.3212802114804
0.3826953125,20.3212802114804
0.382734375,23.3212802114804
0.3827734375,23.3212802114804
0.3828125,22.3212802114804
0.3828515625,18.3212802114804
0.382890625,13.3212802114804
0.3829296875,10.3212802114804
0.38296875,4.32128021148037
0.3830078125,0.321280211480371
0.383046875,-2.67871978851963
0.3830859375,-6.67871978851963
0.383125,-8.67871978851963
0.3831640625,-8.67871978851963
0.383203125,-1.67871978851963
0.3832421875,3.32128021148037
0.38328125,8.32128021148037
0.3833203125,11.3212802114804
0.383359375,13.3212802114804
0.3833984375,13.3212802114804
0.3834375,12.3212802114804
0.3834765625,10.3212802114804
0.383515625,8.32128021148037
0.3835546875,5.32128021148037
0.38359375,1.32128021148037
0.3836328125,-2.67871978851963
0.383671875,-4.67871978851963
0.3837109375,-7.67871978851963
0.38375,-10.6787197885196
0.3837890625,-12.6787197885196
0.383828125,-13.6787197885196
0.3838671875,-13.6787197885196
0.38390625,-14.6787197885196
0.3839453125,-12.6787197885196
0.383984375,-9.67871978851963
0.3840234375,-8.67871978851963
0.3840625,-10.6787197885196
0.3841015625,-10.6787197885196
0.384140625,-11.6787197885196
0.3841796875,-10.6787197885196
0.38421875,-2.67871978851963
0.3842578125,9.32128021148037
0.384296875,24.3212802114804
0.3843359375,34.3212802114804
0.384375,35.3212802114804
0.3844140625,23.3212802114804
0.384453125,10.3212802114804
0.3844921875,-8.67871978851963
0.38453125,-36.6787197885196
0.3845703125,-41.6787197885196
0.384609375,-5.67871978851963
0.3846484375,26.3212802114804
0.3846875,28.3212802114804
0.3847265625,26.3212802114804
0.384765625,31.3212802114804
0.3848046875,27.3212802114804
0.38484375,7.32128021148037
0.3848828125,-23.6787197885196
0.384921875,-53.6787197885196
0.3849609375,-59.6787197885196
0.385,-36.6787197885196
0.3850390625,-3.67871978851963
0.385078125,22.3212802114804
0.3851171875,39.3212802114804
0.38515625,51.3212802114804
0.3851953125,53.3212802114804
0.385234375,40.3212802114804
0.3852734375,26.3212802114804
0.3853125,11.3212802114804
0.3853515625,-3.67871978851963
0.385390625,-14.6787197885196
0.3854296875,-18.6787197885196
0.38546875,-19.6787197885196
0.3855078125,-16.6787197885196
0.385546875,-8.67871978851963
0.3855859375,-8.67871978851963
0.385625,-22.6787197885196
0.3856640625,-37.6787197885196
0.385703125,-40.6787197885196
0.3857421875,-32.6787197885196
0.38578125,-21.6787197885196
0.3858203125,-22.6787197885196
0.385859375,-28.6787197885196
0.3858984375,-20.6787197885196
0.3859375,-3.67871978851963
0.3859765625,7.32128021148037
0.386015625,5.32128021148037
0.3860546875,-0.678719788519629
0.38609375,-4.67871978851963
0.3861328125,-3.67871978851963
0.386171875,5.32128021148037
0.3862109375,17.3212802114804
0.38625,24.3212802114804
0.3862890625,23.3212802114804
0.386328125,19.3212802114804
0.3863671875,20.3212802114804
0.38640625,23.3212802114804
0.3864453125,26.3212802114804
0.386484375,22.3212802114804
0.3865234375,9.32128021148037
0.3865625,-3.67871978851963
0.3866015625,-15.6787197885196
0.386640625,-25.6787197885196
0.3866796875,-33.6787197885196
0.38671875,-36.6787197885196
0.3867578125,-32.6787197885196
0.386796875,-24.6787197885196
0.3868359375,-11.6787197885196
0.386875,1.32128021148037
0.3869140625,14.3212802114804
0.386953125,20.3212802114804
0.3869921875,20.3212802114804
0.38703125,15.3212802114804
0.3870703125,16.3212802114804
0.387109375,20.3212802114804
0.3871484375,27.3212802114804
0.3871875,33.3212802114804
0.3872265625,28.3212802114804
0.387265625,16.3212802114804
0.3873046875,6.32128021148037
0.38734375,1.32128021148037
0.3873828125,-2.67871978851963
0.387421875,-6.67871978851963
0.3874609375,-8.67871978851963
0.3875,-7.67871978851963
0.3875390625,-6.67871978851963
0.387578125,-10.6787197885196
0.3876171875,-12.6787197885196
0.38765625,-17.6787197885196
0.3876953125,-18.6787197885196
0.387734375,-18.6787197885196
0.3877734375,-16.6787197885196
0.3878125,-13.6787197885196
0.3878515625,-8.67871978851963
0.387890625,-0.678719788519629
0.3879296875,7.32128021148037
0.38796875,12.3212802114804
0.3880078125,14.3212802114804
0.388046875,12.3212802114804
0.3880859375,8.32128021148037
0.388125,4.32128021148037
0.3881640625,-1.67871978851963
0.388203125,-3.67871978851963
0.3882421875,-6.67871978851963
0.38828125,-11.6787197885196
0.3883203125,-14.6787197885196
0.388359375,-14.6787197885196
0.3883984375,-14.6787197885196
0.3884375,-13.6787197885196
0.3884765625,-14.6787197885196
0.388515625,-16.6787197885196
0.3885546875,-14.6787197885196
0.38859375,-12.6787197885196
0.3886328125,-9.67871978851963
0.388671875,-10.6787197885196
0.3887109375,-8.67871978851963
0.38875,-8.67871978851963
0.3887890625,-10.6787197885196
0.388828125,-11.6787197885196
0.3888671875,-9.67871978851963
0.38890625,-4.67871978851963
0.3889453125,-1.67871978851963
0.388984375,1.32128021148037
0.3890234375,5.32128021148037
0.3890625,13.3212802114804
0.3891015625,21.3212802114804
0.389140625,31.3212802114804
0.3891796875,42.3212802114804
0.38921875,54.3212802114804
0.3892578125,64.3212802114804
0.389296875,70.3212802114804
0.3893359375,73.3212802114804
0.389375,76.3212802114804
0.3894140625,74.3212802114804
0.389453125,70.3212802114804
0.3894921875,62.3212802114804
0.38953125,51.3212802114804
0.3895703125,40.3212802114804
0.389609375,30.3212802114804
0.3896484375,19.3212802114804
0.3896875,11.3212802114804
0.3897265625,0.321280211480371
0.389765625,-10.6787197885196
0.3898046875,-21.6787197885196
0.38984375,-33.6787197885196
0.3898828125,-44.6787197885196
0.389921875,-52.6787197885196
0.3899609375,-58.6787197885196
0.39,-59.6787197885196
0.3900390625,-62.6787197885196
0.390078125,-66.6787197885196
0.3901171875,-69.6787197885196
0.39015625,-67.6787197885196
0.3901953125,-62.6787197885196
0.390234375,-56.6787197885196
0.3902734375,-52.6787197885196
0.3903125,-51.6787197885196
0.3903515625,-50.6787197885196
0.390390625,-48.6787197885196
0.3904296875,-42.6787197885196
0.39046875,-33.6787197885196
0.3905078125,-25.6787197885196
0.390546875,-16.6787197885196
0.3905859375,-7.67871978851963
0.390625,1.32128021148037
0.3906640625,10.3212802114804
0.390703125,21.3212802114804
0.3907421875,32.3212802114804
0.39078125,38.3212802114804
0.3908203125,41.3212802114804
0.390859375,39.3212802114804
0.3908984375,35.3212802114804
0.3909375,33.3212802114804
0.3909765625,31.3212802114804
0.391015625,33.3212802114804
0.3910546875,33.3212802114804
0.39109375,31.3212802114804
0.3911328125,25.3212802114804
0.391171875,18.3212802114804
0.3912109375,11.3212802114804
0.39125,3.32128021148037
0.3912890625,-4.67871978851963
0.391328125,-12.6787197885196
0.3913671875,-20.6787197885196
0.39140625,-26.6787197885196
0.3914453125,-27.6787197885196
0.391484375,-27.6787197885196
0.3915234375,-27.6787197885196
0.3915625,-29.6787197885196
0.3916015625,-32.6787197885196
0.391640625,-35.6787197885196
0.3916796875,-31.6787197885196
0.39171875,-27.6787197885196
0.3917578125,-20.6787197885196
0.391796875,-9.67871978851963
0.3918359375,1.32128021148037
0.391875,10.3212802114804
0.3919140625,18.3212802114804
0.391953125,26.3212802114804
0.3919921875,35.3212802114804
0.39203125,42.3212802114804
0.3920703125,47.3212802114804
0.392109375,47.3212802114804
0.3921484375,42.3212802114804
0.3921875,37.3212802114804
0.3922265625,34.3212802114804
0.392265625,33.3212802114804
0.3923046875,34.3212802114804
0.39234375,35.3212802114804
0.3923828125,32.3212802114804
0.392421875,26.3212802114804
0.3924609375,20.3212802114804
0.3925,17.3212802114804
0.3925390625,12.3212802114804
0.392578125,6.32128021148037
0.3926171875,3.32128021148037
0.39265625,2.32128021148037
0.3926953125,1.32128021148037
0.392734375,-0.678719788519629
0.3927734375,-0.678719788519629
0.3928125,-2.67871978851963
0.3928515625,-8.67871978851963
0.392890625,-14.6787197885196
0.3929296875,-21.6787197885196
0.39296875,-22.6787197885196
0.3930078125,-22.6787197885196
0.393046875,-21.6787197885196
0.3930859375,-19.6787197885196
0.393125,-17.6787197885196
0.3931640625,-16.6787197885196
0.393203125,-16.6787197885196
0.3932421875,-14.6787197885196
0.39328125,-12.6787197885196
0.3933203125,-12.6787197885196
0.393359375,-13.6787197885196
0.3933984375,-16.6787197885196
0.3934375,-21.6787197885196
0.3934765625,-27.6787197885196
0.393515625,-29.6787197885196
0.3935546875,-33.6787197885196
0.39359375,-34.6787197885196
0.3936328125,-33.6787197885196
0.393671875,-27.6787197885196
0.3937109375,-20.6787197885196
0.39375,-15.6787197885196
0.3937890625,-9.67871978851963
0.393828125,-6.67871978851963
0.3938671875,-4.67871978851963
0.39390625,-2.67871978851963
0.3939453125,3.32128021148037
0.393984375,8.32128021148037
0.3940234375,15.3212802114804
0.3940625,20.3212802114804
0.3941015625,24.3212802114804
0.394140625,28.3212802114804
0.3941796875,26.3212802114804
0.39421875,22.3212802114804
0.3942578125,21.3212802114804
0.394296875,22.3212802114804
0.3943359375,22.3212802114804
0.394375,23.3212802114804
0.3944140625,23.3212802114804
0.394453125,22.3212802114804
0.3944921875,19.3212802114804
0.39453125,12.3212802114804
0.3945703125,7.32128021148037
0.394609375,3.32128021148037
0.3946484375,-0.678719788519629
0.3946875,-5.67871978851963
0.3947265625,-10.6787197885196
0.394765625,-14.6787197885196
0.3948046875,-16.6787197885196
0.39484375,-15.6787197885196
0.3948828125,-9.67871978851963
0.394921875,-1.67871978851963
0.3949609375,8.32128021148037
0.395,14.3212802114804
0.3950390625,17.3212802114804
0.395078125,16.3212802114804
0.3951171875,15.3212802114804
0.39515625,13.3212802114804
0.3951953125,9.32128021148037
0.395234375,3.32128021148037
0.3952734375,-2.67871978851963
0.3953125,-7.67871978851963
0.3953515625,-14.6787197885196
0.395390625,-21.6787197885196
0.3954296875,-24.6787197885196
0.39546875,-27.6787197885196
0.3955078125,-28.6787197885196
0.395546875,-26.6787197885196
0.3955859375,-24.6787197885196
0.395625,-20.6787197885196
0.3956640625,-12.6787197885196
0.395703125,-4.67871978851963
0.3957421875,2.32128021148037
0.39578125,9.32128021148037
0.3958203125,12.3212802114804
0.395859375,14.3212802114804
0.3958984375,15.3212802114804
0.3959375,17.3212802114804
0.3959765625,17.3212802114804
0.396015625,15.3212802114804
0.3960546875,10.3212802114804
0.39609375,9.32128021148037
0.3961328125,8.32128021148037
0.396171875,11.3212802114804
0.3962109375,16.3212802114804
0.39625,21.3212802114804
0.3962890625,23.3212802114804
0.396328125,25.3212802114804
0.3963671875,23.3212802114804
0.39640625,22.3212802114804
0.3964453125,18.3212802114804
0.396484375,14.3212802114804
0.3965234375,7.32128021148037
0.3965625,0.321280211480371
0.3966015625,-7.67871978851963
0.396640625,-15.6787197885196
0.3966796875,-23.6787197885196
0.39671875,-30.6787197885196
0.3967578125,-36.6787197885196
0.396796875,-42.6787197885196
0.3968359375,-45.6787197885196
0.396875,-46.6787197885196
0.3969140625,-44.6787197885196
0.396953125,-37.6787197885196
0.3969921875,-28.6787197885196
0.39703125,-20.6787197885196
0.3970703125,-12.6787197885196
0.397109375,-5.67871978851963
0.3971484375,1.32128021148037
0.3971875,7.32128021148037
0.3972265625,14.3212802114804
0.397265625,20.3212802114804
0.3973046875,21.3212802114804
0.39734375,19.3212802114804
0.3973828125,15.3212802114804
0.397421875,11.3212802114804
0.3974609375,8.32128021148037
0.3975,9.32128021148037
0.3975390625,7.32128021148037
0.397578125,7.32128021148037
0.3976171875,10.3212802114804
0.39765625,12.3212802114804
0.3976953125,16.3212802114804
0.397734375,20.3212802114804
0.3977734375,19.3212802114804
0.3978125,18.3212802114804
0.3978515625,17.3212802114804
0.397890625,14.3212802114804
0.3979296875,12.3212802114804
0.39796875,8.32128021148037
0.3980078125,0.321280211480371
0.398046875,-7.67871978851963
0.3980859375,-16.6787197885196
0.398125,-22.6787197885196
0.3981640625,-24.6787197885196
0.398203125,-20.6787197885196
0.3982421875,-18.6787197885196
0.39828125,-15.6787197885196
0.3983203125,-13.6787197885196
0.398359375,-11.6787197885196
0.3983984375,-9.67871978851963
0.3984375,-7.67871978851963
0.3984765625,-3.67871978851963
0.398515625,0.321280211480371
0.3985546875,3.32128021148037
0.39859375,5.32128021148037
0.3986328125,5.32128021148037
0.398671875,4.32128021148037
0.3987109375,3.32128021148037
0.39875,1.32128021148037
0.3987890625,1.32128021148037
0.398828125,4.32128021148037
0.3988671875,8.32128021148037
0.39890625,13.3212802114804
0.3989453125,18.3212802114804
0.398984375,23.3212802114804
0.3990234375,25.3212802114804
0.3990625,25.3212802114804
0.3991015625,24.3212802114804
0.399140625,25.3212802114804
0.3991796875,28.3212802114804
0.39921875,29.3212802114804
0.3992578125,28.3212802114804
0.399296875,22.3212802114804
0.3993359375,10.3212802114804
0.399375,-0.678719788519629
0.3994140625,-10.6787197885196
0.399453125,-18.6787197885196
0.3994921875,-22.6787197885196
0.39953125,-24.6787197885196
0.3995703125,-29.6787197885196
0.399609375,-32.6787197885196
0.3996484375,-37.6787197885196
0.3996875,-39.6787197885196
0.3997265625,-37.6787197885196
0.399765625,-28.6787197885196
0.3998046875,-20.6787197885196
0.39984375,-13.6787197885196
0.3998828125,-10.6787197885196
0.399921875,-5.67871978851963
0.3999609375,1.32128021148037
0.4,6.32128021148037
0.4000390625,7.32128021148037
0.400078125,4.32128021148037
0.4001171875,-2.67871978851963
0.40015625,-6.67871978851963
0.4001953125,-9.67871978851963
0.400234375,-10.6787197885196
0.4002734375,-11.6787197885196
0.4003125,-9.67871978851963
0.4003515625,-4.67871978851963
0.400390625,0.321280211480371
0.4004296875,6.32128021148037
0.40046875,11.3212802114804
0.4005078125,17.3212802114804
0.400546875,21.3212802114804
0.4005859375,20.3212802114804
0.400625,14.3212802114804
0.4006640625,5.32128021148037
0.400703125,-3.67871978851963
0.4007421875,-8.67871978851963
0.40078125,-11.6787197885196
0.4008203125,-11.6787197885196
0.400859375,-12.6787197885196
0.4008984375,-10.6787197885196
0.4009375,-6.67871978851963
0.4009765625,0.321280211480371
0.401015625,8.32128021148037
0.4010546875,13.3212802114804
0.40109375,18.3212802114804
0.4011328125,22.3212802114804
0.401171875,26.3212802114804
0.4012109375,31.3212802114804
0.40125,33.3212802114804
0.4012890625,33.3212802114804
0.401328125,30.3212802114804
0.4013671875,27.3212802114804
0.40140625,24.3212802114804
0.4014453125,22.3212802114804
0.401484375,20.3212802114804
0.4015234375,17.3212802114804
0.4015625,12.3212802114804
0.4016015625,2.32128021148037
0.401640625,-8.67871978851963
0.4016796875,-19.6787197885196
0.40171875,-25.6787197885196
0.4017578125,-29.6787197885196
0.401796875,-30.6787197885196
0.4018359375,-32.6787197885196
0.401875,-33.6787197885196
0.4019140625,-33.6787197885196
0.401953125,-29.6787197885196
0.4019921875,-24.6787197885196
0.40203125,-19.6787197885196
0.4020703125,-12.6787197885196
0.402109375,-6.67871978851963
0.4021484375,-6.67871978851963
0.4021875,-2.67871978851963
0.4022265625,0.321280211480371
0.402265625,5.32128021148037
0.4023046875,8.32128021148037
0.40234375,6.32128021148037
0.4023828125,9.32128021148037
0.402421875,13.3212802114804
0.4024609375,21.3212802114804
0.4025,27.3212802114804
0.4025390625,30.3212802114804
0.402578125,30.3212802114804
0.4026171875,25.3212802114804
0.40265625,17.3212802114804
0.4026953125,8.32128021148037
0.402734375,0.321280211480371
0.4027734375,-5.67871978851963
0.4028125,-14.6787197885196
0.4028515625,-20.6787197885196
0.402890625,-24.6787197885196
0.4029296875,-28.6787197885196
0.40296875,-30.6787197885196
0.4030078125,-28.6787197885196
0.403046875,-21.6787197885196
0.4030859375,-16.6787197885196
0.403125,-14.6787197885196
0.4031640625,-12.6787197885196
0.403203125,-10.6787197885196
0.4032421875,-9.67871978851963
0.40328125,-8.67871978851963
0.4033203125,-7.67871978851963
0.403359375,-5.67871978851963
0.4033984375,-4.67871978851963
0.4034375,-2.67871978851963
0.4034765625,0.321280211480371
0.403515625,3.32128021148037
0.4035546875,7.32128021148037
0.40359375,8.32128021148037
0.4036328125,10.3212802114804
0.403671875,9.32128021148037
0.4037109375,12.3212802114804
0.40375,17.3212802114804
0.4037890625,20.3212802114804
0.403828125,19.3212802114804
0.4038671875,17.3212802114804
0.40390625,12.3212802114804
0.4039453125,7.32128021148037
0.403984375,0.321280211480371
0.4040234375,-5.67871978851963
0.4040625,-8.67871978851963
0.4041015625,-12.6787197885196
0.404140625,-14.6787197885196
0.4041796875,-12.6787197885196
0.40421875,-9.67871978851963
0.4042578125,-5.67871978851963
0.404296875,-0.678719788519629
0.4043359375,3.32128021148037
0.404375,9.32128021148037
0.4044140625,14.3212802114804
0.404453125,20.3212802114804
0.4044921875,24.3212802114804
0.40453125,25.3212802114804
0.4045703125,22.3212802114804
0.404609375,17.3212802114804
0.4046484375,15.3212802114804
0.4046875,15.3212802114804
0.4047265625,15.3212802114804
0.404765625,11.3212802114804
0.4048046875,6.32128021148037
0.40484375,2.32128021148037
0.4048828125,-1.67871978851963
0.404921875,-2.67871978851963
0.4049609375,-1.67871978851963
0.405,2.32128021148037
0.4050390625,5.32128021148037
0.405078125,7.32128021148037
0.4051171875,8.32128021148037
0.40515625,11.3212802114804
0.4051953125,13.3212802114804
0.405234375,13.3212802114804
0.4052734375,9.32128021148037
0.4053125,2.32128021148037
0.4053515625,-4.67871978851963
0.405390625,-8.67871978851963
0.4054296875,-14.6787197885196
0.40546875,-18.6787197885196
0.4055078125,-20.6787197885196
0.405546875,-21.6787197885196
0.4055859375,-22.6787197885196
0.405625,-22.6787197885196
0.4056640625,-19.6787197885196
0.405703125,-13.6787197885196
0.4057421875,-6.67871978851963
0.40578125,-1.67871978851963
0.4058203125,-1.67871978851963
0.405859375,-3.67871978851963
0.4058984375,-9.67871978851963
0.4059375,-15.6787197885196
0.4059765625,-20.6787197885196
0.406015625,-22.6787197885196
0.4060546875,-22.6787197885196
0.40609375,-24.6787197885196
0.4061328125,-25.6787197885196
0.406171875,-21.6787197885196
0.4062109375,-13.6787197885196
0.40625,-4.67871978851963
0.4062890625,4.32128021148037
0.406328125,8.32128021148037
0.4063671875,8.32128021148037
0.40640625,7.32128021148037
0.4064453125,8.32128021148037
0.406484375,10.3212802114804
0.4065234375,8.32128021148037
0.4065625,5.32128021148037
0.4066015625,-0.678719788519629
0.406640625,-2.67871978851963
0.4066796875,-0.678719788519629
0.40671875,4.32128021148037
0.4067578125,8.32128021148037
0.406796875,12.3212802114804
0.4068359375,11.3212802114804
0.406875,6.32128021148037
0.4069140625,2.32128021148037
0.406953125,2.32128021148037
0.4069921875,3.32128021148037
0.40703125,3.32128021148037
0.4070703125,1.32128021148037
0.407109375,-2.67871978851963
0.4071484375,-6.67871978851963
0.4071875,-9.67871978851963
0.4072265625,-9.67871978851963
0.407265625,-4.67871978851963
0.4073046875,2.32128021148037
0.40734375,6.32128021148037
0.4073828125,5.32128021148037
0.407421875,1.32128021148037
0.4074609375,-2.67871978851963
0.4075,-5.67871978851963
0.4075390625,-4.67871978851963
0.407578125,-2.67871978851963
0.4076171875,-1.67871978851963
0.40765625,1.32128021148037
0.4076953125,8.32128021148037
0.407734375,18.3212802114804
0.4077734375,25.3212802114804
0.4078125,33.3212802114804
0.4078515625,36.3212802114804
0.407890625,36.3212802114804
0.4079296875,33.3212802114804
0.40796875,30.3212802114804
0.4080078125,26.3212802114804
0.408046875,22.3212802114804
0.4080859375,14.3212802114804
0.408125,3.32128021148037
0.4081640625,-6.67871978851963
0.408203125,-13.6787197885196
0.4082421875,-15.6787197885196
0.40828125,-14.6787197885196
0.4083203125,-12.6787197885196
0.408359375,-12.6787197885196
0.4083984375,-10.6787197885196
0.4084375,-6.67871978851963
0.4084765625,-3.67871978851963
0.408515625,0.321280211480371
0.4085546875,0.321280211480371
0.40859375,-1.67871978851963
0.4086328125,-2.67871978851963
0.408671875,-2.67871978851963
0.4087109375,-2.67871978851963
0.40875,-2.67871978851963
0.4087890625,-5.67871978851963
0.408828125,-12.6787197885196
0.4088671875,-21.6787197885196
0.40890625,-23.6787197885196
0.4089453125,-18.6787197885196
0.408984375,-9.67871978851963
0.4090234375,-3.67871978851963
0.4090625,-4.67871978851963
0.4091015625,-10.6787197885196
0.409140625,-17.6787197885196
0.4091796875,-30.6787197885196
0.40921875,-40.6787197885196
0.4092578125,-32.6787197885196
0.409296875,-14.6787197885196
0.4093359375,3.32128021148037
0.409375,14.3212802114804
0.4094140625,18.3212802114804
0.409453125,8.32128021148037
0.4094921875,-8.67871978851963
0.40953125,-23.6787197885196
0.4095703125,-34.6787197885196
0.409609375,-41.6787197885196
0.4096484375,-37.6787197885196
0.4096875,-21.6787197885196
0.4097265625,-1.67871978851963
0.409765625,18.3212802114804
0.4098046875,32.3212802114804
0.40984375,40.3212802114804
0.4098828125,42.3212802114804
0.409921875,45.3212802114804
0.4099609375,49.3212802114804
0.41,51.3212802114804
0.4100390625,53.3212802114804
0.410078125,50.3212802114804
0.4101171875,38.3212802114804
0.41015625,24.3212802114804
0.4101953125,14.3212802114804
0.410234375,10.3212802114804
0.4102734375,8.32128021148037
0.4103125,6.32128021148037
0.4103515625,1.32128021148037
0.410390625,-3.67871978851963
0.4104296875,-5.67871978851963
0.41046875,-7.67871978851963
0.4105078125,-8.67871978851963
0.410546875,-11.6787197885196
0.4105859375,-13.6787197885196
0.410625,-18.6787197885196
0.4106640625,-23.6787197885196
0.410703125,-25.6787197885196
0.4107421875,-27.6787197885196
0.41078125,-27.6787197885196
0.4108203125,-26.6787197885196
0.410859375,-24.6787197885196
0.4108984375,-20.6787197885196
0.4109375,-14.6787197885196
0.4109765625,-9.67871978851963
0.411015625,-5.67871978851963
0.4110546875,-2.67871978851963
0.41109375,-1.67871978851963
0.4111328125,-3.67871978851963
0.411171875,-5.67871978851963
0.4112109375,-4.67871978851963
0.41125,-3.67871978851963
0.4112890625,-2.67871978851963
0.411328125,-5.67871978851963
0.4113671875,-9.67871978851963
0.41140625,-12.6787197885196
0.4114453125,-12.6787197885196
0.411484375,-9.67871978851963
0.4115234375,-0.678719788519629
0.4115625,8.32128021148037
0.4116015625,15.3212802114804
0.411640625,21.3212802114804
0.4116796875,24.3212802114804
0.41171875,28.3212802114804
0.4117578125,31.3212802114804
0.411796875,34.3212802114804
0.4118359375,33.3212802114804
0.411875,30.3212802114804
0.4119140625,26.3212802114804
0.411953125,19.3212802114804
0.4119921875,13.3212802114804
0.41203125,7.32128021148037
0.4120703125,1.32128021148037
0.412109375,-2.67871978851963
0.4121484375,-5.67871978851963
0.4121875,-7.67871978851963
0.4122265625,-8.67871978851963
0.412265625,-11.6787197885196
0.4123046875,-14.6787197885196
0.41234375,-18.6787197885196
0.4123828125,-22.6787197885196
0.412421875,-27.6787197885196
0.4124609375,-30.6787197885196
0.4125,-29.6787197885196
0.4125390625,-24.6787197885196
0.412578125,-19.6787197885196
0.4126171875,-18.6787197885196
0.41265625,-18.6787197885196
0.4126953125,-16.6787197885196
0.412734375,-15.6787197885196
0.4127734375,-14.6787197885196
0.4128125,-13.6787197885196
0.4128515625,-13.6787197885196
0.412890625,-10.6787197885196
0.4129296875,-7.67871978851963
0.41296875,0.321280211480371
0.4130078125,8.32128021148037
0.413046875,14.3212802114804
0.4130859375,16.3212802114804
0.413125,18.3212802114804
0.4131640625,22.3212802114804
0.413203125,24.3212802114804
0.4132421875,25.3212802114804
0.41328125,25.3212802114804
0.4133203125,24.3212802114804
0.413359375,19.3212802114804
0.4133984375,14.3212802114804
0.4134375,10.3212802114804
0.4134765625,11.3212802114804
0.413515625,13.3212802114804
0.4135546875,13.3212802114804
0.41359375,12.3212802114804
0.4136328125,13.3212802114804
0.413671875,15.3212802114804
0.4137109375,12.3212802114804
0.41375,8.32128021148037
0.4137890625,6.32128021148037
0.413828125,6.32128021148037
0.4138671875,9.32128021148037
0.41390625,11.3212802114804
0.4139453125,12.3212802114804
0.413984375,7.32128021148037
0.4140234375,2.32128021148037
0.4140625,-3.67871978851963
0.4141015625,-8.67871978851963
0.414140625,-9.67871978851963
0.4141796875,-9.67871978851963
0.41421875,-7.67871978851963
0.4142578125,-5.67871978851963
0.414296875,-4.67871978851963
0.4143359375,-4.67871978851963
0.414375,-2.67871978851963
0.4144140625,-3.67871978851963
0.414453125,-2.67871978851963
0.4144921875,-1.67871978851963
0.41453125,-4.67871978851963
0.4145703125,-6.67871978851963
0.414609375,-9.67871978851963
0.4146484375,-10.6787197885196
0.4146875,-14.6787197885196
0.4147265625,-18.6787197885196
0.414765625,-22.6787197885196
0.4148046875,-25.6787197885196
0.41484375,-25.6787197885196
0.4148828125,-26.6787197885196
0.414921875,-23.6787197885196
0.4149609375,-18.6787197885196
0.415,-14.6787197885196
0.4150390625,-13.6787197885196
0.415078125,-9.67871978851963
0.4151171875,-2.67871978851963
0.41515625,4.32128021148037
0.4151953125,12.3212802114804
0.415234375,16.3212802114804
0.4152734375,17.3212802114804
0.4153125,12.3212802114804
0.4153515625,5.32128021148037
0.415390625,-4.67871978851963
0.4154296875,-9.67871978851963
0.41546875,-15.6787197885196
0.4155078125,-19.6787197885196
0.415546875,-19.6787197885196
0.4155859375,-18.6787197885196
0.415625,-14.6787197885196
0.4156640625,-7.67871978851963
0.415703125,-0.678719788519629
0.4157421875,6.32128021148037
0.41578125,14.3212802114804
0.4158203125,20.3212802114804
0.415859375,25.3212802114804
0.4158984375,31.3212802114804
0.4159375,32.3212802114804
0.4159765625,31.3212802114804
0.416015625,27.3212802114804
0.4160546875,22.3212802114804
0.41609375,18.3212802114804
0.4161328125,14.3212802114804
0.416171875,8.32128021148037
0.4162109375,2.32128021148037
0.41625,-2.67871978851963
0.4162890625,-7.67871978851963
0.416328125,-13.6787197885196
0.4163671875,-15.6787197885196
0.41640625,-15.6787197885196
0.4164453125,-16.6787197885196
0.416484375,-13.6787197885196
0.4165234375,-11.6787197885196
0.4165625,-9.67871978851963
0.4166015625,-7.67871978851963
0.416640625,-3.67871978851963
0.4166796875,0.321280211480371
0.41671875,5.32128021148037
0.4167578125,9.32128021148037
0.416796875,12.3212802114804
0.4168359375,14.3212802114804
0.416875,12.3212802114804
0.4169140625,11.3212802114804
0.416953125,9.32128021148037
0.4169921875,10.3212802114804
0.41703125,14.3212802114804
0.4170703125,20.3212802114804
0.417109375,23.3212802114804
0.4171484375,24.3212802114804
0.4171875,25.3212802114804
0.4172265625,26.3212802114804
0.417265625,21.3212802114804
0.4173046875,13.3212802114804
0.41734375,6.32128021148037
0.4173828125,-1.67871978851963
0.417421875,-11.6787197885196
0.4174609375,-22.6787197885196
0.4175,-33.6787197885196
0.4175390625,-40.6787197885196
0.417578125,-42.6787197885196
0.4176171875,-43.6787197885196
0.41765625,-42.6787197885196
0.4176953125,-38.6787197885196
0.417734375,-30.6787197885196
0.4177734375,-20.6787197885196
0.4178125,-12.6787197885196
0.4178515625,-3.67871978851963
0.417890625,3.32128021148037
0.4179296875,4.32128021148037
0.41796875,3.32128021148037
0.4180078125,3.32128021148037
0.418046875,5.32128021148037
0.4180859375,10.3212802114804
0.418125,15.3212802114804
0.4181640625,15.3212802114804
0.418203125,10.3212802114804
0.4182421875,6.32128021148037
0.41828125,2.32128021148037
0.4183203125,0.321280211480371
0.418359375,0.321280211480371
0.4183984375,0.321280211480371
0.4184375,-1.67871978851963
0.4184765625,-0.678719788519629
0.418515625,0.321280211480371
0.4185546875,1.32128021148037
0.41859375,0.321280211480371
0.4186328125,-0.678719788519629
0.418671875,-1.67871978851963
0.4187109375,-1.67871978851963
0.41875,-1.67871978851963
0.4187890625,-0.678719788519629
0.418828125,0.321280211480371
0.4188671875,0.321280211480371
0.41890625,-1.67871978851963
0.4189453125,-3.67871978851963
0.418984375,-8.67871978851963
0.4190234375,-6.67871978851963
0.4190625,0.321280211480371
0.4191015625,8.32128021148037
0.419140625,18.3212802114804
0.4191796875,25.3212802114804
0.41921875,27.3212802114804
0.4192578125,27.3212802114804
0.419296875,26.3212802114804
0.4193359375,27.3212802114804
0.419375,26.3212802114804
0.4194140625,27.3212802114804
0.419453125,26.3212802114804
0.4194921875,21.3212802114804
0.41953125,14.3212802114804
0.4195703125,2.32128021148037
0.419609375,-5.67871978851963
0.4196484375,-8.67871978851963
0.4196875,-10.6787197885196
0.4197265625,-12.6787197885196
0.419765625,-15.6787197885196
0.4198046875,-16.6787197885196
0.41984375,-16.6787197885196
0.4198828125,-16.6787197885196
0.419921875,-15.6787197885196
0.4199609375,-15.6787197885196
0.42,-15.6787197885196
0.4200390625,-19.6787197885196
0.420078125,-20.6787197885196
0.4201171875,-21.6787197885196
0.42015625,-18.6787197885196
0.4201953125,-15.6787197885196
0.420234375,-12.6787197885196
0.4202734375,-8.67871978851963
0.4203125,-4.67871978851963
0.4203515625,0.321280211480371
0.420390625,6.32128021148037
0.4204296875,13.3212802114804
0.42046875,17.3212802114804
0.4205078125,19.3212802114804
0.420546875,14.3212802114804
0.4205859375,7.32128021148037
0.420625,0.321280211480371
0.4206640625,-6.67871978851963
0.420703125,-11.6787197885196
0.4207421875,-15.6787197885196
0.42078125,-18.6787197885196
0.4208203125,-20.6787197885196
0.420859375,-20.6787197885196
0.4208984375,-19.6787197885196
0.4209375,-14.6787197885196
0.4209765625,-8.67871978851963
0.421015625,-2.67871978851963
0.4210546875,3.32128021148037
0.42109375,4.32128021148037
0.4211328125,2.32128021148037
0.421171875,2.32128021148037
0.4212109375,5.32128021148037
0.42125,6.32128021148037
0.4212890625,6.32128021148037
0.421328125,9.32128021148037
0.4213671875,11.3212802114804
0.42140625,15.3212802114804
0.4214453125,16.3212802114804
0.421484375,15.3212802114804
0.4215234375,11.3212802114804
0.4215625,6.32128021148037
0.4216015625,4.32128021148037
0.421640625,4.32128021148037
0.4216796875,4.32128021148037
0.42171875,1.32128021148037
0.4217578125,-4.67871978851963
0.421796875,-12.6787197885196
0.4218359375,-20.6787197885196
0.421875,-22.6787197885196
0.4219140625,-20.6787197885196
0.421953125,-14.6787197885196
0.4219921875,-7.67871978851963
0.42203125,-1.67871978851963
0.4220703125,5.32128021148037
0.422109375,13.3212802114804
0.4221484375,18.3212802114804
0.4221875,21.3212802114804
0.4222265625,21.3212802114804
0.422265625,20.3212802114804
0.4223046875,21.3212802114804
0.42234375,20.3212802114804
0.4223828125,23.3212802114804
0.422421875,22.3212802114804
0.4224609375,19.3212802114804
0.4225,18.3212802114804
0.4225390625,19.3212802114804
0.422578125,20.3212802114804
0.4226171875,19.3212802114804
0.42265625,18.3212802114804
0.4226953125,14.3212802114804
0.422734375,7.32128021148037
0.4227734375,-0.678719788519629
0.4228125,-8.67871978851963
0.4228515625,-15.6787197885196
0.422890625,-22.6787197885196
0.4229296875,-25.6787197885196
0.42296875,-28.6787197885196
0.4230078125,-28.6787197885196
0.423046875,-27.6787197885196
0.4230859375,-23.6787197885196
0.423125,-20.6787197885196
0.4231640625,-19.6787197885196
0.423203125,-17.6787197885196
0.4232421875,-13.6787197885196
0.42328125,-8.67871978851963
0.4233203125,-5.67871978851963
0.423359375,-7.67871978851963
0.4233984375,-10.6787197885196
0.4234375,-14.6787197885196
0.4234765625,-17.6787197885196
0.423515625,-17.6787197885196
0.4235546875,-18.6787197885196
0.42359375,-18.6787197885196
0.4236328125,-16.6787197885196
0.423671875,-12.6787197885196
0.4237109375,-7.67871978851963
0.42375,-0.678719788519629
0.4237890625,5.32128021148037
0.423828125,11.3212802114804
0.4238671875,17.3212802114804
0.42390625,23.3212802114804
0.4239453125,28.3212802114804
0.423984375,30.3212802114804
0.4240234375,26.3212802114804
0.4240625,22.3212802114804
0.4241015625,15.3212802114804
0.424140625,5.32128021148037
0.4241796875,-3.67871978851963
0.42421875,-12.6787197885196
0.4242578125,-13.6787197885196
0.424296875,-13.6787197885196
0.4243359375,-11.6787197885196
0.424375,-6.67871978851963
0.4244140625,-1.67871978851963
0.424453125,3.32128021148037
0.4244921875,8.32128021148037
0.42453125,12.3212802114804
0.4245703125,19.3212802114804
0.424609375,22.3212802114804
0.4246484375,23.3212802114804
0.4246875,21.3212802114804
0.4247265625,15.3212802114804
0.424765625,7.32128021148037
0.4248046875,0.321280211480371
0.42484375,-4.67871978851963
0.4248828125,-5.67871978851963
0.424921875,-4.67871978851963
0.4249609375,0.321280211480371
0.425,5.32128021148037
0.4250390625,9.32128021148037
0.425078125,10.3212802114804
0.4251171875,15.3212802114804
0.42515625,20.3212802114804
0.4251953125,24.3212802114804
0.425234375,26.3212802114804
0.4252734375,23.3212802114804
0.4253125,19.3212802114804
0.4253515625,11.3212802114804
0.425390625,2.32128021148037
0.4254296875,-6.67871978851963
0.42546875,-16.6787197885196
0.4255078125,-23.6787197885196
0.425546875,-28.6787197885196
0.4255859375,-31.6787197885196
0.425625,-32.6787197885196
0.4256640625,-28.6787197885196
0.425703125,-21.6787197885196
0.4257421875,-13.6787197885196
0.42578125,-9.67871978851963
0.4258203125,-6.67871978851963
0.425859375,-2.67871978851963
0.4258984375,-0.678719788519629
0.4259375,-1.67871978851963
0.4259765625,-4.67871978851963
0.426015625,-10.6787197885196
0.4260546875,-17.6787197885196
0.42609375,-22.6787197885196
0.4261328125,-25.6787197885196
0.426171875,-26.6787197885196
0.4262109375,-24.6787197885196
0.42625,-19.6787197885196
0.4262890625,-14.6787197885196
0.426328125,-7.67871978851963
0.4263671875,-2.67871978851963
0.42640625,5.32128021148037
0.4264453125,14.3212802114804
0.426484375,25.3212802114804
0.4265234375,33.3212802114804
0.4265625,39.3212802114804
0.4266015625,38.3212802114804
0.426640625,33.3212802114804
0.4266796875,26.3212802114804
0.42671875,18.3212802114804
0.4267578125,8.32128021148037
0.426796875,-2.67871978851963
0.4268359375,-10.6787197885196
0.426875,-16.6787197885196
0.4269140625,-22.6787197885196
0.426953125,-23.6787197885196
0.4269921875,-20.6787197885196
0.42703125,-16.6787197885196
0.4270703125,-15.6787197885196
0.427109375,-14.6787197885196
0.4271484375,-13.6787197885196
0.4271875,-8.67871978851963
0.4272265625,-5.67871978851963
0.427265625,-3.67871978851963
0.4273046875,-3.67871978851963
0.42734375,-5.67871978851963
0.4273828125,-8.67871978851963
0.427421875,-10.6787197885196
0.4274609375,-9.67871978851963
0.4275,-5.67871978851963
0.4275390625,0.321280211480371
0.427578125,6.32128021148037
0.4276171875,11.3212802114804
0.42765625,13.3212802114804
0.4276953125,14.3212802114804
0.427734375,19.3212802114804
0.4277734375,23.3212802114804
0.4278125,27.3212802114804
0.4278515625,28.3212802114804
0.427890625,29.3212802114804
0.4279296875,30.3212802114804
0.42796875,28.3212802114804
0.4280078125,26.3212802114804
0.428046875,19.3212802114804
0.4280859375,13.3212802114804
0.428125,10.3212802114804
0.4281640625,9.32128021148037
0.428203125,8.32128021148037
0.4282421875,2.32128021148037
0.42828125,-2.67871978851963
0.4283203125,-7.67871978851963
0.428359375,-11.6787197885196
0.4283984375,-17.6787197885196
0.4284375,-18.6787197885196
0.4284765625,-17.6787197885196
0.428515625,-13.6787197885196
0.4285546875,-11.6787197885196
0.42859375,-10.6787197885196
0.4286328125,-8.67871978851963
0.428671875,-8.67871978851963
0.4287109375,-5.67871978851963
0.42875,-1.67871978851963
0.4287890625,4.32128021148037
0.428828125,6.32128021148037
0.4288671875,5.32128021148037
0.42890625,3.32128021148037
0.4289453125,0.321280211480371
0.428984375,-4.67871978851963
0.4290234375,-5.67871978851963
0.4290625,-4.67871978851963
0.4291015625,-0.678719788519629
0.429140625,5.32128021148037
0.4291796875,11.3212802114804
0.42921875,16.3212802114804
0.4292578125,18.3212802114804
0.429296875,18.3212802114804
0.4293359375,15.3212802114804
0.429375,9.32128021148037
0.4294140625,4.32128021148037
0.429453125,-1.67871978851963
0.4294921875,-8.67871978851963
0.42953125,-16.6787197885196
0.4295703125,-23.6787197885196
0.429609375,-27.6787197885196
0.4296484375,-29.6787197885196
0.4296875,-29.6787197885196
0.4297265625,-28.6787197885196
0.429765625,-21.6787197885196
0.4298046875,-14.6787197885196
0.42984375,-6.67871978851963
0.4298828125,-0.678719788519629
0.429921875,4.32128021148037
0.4299609375,7.32128021148037
0.43,6.32128021148037
0.4300390625,4.32128021148037
0.430078125,1.32128021148037
0.4301171875,1.32128021148037
0.43015625,-0.678719788519629
0.4301953125,-1.67871978851963
0.430234375,-4.67871978851963
0.4302734375,-9.67871978851963
0.4303125,-16.6787197885196
0.4303515625,-20.6787197885196
0.430390625,-18.6787197885196
0.4304296875,-11.6787197885196
0.43046875,-5.67871978851963
0.4305078125,0.321280211480371
0.430546875,6.32128021148037
0.4305859375,12.3212802114804
0.430625,15.3212802114804
0.4306640625,17.3212802114804
0.430703125,20.3212802114804
0.4307421875,20.3212802114804
0.43078125,20.3212802114804
0.4308203125,18.3212802114804
0.430859375,16.3212802114804
0.4308984375,14.3212802114804
0.4309375,12.3212802114804
0.4309765625,11.3212802114804
0.431015625,7.32128021148037
0.4310546875,1.32128021148037
0.43109375,-3.67871978851963
0.4311328125,-7.67871978851963
0.431171875,-10.6787197885196
0.4312109375,-13.6787197885196
0.43125,-14.6787197885196
0.4312890625,-12.6787197885196
0.431328125,-12.6787197885196
0.4313671875,-8.67871978851963
0.43140625,-2.67871978851963
0.4314453125,6.32128021148037
0.431484375,12.3212802114804
0.4315234375,15.3212802114804
0.4315625,15.3212802114804
0.4316015625,13.3212802114804
0.431640625,9.32128021148037
0.4316796875,8.32128021148037
0.43171875,8.32128021148037
0.4317578125,9.32128021148037
0.431796875,11.3212802114804
0.4318359375,12.3212802114804
0.431875,13.3212802114804
0.4319140625,14.3212802114804
0.431953125,15.3212802114804
0.4319921875,13.3212802114804
0.43203125,11.3212802114804
0.4320703125,7.32128021148037
0.432109375,1.32128021148037
0.4321484375,-6.67871978851963
0.4321875,-13.6787197885196
0.4322265625,-22.6787197885196
0.432265625,-34.6787197885196
0.4323046875,-46.6787197885196
0.43234375,-51.6787197885196
0.4323828125,-52.6787197885196
0.432421875,-45.6787197885196
0.4324609375,-35.6787197885196
0.4325,-27.6787197885196
0.4325390625,-18.6787197885196
0.432578125,-8.67871978851963
0.4326171875,4.32128021148037
0.43265625,20.3212802114804
0.4326953125,27.3212802114804
0.432734375,20.3212802114804
0.4327734375,6.32128021148037
0.4328125,-2.67871978851963
0.4328515625,-12.6787197885196
0.432890625,-22.6787197885196
0.4329296875,-16.6787197885196
0.43296875,9.32128021148037
0.4330078125,43.3212802114804
0.433046875,69.3212802114804
0.4330859375,76.3212802114804
0.433125,64.3212802114804
0.4331640625,39.3212802114804
0.433203125,10.3212802114804
0.4332421875,-13.6787197885196
0.43328125,-26.6787197885196
0.4333203125,-24.6787197885196
0.433359375,-9.67871978851963
0.4333984375,8.32128021148037
0.4334375,20.3212802114804
0.4334765625,19.3212802114804
0.433515625,11.3212802114804
0.4335546875,3.32128021148037
0.43359375,-5.67871978851963
0.4336328125,-11.6787197885196
0.433671875,-9.67871978851963
0.4337109375,-2.67871978851963
0.43375,11.3212802114804
0.4337890625,24.3212802114804
0.433828125,29.3212802114804
0.4338671875,23.3212802114804
0.43390625,14.3212802114804
0.4339453125,3.32128021148037
0.433984375,-5.67871978851963
0.4340234375,-12.6787197885196
0.4340625,-21.6787197885196
0.4341015625,-30.6787197885196
0.434140625,-40.6787197885196
0.4341796875,-49.6787197885196
0.43421875,-52.6787197885196
0.4342578125,-51.6787197885196
0.434296875,-49.6787197885196
0.4343359375,-45.6787197885196
0.434375,-40.6787197885196
0.4344140625,-34.6787197885196
0.434453125,-28.6787197885196
0.4344921875,-18.6787197885196
0.43453125,-7.67871978851963
0.4345703125,5.32128021148037
0.434609375,16.3212802114804
0.4346484375,28.3212802114804
0.4346875,34.3212802114804
0.4347265625,35.3212802114804
0.434765625,37.3212802114804
0.4348046875,38.3212802114804
0.43484375,39.3212802114804
0.4348828125,37.3212802114804
0.434921875,33.3212802114804
0.4349609375,29.3212802114804
0.435,25.3212802114804
0.4350390625,25.3212802114804
0.435078125,22.3212802114804
0.4351171875,24.3212802114804
0.43515625,23.3212802114804
0.4351953125,15.3212802114804
0.435234375,5.32128021148037
0.4352734375,-1.67871978851963
0.4353125,-9.67871978851963
0.4353515625,-16.6787197885196
0.435390625,-20.6787197885196
0.4354296875,-22.6787197885196
0.43546875,-21.6787197885196
0.4355078125,-17.6787197885196
0.435546875,-15.6787197885196
0.4355859375,-15.6787197885196
0.435625,-14.6787197885196
0.4356640625,-14.6787197885196
0.435703125,-14.6787197885196
0.4357421875,-13.6787197885196
0.43578125,-10.6787197885196
0.4358203125,-5.67871978851963
0.435859375,0.321280211480371
0.4358984375,0.321280211480371
0.4359375,-0.678719788519629
0.4359765625,-1.67871978851963
0.436015625,-1.67871978851963
0.4360546875,0.321280211480371
0.43609375,0.321280211480371
0.4361328125,1.32128021148037
0.436171875,-2.67871978851963
0.4362109375,-7.67871978851963
0.43625,-10.6787197885196
0.4362890625,-10.6787197885196
0.436328125,-6.67871978851963
0.4363671875,-5.67871978851963
0.43640625,-4.67871978851963
0.4364453125,-5.67871978851963
0.436484375,-7.67871978851963
0.4365234375,-9.67871978851963
0.4365625,-9.67871978851963
0.4366015625,-5.67871978851963
0.436640625,0.321280211480371
0.4366796875,7.32128021148037
0.43671875,14.3212802114804
0.4367578125,22.3212802114804
0.436796875,26.3212802114804
0.4368359375,26.3212802114804
0.436875,27.3212802114804
0.4369140625,26.3212802114804
0.436953125,25.3212802114804
0.4369921875,24.3212802114804
0.43703125,22.3212802114804
0.4370703125,19.3212802114804
0.437109375,18.3212802114804
0.4371484375,16.3212802114804
0.4371875,14.3212802114804
0.4372265625,16.3212802114804
0.437265625,20.3212802114804
0.4373046875,23.3212802114804
0.43734375,21.3212802114804
0.4373828125,13.3212802114804
0.437421875,2.32128021148037
0.4374609375,-9.67871978851963
0.4375,-19.6787197885196
0.4375390625,-26.6787197885196
0.437578125,-32.6787197885196
0.4376171875,-38.6787197885196
0.43765625,-42.6787197885196
0.4376953125,-44.6787197885196
0.437734375,-43.6787197885196
0.4377734375,-37.6787197885196
0.4378125,-32.6787197885196
0.4378515625,-25.6787197885196
0.437890625,-20.6787197885196
0.4379296875,-13.6787197885196
0.43796875,-6.67871978851963
0.4380078125,-0.678719788519629
0.438046875,4.32128021148037
0.4380859375,8.32128021148037
0.438125,6.32128021148037
0.4381640625,3.32128021148037
0.438203125,2.32128021148037
0.4382421875,4.32128021148037
0.43828125,8.32128021148037
0.4383203125,11.3212802114804
0.438359375,10.3212802114804
0.4383984375,7.32128021148037
0.4384375,6.32128021148037
0.4384765625,11.3212802114804
0.438515625,17.3212802114804
0.4385546875,21.3212802114804
0.43859375,25.3212802114804
0.4386328125,25.3212802114804
0.438671875,21.3212802114804
0.4387109375,15.3212802114804
0.43875,10.3212802114804
0.4387890625,5.32128021148037
0.438828125,0.321280211480371
0.4388671875,-5.67871978851963
0.43890625,-11.6787197885196
0.4389453125,-15.6787197885196
0.438984375,-15.6787197885196
0.4390234375,-15.6787197885196
0.4390625,-17.6787197885196
0.4391015625,-20.6787197885196
0.439140625,-22.6787197885196
0.4391796875,-21.6787197885196
0.43921875,-14.6787197885196
0.4392578125,-2.67871978851963
0.439296875,8.32128021148037
0.4393359375,12.3212802114804
0.439375,12.3212802114804
0.4394140625,9.32128021148037
0.439453125,4.32128021148037
0.4394921875,0.321280211480371
0.43953125,-2.67871978851963
0.4395703125,-5.67871978851963
0.439609375,-10.6787197885196
0.4396484375,-16.6787197885196
0.4396875,-19.6787197885196
0.4397265625,-18.6787197885196
0.439765625,-12.6787197885196
0.4398046875,-6.67871978851963
0.43984375,0.321280211480371
0.4398828125,4.32128021148037
0.439921875,10.3212802114804
0.4399609375,17.3212802114804
0.44,22.3212802114804
0.4400390625,25.3212802114804
0.440078125,23.3212802114804
0.4401171875,13.3212802114804
0.44015625,2.32128021148037
0.4401953125,-1.67871978851963
0.440234375,-1.67871978851963
0.4402734375,1.32128021148037
0.4403125,3.32128021148037
0.4403515625,2.32128021148037
0.440390625,-0.678719788519629
0.4404296875,-0.678719788519629
0.44046875,2.32128021148037
0.4405078125,7.32128021148037
0.440546875,11.3212802114804
0.4405859375,14.3212802114804
0.440625,14.3212802114804
0.4406640625,14.3212802114804
0.440703125,13.3212802114804
0.4407421875,11.3212802114804
0.44078125,9.32128021148037
0.4408203125,9.32128021148037
0.440859375,10.3212802114804
0.4408984375,9.32128021148037
0.4409375,7.32128021148037
0.4409765625,5.32128021148037
0.441015625,3.32128021148037
0.4410546875,0.321280211480371
0.44109375,-3.67871978851963
0.4411328125,-5.67871978851963
0.441171875,-6.67871978851963
0.4412109375,-5.67871978851963
0.44125,-4.67871978851963
0.4412890625,-6.67871978851963
0.441328125,-9.67871978851963
0.4413671875,-10.6787197885196
0.44140625,-13.6787197885196
0.4414453125,-15.6787197885196
0.441484375,-14.6787197885196
0.4415234375,-14.6787197885196
0.4415625,-17.6787197885196
0.4416015625,-22.6787197885196
0.441640625,-27.6787197885196
0.4416796875,-31.6787197885196
0.44171875,-32.6787197885196
0.4417578125,-29.6787197885196
0.441796875,-24.6787197885196
0.4418359375,-17.6787197885196
0.441875,-8.67871978851963
0.4419140625,3.32128021148037
0.441953125,13.3212802114804
0.4419921875,21.3212802114804
0.44203125,29.3212802114804
0.4420703125,33.3212802114804
0.442109375,35.3212802114804
0.4421484375,35.3212802114804
0.4421875,32.3212802114804
0.4422265625,28.3212802114804
0.442265625,24.3212802114804
0.4423046875,19.3212802114804
0.44234375,13.3212802114804
0.4423828125,8.32128021148037
0.442421875,2.32128021148037
0.4424609375,-0.678719788519629
0.4425,-4.67871978851963
0.4425390625,-8.67871978851963
0.442578125,-7.67871978851963
0.4426171875,-4.67871978851963
0.44265625,-2.67871978851963
0.4426953125,-5.67871978851963
0.442734375,-10.6787197885196
0.4427734375,-14.6787197885196
0.4428125,-18.6787197885196
0.4428515625,-20.6787197885196
0.442890625,-23.6787197885196
0.4429296875,-27.6787197885196
0.44296875,-29.6787197885196
0.4430078125,-34.6787197885196
0.443046875,-36.6787197885196
0.4430859375,-33.6787197885196
0.443125,-26.6787197885196
0.4431640625,-14.6787197885196
0.443203125,-6.67871978851963
0.4432421875,-0.678719788519629
0.44328125,5.32128021148037
0.4433203125,10.3212802114804
0.443359375,17.3212802114804
0.4433984375,20.3212802114804
0.4434375,22.3212802114804
0.4434765625,25.3212802114804
0.443515625,27.3212802114804
0.4435546875,26.3212802114804
0.44359375,23.3212802114804
0.4436328125,21.3212802114804
0.443671875,19.3212802114804
0.4437109375,17.3212802114804
0.44375,16.3212802114804
0.4437890625,18.3212802114804
0.443828125,20.3212802114804
0.4438671875,19.3212802114804
0.44390625,19.3212802114804
0.4439453125,17.3212802114804
0.443984375,11.3212802114804
0.4440234375,4.32128021148037
0.4440625,-0.678719788519629
0.4441015625,0.321280211480371
0.444140625,2.32128021148037
0.4441796875,3.32128021148037
0.44421875,4.32128021148037
0.4442578125,2.32128021148037
0.444296875,0.321280211480371
0.4443359375,-3.67871978851963
0.444375,-5.67871978851963
0.4444140625,-1.67871978851963
0.444453125,3.32128021148037
0.4444921875,6.32128021148037
0.44453125,7.32128021148037
0.4445703125,5.32128021148037
0.444609375,2.32128021148037
0.4446484375,-5.67871978851963
0.4446875,-9.67871978851963
0.4447265625,-15.6787197885196
0.444765625,-20.6787197885196
0.4448046875,-26.6787197885196
0.44484375,-31.6787197885196
0.4448828125,-35.6787197885196
0.444921875,-38.6787197885196
0.4449609375,-37.6787197885196
0.445,-34.6787197885196
0.4450390625,-27.6787197885196
0.445078125,-20.6787197885196
0.4451171875,-10.6787197885196
0.44515625,-1.67871978851963
0.4451953125,5.32128021148037
0.445234375,11.3212802114804
0.4452734375,13.3212802114804
0.4453125,11.3212802114804
0.4453515625,9.32128021148037
0.445390625,9.32128021148037
0.4454296875,11.3212802114804
0.44546875,12.3212802114804
0.4455078125,13.3212802114804
0.445546875,15.3212802114804
0.4455859375,15.3212802114804
0.445625,13.3212802114804
0.4456640625,10.3212802114804
0.445703125,5.32128021148037
0.4457421875,4.32128021148037
0.44578125,3.32128021148037
0.4458203125,2.32128021148037
0.445859375,-0.678719788519629
0.4458984375,-3.67871978851963
0.4459375,-2.67871978851963
0.4459765625,-3.67871978851963
0.446015625,-1.67871978851963
0.4460546875,0.321280211480371
0.44609375,1.32128021148037
0.4461328125,4.32128021148037
0.446171875,7.32128021148037
0.4462109375,9.32128021148037
0.44625,9.32128021148037
0.4462890625,8.32128021148037
0.446328125,3.32128021148037
0.4463671875,0.321280211480371
0.44640625,-3.67871978851963
0.4464453125,-6.67871978851963
0.446484375,-5.67871978851963
0.4465234375,-4.67871978851963
0.4465625,-3.67871978851963
0.4466015625,-1.67871978851963
0.446640625,-1.67871978851963
0.4466796875,2.32128021148037
0.44671875,8.32128021148037
0.4467578125,10.3212802114804
0.446796875,6.32128021148037
0.4468359375,0.321280211480371
0.446875,-9.67871978851963
0.4469140625,-19.6787197885196
0.446953125,-30.6787197885196
0.4469921875,-37.6787197885196
0.44703125,-39.6787197885196
0.4470703125,-36.6787197885196
0.447109375,-34.6787197885196
0.4471484375,-27.6787197885196
0.4471875,-16.6787197885196
0.4472265625,-5.67871978851963
0.447265625,1.32128021148037
0.4473046875,10.3212802114804
0.44734375,19.3212802114804
0.4473828125,26.3212802114804
0.447421875,32.3212802114804
0.4474609375,39.3212802114804
0.4475,41.3212802114804
0.4475390625,41.3212802114804
0.447578125,38.3212802114804
0.4476171875,35.3212802114804
0.44765625,34.3212802114804
0.4476953125,31.3212802114804
0.447734375,30.3212802114804
0.4477734375,30.3212802114804
0.4478125,30.3212802114804
0.4478515625,29.3212802114804
0.447890625,25.3212802114804
0.4479296875,19.3212802114804
0.44796875,11.3212802114804
0.4480078125,7.32128021148037
0.448046875,2.32128021148037
0.4480859375,-4.67871978851963
0.448125,-9.67871978851963
0.4481640625,-16.6787197885196
0.448203125,-23.6787197885196
0.4482421875,-30.6787197885196
0.44828125,-33.6787197885196
0.4483203125,-36.6787197885196
0.448359375,-37.6787197885196
0.4483984375,-39.6787197885196
0.4484375,-39.6787197885196
0.4484765625,-37.6787197885196
0.448515625,-35.6787197885196
0.4485546875,-32.6787197885196
0.44859375,-28.6787197885196
0.4486328125,-21.6787197885196
0.448671875,-13.6787197885196
0.4487109375,-4.67871978851963
0.44875,3.32128021148037
0.4487890625,8.32128021148037
0.448828125,13.3212802114804
0.4488671875,13.3212802114804
0.44890625,5.32128021148037
0.4489453125,-2.67871978851963
0.448984375,-7.67871978851963
0.4490234375,-7.67871978851963
0.4490625,-6.67871978851963
0.4491015625,-6.67871978851963
0.449140625,-4.67871978851963
0.4491796875,-1.67871978851963
0.44921875,3.32128021148037
0.4492578125,6.32128021148037
0.449296875,13.3212802114804
0.4493359375,20.3212802114804
0.449375,26.3212802114804
0.4494140625,29.3212802114804
0.449453125,29.3212802114804
0.4494921875,23.3212802114804
0.44953125,16.3212802114804
0.4495703125,8.32128021148037
0.449609375,4.32128021148037
0.4496484375,4.32128021148037
0.4496875,3.32128021148037
0.4497265625,2.32128021148037
0.449765625,-0.678719788519629
0.4498046875,-3.67871978851963
0.44984375,-5.67871978851963
0.4498828125,-8.67871978851963
0.449921875,-11.6787197885196
0.4499609375,-13.6787197885196
0.45,-13.6787197885196
0.4500390625,-13.6787197885196
0.450078125,-10.6787197885196
0.4501171875,-9.67871978851963
0.45015625,-11.6787197885196
0.4501953125,-12.6787197885196
0.450234375,-13.6787197885196
0.4502734375,-10.6787197885196
0.4503125,-4.67871978851963
0.4503515625,-1.67871978851963
0.450390625,1.32128021148037
0.4504296875,7.32128021148037
0.45046875,11.3212802114804
0.4505078125,14.3212802114804
0.450546875,14.3212802114804
0.4505859375,13.3212802114804
0.450625,15.3212802114804
0.4506640625,17.3212802114804
0.450703125,16.3212802114804
0.4507421875,14.3212802114804
0.45078125,11.3212802114804
0.4508203125,8.32128021148037
0.450859375,7.32128021148037
0.4508984375,4.32128021148037
0.4509375,2.32128021148037
0.4509765625,1.32128021148037
0.451015625,2.32128021148037
0.4510546875,2.32128021148037
0.45109375,-0.678719788519629
0.4511328125,-4.67871978851963
0.451171875,-8.67871978851963
0.4512109375,-9.67871978851963
0.45125,-6.67871978851963
0.4512890625,-3.67871978851963
0.451328125,-3.67871978851963
0.4513671875,-4.67871978851963
0.45140625,-5.67871978851963
0.4514453125,-6.67871978851963
0.451484375,-5.67871978851963
0.4515234375,-1.67871978851963
0.4515625,4.32128021148037
0.4516015625,10.3212802114804
0.451640625,12.3212802114804
0.4516796875,11.3212802114804
0.45171875,8.32128021148037
0.4517578125,7.32128021148037
0.451796875,4.32128021148037
0.4518359375,1.32128021148037
0.451875,-2.67871978851963
0.4519140625,-7.67871978851963
0.451953125,-9.67871978851963
0.4519921875,-9.67871978851963
0.45203125,-8.67871978851963
0.4520703125,-6.67871978851963
0.452109375,-5.67871978851963
0.4521484375,-6.67871978851963
0.4521875,-10.6787197885196
0.4522265625,-13.6787197885196
0.452265625,-15.6787197885196
0.4523046875,-13.6787197885196
0.45234375,-11.6787197885196
0.4523828125,-8.67871978851963
0.452421875,-8.67871978851963
0.4524609375,-11.6787197885196
0.4525,-10.6787197885196
0.4525390625,-6.67871978851963
0.452578125,-1.67871978851963
0.4526171875,5.32128021148037
0.45265625,9.32128021148037
0.4526953125,12.3212802114804
0.452734375,10.3212802114804
0.4527734375,6.32128021148037
0.4528125,2.32128021148037
0.4528515625,-1.67871978851963
0.452890625,-3.67871978851963
0.4529296875,-4.67871978851963
0.45296875,-4.67871978851963
0.4530078125,-5.67871978851963
0.453046875,-1.67871978851963
0.4530859375,3.32128021148037
0.453125,9.32128021148037
0.4531640625,12.3212802114804
0.453203125,16.3212802114804
0.4532421875,19.3212802114804
0.45328125,22.3212802114804
0.4533203125,23.3212802114804
0.453359375,21.3212802114804
0.4533984375,19.3212802114804
0.4534375,15.3212802114804
0.4534765625,11.3212802114804
0.453515625,10.3212802114804
0.4535546875,9.32128021148037
0.45359375,6.32128021148037
0.4536328125,4.32128021148037
0.453671875,-0.678719788519629
0.4537109375,-3.67871978851963
0.45375,-6.67871978851963
0.4537890625,-8.67871978851963
0.453828125,-10.6787197885196
0.4538671875,-8.67871978851963
0.45390625,-4.67871978851963
0.4539453125,-2.67871978851963
0.453984375,-2.67871978851963
0.4540234375,-1.67871978851963
0.4540625,-3.67871978851963
0.4541015625,-6.67871978851963
0.454140625,-12.6787197885196
0.4541796875,-18.6787197885196
0.45421875,-22.6787197885196
0.4542578125,-24.6787197885196
0.454296875,-28.6787197885196
0.4543359375,-30.6787197885196
0.454375,-29.6787197885196
0.4544140625,-27.6787197885196
0.454453125,-23.6787197885196
0.4544921875,-17.6787197885196
0.45453125,-8.67871978851963
0.4545703125,-0.678719788519629
0.454609375,7.32128021148037
0.4546484375,14.3212802114804
0.4546875,18.3212802114804
0.4547265625,20.3212802114804
0.454765625,18.3212802114804
0.4548046875,16.3212802114804
0.45484375,17.3212802114804
0.4548828125,15.3212802114804
0.454921875,15.3212802114804
0.4549609375,13.3212802114804
0.455,13.3212802114804
0.4550390625,11.3212802114804
0.455078125,9.32128021148037
0.4551171875,8.32128021148037
0.45515625,6.32128021148037
0.4551953125,8.32128021148037
0.455234375,12.3212802114804
0.4552734375,13.3212802114804
0.4553125,15.3212802114804
0.4553515625,15.3212802114804
0.455390625,14.3212802114804
0.4554296875,8.32128021148037
0.45546875,4.32128021148037
0.4555078125,1.32128021148037
0.455546875,-0.678719788519629
0.4555859375,-3.67871978851963
0.455625,-8.67871978851963
0.4556640625,-12.6787197885196
0.455703125,-14.6787197885196
0.4557421875,-15.6787197885196
0.45578125,-17.6787197885196
0.4558203125,-16.6787197885196
0.455859375,-12.6787197885196
0.4558984375,-8.67871978851963
0.4559375,-6.67871978851963
0.4559765625,-8.67871978851963
0.456015625,-11.6787197885196
0.4560546875,-13.6787197885196
0.45609375,-13.6787197885196
0.4561328125,-8.67871978851963
0.456171875,-5.67871978851963
0.4562109375,-3.67871978851963
0.45625,-2.67871978851963
0.4562890625,0.321280211480371
0.456328125,1.32128021148037
0.4563671875,-0.678719788519629
0.45640625,-1.67871978851963
0.4564453125,0.321280211480371
0.456484375,5.32128021148037
0.4565234375,8.32128021148037
0.4565625,11.3212802114804
0.4566015625,14.3212802114804
0.456640625,18.3212802114804
0.4566796875,24.3212802114804
0.45671875,27.3212802114804
0.4567578125,27.3212802114804
0.456796875,24.3212802114804
0.4568359375,21.3212802114804
0.456875,16.3212802114804
0.4569140625,11.3212802114804
0.456953125,3.32128021148037
0.4569921875,-4.67871978851963
0.45703125,-10.6787197885196
0.4570703125,-15.6787197885196
0.457109375,-17.6787197885196
0.4571484375,-19.6787197885196
0.4571875,-18.6787197885196
0.4572265625,-16.6787197885196
0.457265625,-14.6787197885196
0.4573046875,-5.67871978851963
0.45734375,-4.67871978851963
0.4573828125,-17.6787197885196
0.457421875,-31.6787197885196
0.4574609375,-34.6787197885196
0.4575,-34.6787197885196
0.4575390625,-37.6787197885196
0.457578125,-35.6787197885196
0.4576171875,-20.6787197885196
0.45765625,-3.67871978851963
0.4576953125,10.3212802114804
0.457734375,17.3212802114804
0.4577734375,20.3212802114804
0.4578125,16.3212802114804
0.4578515625,7.32128021148037
0.457890625,1.32128021148037
0.4579296875,5.32128021148037
0.45796875,16.3212802114804
0.4580078125,29.3212802114804
0.458046875,40.3212802114804
0.4580859375,45.3212802114804
0.458125,41.3212802114804
0.4581640625,28.3212802114804
0.458203125,16.3212802114804
0.4582421875,9.32128021148037
0.45828125,5.32128021148037
0.4583203125,5.32128021148037
0.458359375,9.32128021148037
0.4583984375,15.3212802114804
0.4584375,22.3212802114804
0.4584765625,28.3212802114804
0.458515625,30.3212802114804
0.4585546875,28.3212802114804
0.45859375,21.3212802114804
0.4586328125,11.3212802114804
0.458671875,2.32128021148037
0.4587109375,-5.67871978851963
0.45875,-12.6787197885196
0.4587890625,-22.6787197885196
0.458828125,-34.6787197885196
0.4588671875,-43.6787197885196
0.45890625,-48.6787197885196
0.4589453125,-53.6787197885196
0.458984375,-58.6787197885196
0.4590234375,-60.6787197885196
0.4590625,-57.6787197885196
0.4591015625,-50.6787197885196
0.459140625,-42.6787197885196
0.4591796875,-36.6787197885196
0.45921875,-27.6787197885196
0.4592578125,-16.6787197885196
0.459296875,-5.67871978851963
0.4593359375,4.32128021148037
0.459375,14.3212802114804
0.4594140625,23.3212802114804
0.459453125,29.3212802114804
0.4594921875,32.3212802114804
0.45953125,33.3212802114804
0.4595703125,31.3212802114804
0.459609375,26.3212802114804
0.4596484375,22.3212802114804
0.4596875,18.3212802114804
0.4597265625,16.3212802114804
0.459765625,14.3212802114804
0.4598046875,11.3212802114804
0.45984375,9.32128021148037
0.4598828125,5.32128021148037
0.459921875,1.32128021148037
0.4599609375,-0.678719788519629
0.46,-2.67871978851963
0.4600390625,-2.67871978851963
0.460078125,-0.678719788519629
0.4601171875,-0.678719788519629
0.46015625,0.321280211480371
0.4601953125,2.32128021148037
0.460234375,3.32128021148037
0.4602734375,5.32128021148037
0.4603125,6.32128021148037
0.4603515625,4.32128021148037
0.460390625,3.32128021148037
0.4604296875,3.32128021148037
0.46046875,-0.678719788519629
0.4605078125,-2.67871978851963
0.460546875,-2.67871978851963
0.4605859375,-5.67871978851963
0.460625,-9.67871978851963
0.4606640625,-11.6787197885196
0.460703125,-13.6787197885196
0.4607421875,-11.6787197885196
0.46078125,-5.67871978851963
0.4608203125,0.321280211480371
0.460859375,2.32128021148037
0.4608984375,3.32128021148037
0.4609375,3.32128021148037
0.4609765625,4.32128021148037
0.461015625,7.32128021148037
0.4610546875,9.32128021148037
0.46109375,12.3212802114804
0.4611328125,12.3212802114804
0.461171875,13.3212802114804
0.4612109375,12.3212802114804
0.46125,11.3212802114804
0.4612890625,9.32128021148037
0.461328125,8.32128021148037
0.4613671875,11.3212802114804
0.46140625,16.3212802114804
0.4614453125,19.3212802114804
0.461484375,19.3212802114804
0.4615234375,16.3212802114804
0.4615625,15.3212802114804
0.4616015625,13.3212802114804
0.461640625,10.3212802114804
0.4616796875,7.32128021148037
0.46171875,1.32128021148037
0.4617578125,-3.67871978851963
0.461796875,-8.67871978851963
0.4618359375,-10.6787197885196
0.461875,-13.6787197885196
0.4619140625,-14.6787197885196
0.461953125,-15.6787197885196
0.4619921875,-16.6787197885196
0.46203125,-16.6787197885196
0.4620703125,-14.6787197885196
0.462109375,-12.6787197885196
0.4621484375,-12.6787197885196
0.4621875,-11.6787197885196
0.4622265625,-11.6787197885196
0.462265625,-12.6787197885196
0.4623046875,-11.6787197885196
0.46234375,-10.6787197885196
0.4623828125,-9.67871978851963
0.462421875,-7.67871978851963
0.4624609375,-8.67871978851963
0.4625,-8.67871978851963
0.4625390625,-10.6787197885196
0.462578125,-15.6787197885196
0.4626171875,-16.6787197885196
0.46265625,-16.6787197885196
0.4626953125,-14.6787197885196
0.462734375,-14.6787197885196
0.4627734375,-12.6787197885196
0.4628125,-10.6787197885196
0.4628515625,-9.67871978851963
0.462890625,-10.6787197885196
0.4629296875,-9.67871978851963
0.46296875,-8.67871978851963
0.4630078125,-6.67871978851963
0.463046875,-5.67871978851963
0.4630859375,-5.67871978851963
0.463125,-4.67871978851963
0.4631640625,-0.678719788519629
0.463203125,4.32128021148037
0.4632421875,11.3212802114804
0.46328125,20.3212802114804
0.4633203125,27.3212802114804
0.463359375,33.3212802114804
0.4633984375,37.3212802114804
0.4634375,40.3212802114804
0.4634765625,42.3212802114804
0.463515625,40.3212802114804
0.4635546875,34.3212802114804
0.46359375,28.3212802114804
0.4636328125,23.3212802114804
0.463671875,20.3212802114804
0.4637109375,16.3212802114804
0.46375,8.32128021148037
0.4637890625,3.32128021148037
0.463828125,-0.678719788519629
0.4638671875,-2.67871978851963
0.46390625,-7.67871978851963
0.4639453125,-9.67871978851963
0.463984375,-9.67871978851963
0.4640234375,-11.6787197885196
0.4640625,-13.6787197885196
0.4641015625,-16.6787197885196
0.464140625,-20.6787197885196
0.4641796875,-25.6787197885196
0.46421875,-29.6787197885196
0.4642578125,-30.6787197885196
0.464296875,-25.6787197885196
0.4643359375,-17.6787197885196
0.464375,-12.6787197885196
0.4644140625,-6.67871978851963
0.464453125,-2.67871978851963
0.4644921875,-1.67871978851963
0.46453125,-1.67871978851963
0.4645703125,0.321280211480371
0.464609375,4.32128021148037
0.4646484375,7.32128021148037
0.4646875,4.32128021148037
0.4647265625,1.32128021148037
0.464765625,-2.67871978851963
0.4648046875,-4.67871978851963
0.46484375,-7.67871978851963
0.4648828125,-6.67871978851963
0.464921875,-1.67871978851963
0.4649609375,2.32128021148037
0.465,6.32128021148037
0.4650390625,8.32128021148037
0.465078125,11.3212802114804
0.4651171875,17.3212802114804
0.46515625,21.3212802114804
0.4651953125,22.3212802114804
0.465234375,19.3212802114804
0.4652734375,14.3212802114804
0.4653125,11.3212802114804
0.4653515625,7.32128021148037
0.465390625,2.32128021148037
0.4654296875,1.32128021148037
0.46546875,0.321280211480371
0.4655078125,-0.678719788519629
0.465546875,-0.678719788519629
0.4655859375,-1.67871978851963
0.465625,-1.67871978851963
0.4656640625,0.321280211480371
0.465703125,2.32128021148037
0.4657421875,2.32128021148037
0.46578125,-3.67871978851963
0.4658203125,-5.67871978851963
0.465859375,-4.67871978851963
0.4658984375,-4.67871978851963
0.4659375,-6.67871978851963
0.4659765625,-7.67871978851963
0.466015625,-9.67871978851963
0.4660546875,-10.6787197885196
0.46609375,-13.6787197885196
0.4661328125,-15.6787197885196
0.466171875,-18.6787197885196
0.4662109375,-20.6787197885196
0.46625,-18.6787197885196
0.4662890625,-16.6787197885196
0.466328125,-13.6787197885196
0.4663671875,-8.67871978851963
0.46640625,-3.67871978851963
0.4664453125,3.32128021148037
0.466484375,7.32128021148037
0.4665234375,8.32128021148037
0.4665625,6.32128021148037
0.4666015625,4.32128021148037
0.466640625,4.32128021148037
0.4666796875,5.32128021148037
0.46671875,5.32128021148037
0.4667578125,2.32128021148037
0.466796875,-0.678719788519629
0.4668359375,-3.67871978851963
0.466875,-2.67871978851963
0.4669140625,-0.678719788519629
0.466953125,1.32128021148037
0.4669921875,4.32128021148037
0.46703125,10.3212802114804
0.4670703125,13.3212802114804
0.467109375,15.3212802114804
0.4671484375,20.3212802114804
0.4671875,24.3212802114804
0.4672265625,24.3212802114804
0.467265625,22.3212802114804
0.4673046875,18.3212802114804
0.46734375,16.3212802114804
0.4673828125,12.3212802114804
0.467421875,6.32128021148037
0.4674609375,-0.678719788519629
0.4675,-6.67871978851963
0.4675390625,-10.6787197885196
0.467578125,-6.67871978851963
0.4676171875,-3.67871978851963
0.46765625,2.32128021148037
0.4676953125,8.32128021148037
0.467734375,7.32128021148037
0.4677734375,3.32128021148037
0.4678125,-1.67871978851963
0.4678515625,-6.67871978851963
0.467890625,-7.67871978851963
0.4679296875,-7.67871978851963
0.46796875,-10.6787197885196
0.4680078125,-14.6787197885196
0.468046875,-22.6787197885196
0.4680859375,-27.6787197885196
0.468125,-27.6787197885196
0.4681640625,-21.6787197885196
0.468203125,-15.6787197885196
0.4682421875,-10.6787197885196
0.46828125,-7.67871978851963
0.4683203125,-6.67871978851963
0.468359375,-6.67871978851963
0.4683984375,-7.67871978851963
0.4684375,-3.67871978851963
0.4684765625,1.32128021148037
0.468515625,7.32128021148037
0.4685546875,11.3212802114804
0.46859375,13.3212802114804
0.4686328125,15.3212802114804
0.468671875,19.3212802114804
0.4687109375,22.3212802114804
0.46875,27.3212802114804
0.4687890625,25.3212802114804
0.468828125,21.3212802114804
0.4688671875,15.3212802114804
0.46890625,9.32128021148037
0.4689453125,-1.67871978851963
0.468984375,-14.6787197885196
0.4690234375,-24.6787197885196
0.4690625,-35.6787197885196
0.4691015625,-42.6787197885196
0.469140625,-43.6787197885196
0.4691796875,-39.6787197885196
0.46921875,-28.6787197885196
0.4692578125,-17.6787197885196
0.469296875,-3.67871978851963
0.4693359375,10.3212802114804
0.469375,21.3212802114804
0.4694140625,29.3212802114804
0.469453125,32.3212802114804
0.4694921875,34.3212802114804
0.46953125,34.3212802114804
0.4695703125,30.3212802114804
0.469609375,23.3212802114804
0.4696484375,17.3212802114804
0.4696875,10.3212802114804
0.4697265625,3.32128021148037
0.469765625,-1.67871978851963
0.4698046875,-2.67871978851963
0.46984375,-2.67871978851963
0.4698828125,-3.67871978851963
0.469921875,-3.67871978851963
0.4699609375,-3.67871978851963
0.47,-2.67871978851963
0.4700390625,-2.67871978851963
0.470078125,-3.67871978851963
0.4701171875,-2.67871978851963
0.47015625,-0.678719788519629
0.4701953125,4.32128021148037
0.470234375,10.3212802114804
0.4702734375,11.3212802114804
0.4703125,10.3212802114804
0.4703515625,9.32128021148037
0.470390625,6.32128021148037
0.4704296875,0.321280211480371
0.47046875,-7.67871978851963
0.4705078125,-15.6787197885196
0.470546875,-22.6787197885196
0.4705859375,-30.6787197885196
0.470625,-35.6787197885196
0.4706640625,-36.6787197885196
0.470703125,-32.6787197885196
0.4707421875,-25.6787197885196
0.47078125,-13.6787197885196
0.4708203125,-0.678719788519629
0.470859375,8.32128021148037
0.4708984375,17.3212802114804
0.4709375,22.3212802114804
0.4709765625,25.3212802114804
0.471015625,24.3212802114804
0.4710546875,18.3212802114804
0.47109375,10.3212802114804
0.4711328125,2.32128021148037
0.471171875,-2.67871978851963
0.4712109375,-6.67871978851963
0.47125,-8.67871978851963
0.4712890625,-9.67871978851963
0.471328125,-7.67871978851963
0.4713671875,-4.67871978851963
0.47140625,1.32128021148037
0.4714453125,6.32128021148037
0.471484375,11.3212802114804
0.4715234375,12.3212802114804
0.4715625,8.32128021148037
0.4716015625,3.32128021148037
0.471640625,-4.67871978851963
0.4716796875,-10.6787197885196
0.47171875,-15.6787197885196
0.4717578125,-16.6787197885196
0.471796875,-12.6787197885196
0.4718359375,-5.67871978851963
0.471875,2.32128021148037
0.4719140625,7.32128021148037
0.471953125,12.3212802114804
0.4719921875,15.3212802114804
0.47203125,14.3212802114804
0.4720703125,12.3212802114804
0.472109375,8.32128021148037
0.4721484375,3.32128021148037
0.4721875,-2.67871978851963
0.4722265625,-10.6787197885196
0.472265625,-17.6787197885196
0.4723046875,-25.6787197885196
0.47234375,-30.6787197885196
0.4723828125,-31.6787197885196
0.472421875,-24.6787197885196
0.4724609375,-14.6787197885196
0.4725,-3.67871978851963
0.4725390625,7.32128021148037
0.472578125,16.3212802114804
0.4726171875,20.3212802114804
0.47265625,22.3212802114804
0.4726953125,22.3212802114804
0.472734375,23.3212802114804
0.4727734375,26.3212802114804
0.4728125,30.3212802114804
0.4728515625,33.3212802114804
0.472890625,31.3212802114804
0.4729296875,28.3212802114804
0.47296875,23.3212802114804
0.4730078125,18.3212802114804
0.473046875,13.3212802114804
0.4730859375,9.32128021148037
0.473125,5.32128021148037
0.4731640625,-1.67871978851963
0.473203125,-10.6787197885196
0.4732421875,-19.6787197885196
0.47328125,-24.6787197885196
0.4733203125,-27.6787197885196
0.473359375,-29.6787197885196
0.4733984375,-31.6787197885196
0.4734375,-27.6787197885196
0.4734765625,-21.6787197885196
0.473515625,-14.6787197885196
0.4735546875,-10.6787197885196
0.47359375,-5.67871978851963
0.4736328125,-3.67871978851963
0.473671875,-2.67871978851963
0.4737109375,-1.67871978851963
0.47375,3.32128021148037
0.4737890625,8.32128021148037
0.473828125,14.3212802114804
0.4738671875,16.3212802114804
0.47390625,18.3212802114804
0.4739453125,17.3212802114804
0.473984375,12.3212802114804
0.4740234375,9.32128021148037
0.4740625,9.32128021148037
0.4741015625,13.3212802114804
0.474140625,16.3212802114804
0.4741796875,15.3212802114804
0.47421875,11.3212802114804
0.4742578125,4.32128021148037
0.474296875,-0.678719788519629
0.4743359375,-5.67871978851963
0.474375,-6.67871978851963
0.4744140625,-5.67871978851963
0.474453125,-3.67871978851963
0.4744921875,0.321280211480371
0.47453125,3.32128021148037
0.4745703125,2.32128021148037
0.474609375,-2.67871978851963
0.4746484375,-10.6787197885196
0.4746875,-14.6787197885196
0.4747265625,-16.6787197885196
0.474765625,-20.6787197885196
0.4748046875,-28.6787197885196
0.47484375,-34.6787197885196
0.4748828125,-34.6787197885196
0.474921875,-31.6787197885196
0.4749609375,-27.6787197885196
0.475,-23.6787197885196
0.4750390625,-18.6787197885196
0.475078125,-10.6787197885196
0.4751171875,-3.67871978851963
0.47515625,1.32128021148037
0.4751953125,7.32128021148037
0.475234375,12.3212802114804
0.4752734375,13.3212802114804
0.4753125,11.3212802114804
0.4753515625,9.32128021148037
0.475390625,4.32128021148037
0.4754296875,2.32128021148037
0.47546875,-0.678719788519629
0.4755078125,-2.67871978851963
0.475546875,-3.67871978851963
0.4755859375,-3.67871978851963
0.475625,1.32128021148037
0.4756640625,11.3212802114804
0.475703125,21.3212802114804
0.4757421875,27.3212802114804
0.47578125,30.3212802114804
0.4758203125,29.3212802114804
0.475859375,25.3212802114804
0.4758984375,17.3212802114804
0.4759375,10.3212802114804
0.4759765625,5.32128021148037
0.476015625,1.32128021148037
0.4760546875,2.32128021148037
0.47609375,5.32128021148037
0.4761328125,5.32128021148037
0.476171875,6.32128021148037
0.4762109375,8.32128021148037
0.47625,7.32128021148037
0.4762890625,5.32128021148037
0.476328125,2.32128021148037
0.4763671875,0.321280211480371
0.47640625,-2.67871978851963
0.4764453125,-6.67871978851963
0.476484375,-10.6787197885196
0.4765234375,-15.6787197885196
0.4765625,-18.6787197885196
0.4766015625,-17.6787197885196
0.476640625,-13.6787197885196
0.4766796875,-7.67871978851963
0.47671875,-1.67871978851963
0.4767578125,3.32128021148037
0.476796875,8.32128021148037
0.4768359375,12.3212802114804
0.476875,14.3212802114804
0.4769140625,14.3212802114804
0.476953125,13.3212802114804
0.4769921875,12.3212802114804
0.47703125,9.32128021148037
0.4770703125,5.32128021148037
0.477109375,2.32128021148037
0.4771484375,-0.678719788519629
0.4771875,-3.67871978851963
0.4772265625,-6.67871978851963
0.477265625,-8.67871978851963
0.4773046875,-9.67871978851963
0.47734375,-8.67871978851963
0.4773828125,-6.67871978851963
0.477421875,-3.67871978851963
0.4774609375,-4.67871978851963
0.4775,-8.67871978851963
0.4775390625,-16.6787197885196
0.477578125,-24.6787197885196
0.4776171875,-26.6787197885196
0.47765625,-25.6787197885196
0.4776953125,-20.6787197885196
0.477734375,-15.6787197885196
0.4777734375,-11.6787197885196
0.4778125,-8.67871978851963
0.4778515625,-4.67871978851963
0.477890625,2.32128021148037
0.4779296875,9.32128021148037
0.47796875,14.3212802114804
0.4780078125,19.3212802114804
0.478046875,24.3212802114804
0.4780859375,27.3212802114804
0.478125,28.3212802114804
0.4781640625,27.3212802114804
0.478203125,24.3212802114804
0.4782421875,20.3212802114804
0.47828125,15.3212802114804
0.4783203125,12.3212802114804
0.478359375,6.32128021148037
0.4783984375,-0.678719788519629
0.4784375,-7.67871978851963
0.4784765625,-16.6787197885196
0.478515625,-24.6787197885196
0.4785546875,-33.6787197885196
0.47859375,-34.6787197885196
0.4786328125,-31.6787197885196
0.478671875,-26.6787197885196
0.4787109375,-19.6787197885196
0.47875,-17.6787197885196
0.4787890625,-15.6787197885196
0.478828125,-14.6787197885196
0.4788671875,-12.6787197885196
0.47890625,-9.67871978851963
0.4789453125,-7.67871978851963
0.478984375,-6.67871978851963
0.4790234375,-7.67871978851963
0.4790625,-5.67871978851963
0.4791015625,0.321280211480371
0.479140625,5.32128021148037
0.4791796875,11.3212802114804
0.47921875,17.3212802114804
0.4792578125,24.3212802114804
0.479296875,31.3212802114804
0.4793359375,37.3212802114804
0.479375,39.3212802114804
0.4794140625,37.3212802114804
0.479453125,31.3212802114804
0.4794921875,25.3212802114804
0.47953125,17.3212802114804
0.4795703125,10.3212802114804
0.479609375,4.32128021148037
0.4796484375,0.321280211480371
0.4796875,-1.67871978851963
0.4797265625,-0.678719788519629
0.479765625,1.32128021148037
0.4798046875,3.32128021148037
0.47984375,7.32128021148037
0.4798828125,10.3212802114804
0.479921875,14.3212802114804
0.4799609375,16.3212802114804
0.48,15.3212802114804
0.4800390625,15.3212802114804
0.480078125,12.3212802114804
0.4801171875,9.32128021148037
0.48015625,2.32128021148037
0.4801953125,-3.67871978851963
0.480234375,-9.67871978851963
0.4802734375,-13.6787197885196
0.4803125,-16.6787197885196
0.4803515625,-20.6787197885196
0.480390625,-24.6787197885196
0.4804296875,-31.6787197885196
0.48046875,-29.6787197885196
0.4805078125,-23.6787197885196
0.480546875,-26.6787197885196
0.4805859375,-36.6787197885196
0.480625,-38.6787197885196
0.4806640625,-30.6787197885196
0.480703125,-26.6787197885196
0.4807421875,-15.6787197885196
0.48078125,5.32128021148037
0.4808203125,23.3212802114804
0.480859375,26.3212802114804
0.4808984375,20.3212802114804
0.4809375,13.3212802114804
0.4809765625,3.32128021148037
0.481015625,-9.67871978851963
0.4810546875,-19.6787197885196
0.48109375,-24.6787197885196
0.4811328125,-19.6787197885196
0.481171875,-5.67871978851963
0.4812109375,9.32128021148037
0.48125,20.3212802114804
0.4812890625,23.3212802114804
0.481328125,18.3212802114804
0.4813671875,7.32128021148037
0.48140625,1.32128021148037
0.4814453125,-1.67871978851963
0.481484375,3.32128021148037
0.4815234375,13.3212802114804
0.4815625,21.3212802114804
0.4816015625,25.3212802114804
0.481640625,25.3212802114804
0.4816796875,20.3212802114804
0.48171875,15.3212802114804
0.4817578125,11.3212802114804
0.481796875,8.32128021148037
0.4818359375,3.32128021148037
0.481875,0.321280211480371
0.4819140625,-0.678719788519629
0.481953125,-5.67871978851963
0.4819921875,-16.6787197885196
0.48203125,-27.6787197885196
0.4820703125,-34.6787197885196
0.482109375,-40.6787197885196
0.4821484375,-46.6787197885196
0.4821875,-47.6787197885196
0.4822265625,-45.6787197885196
0.482265625,-40.6787197885196
0.4823046875,-34.6787197885196
0.48234375,-25.6787197885196
0.4823828125,-16.6787197885196
0.482421875,-6.67871978851963
0.4824609375,1.32128021148037
0.4825,12.3212802114804
0.4825390625,26.3212802114804
0.482578125,41.3212802114804
0.4826171875,52.3212802114804
0.48265625,58.3212802114804
0.4826953125,55.3212802114804
0.482734375,48.3212802114804
0.4827734375,44.3212802114804
0.4828125,41.3212802114804
0.4828515625,38.3212802114804
0.482890625,32.3212802114804
0.4829296875,25.3212802114804
0.48296875,18.3212802114804
0.4830078125,11.3212802114804
0.483046875,3.32128021148037
0.4830859375,-0.678719788519629
0.483125,-2.67871978851963
0.4831640625,-2.67871978851963
0.483203125,-6.67871978851963
0.4832421875,-7.67871978851963
0.48328125,-7.67871978851963
0.4833203125,-7.67871978851963
0.483359375,-8.67871978851963
0.4833984375,-10.6787197885196
0.4834375,-10.6787197885196
0.4834765625,-9.67871978851963
0.483515625,-6.67871978851963
0.4835546875,-0.678719788519629
0.48359375,2.32128021148037
0.4836328125,1.32128021148037
0.483671875,-0.678719788519629
0.4837109375,-7.67871978851963
0.48375,-17.6787197885196
0.4837890625,-28.6787197885196
0.483828125,-35.6787197885196
0.4838671875,-37.6787197885196
0.48390625,-38.6787197885196
0.4839453125,-40.6787197885196
0.483984375,-40.6787197885196
0.4840234375,-38.6787197885196
0.4840625,-35.6787197885196
0.4841015625,-29.6787197885196
0.484140625,-21.6787197885196
0.4841796875,-14.6787197885196
0.48421875,-9.67871978851963
0.4842578125,-6.67871978851963
0.484296875,-2.67871978851963
0.4843359375,0.321280211480371
0.484375,2.32128021148037
0.4844140625,1.32128021148037
0.484453125,4.32128021148037
0.4844921875,9.32128021148037
0.48453125,13.3212802114804
0.4845703125,14.3212802114804
0.484609375,21.3212802114804
0.4846484375,26.3212802114804
0.4846875,30.3212802114804
0.4847265625,32.3212802114804
0.484765625,37.3212802114804
0.4848046875,43.3212802114804
0.48484375,49.3212802114804
0.4848828125,55.3212802114804
0.484921875,57.3212802114804
0.4849609375,57.3212802114804
0.485,55.3212802114804
0.4850390625,53.3212802114804
0.485078125,51.3212802114804
0.4851171875,45.3212802114804
0.48515625,33.3212802114804
0.4851953125,18.3212802114804
0.485234375,5.32128021148037
0.4852734375,-10.6787197885196
0.4853125,-27.6787197885196
0.4853515625,-39.6787197885196
0.485390625,-41.6787197885196
0.4854296875,-44.6787197885196
0.48546875,-44.6787197885196
0.4855078125,-40.6787197885196
0.485546875,-40.6787197885196
0.4855859375,-43.6787197885196
0.485625,-43.6787197885196
0.4856640625,-46.6787197885196
0.485703125,-50.6787197885196
0.4857421875,-55.6787197885196
0.48578125,-59.6787197885196
0.4858203125,-58.6787197885196
0.485859375,-54.6787197885196
0.4858984375,-47.6787197885196
0.4859375,-38.6787197885196
0.4859765625,-32.6787197885196
0.486015625,-22.6787197885196
0.4860546875,-10.6787197885196
0.48609375,3.32128021148037
0.4861328125,19.3212802114804
0.486171875,32.3212802114804
0.4862109375,41.3212802114804
0.48625,46.3212802114804
0.4862890625,48.3212802114804
0.486328125,49.3212802114804
0.4863671875,49.3212802114804
0.48640625,47.3212802114804
0.4864453125,46.3212802114804
0.486484375,43.3212802114804
0.4865234375,42.3212802114804
0.4865625,38.3212802114804
0.4866015625,35.3212802114804
0.486640625,34.3212802114804
0.4866796875,31.3212802114804
0.48671875,28.3212802114804
0.4867578125,24.3212802114804
0.486796875,18.3212802114804
0.4868359375,12.3212802114804
0.486875,4.32128021148037
0.4869140625,-6.67871978851963
0.486953125,-15.6787197885196
0.4869921875,-24.6787197885196
0.48703125,-29.6787197885196
0.4870703125,-32.6787197885196
0.487109375,-30.6787197885196
0.4871484375,-29.6787197885196
0.4871875,-25.6787197885196
0.4872265625,-18.6787197885196
0.487265625,-11.6787197885196
0.4873046875,-5.67871978851963
0.48734375,-0.678719788519629
0.4873828125,5.32128021148037
0.487421875,8.32128021148037
0.4874609375,6.32128021148037
0.4875,0.321280211480371
0.4875390625,-7.67871978851963
0.487578125,-17.6787197885196
0.4876171875,-28.6787197885196
0.48765625,-38.6787197885196
0.4876953125,-47.6787197885196
0.487734375,-50.6787197885196
0.4877734375,-53.6787197885196
0.4878125,-52.6787197885196
0.4878515625,-49.6787197885196
0.487890625,-43.6787197885196
0.4879296875,-38.6787197885196
0.48796875,-32.6787197885196
0.4880078125,-22.6787197885196
0.488046875,-8.67871978851963
0.4880859375,5.32128021148037
0.488125,17.3212802114804
0.4881640625,23.3212802114804
0.488203125,27.3212802114804
0.4882421875,29.3212802114804
0.48828125,30.3212802114804
0.4883203125,32.3212802114804
0.488359375,34.3212802114804
0.4883984375,38.3212802114804
0.4884375,42.3212802114804
0.4884765625,44.3212802114804
0.488515625,44.3212802114804
0.4885546875,45.3212802114804
0.48859375,46.3212802114804
0.4886328125,49.3212802114804
0.488671875,51.3212802114804
0.4887109375,52.3212802114804
0.48875,51.3212802114804
0.4887890625,49.3212802114804
0.488828125,45.3212802114804
0.4888671875,40.3212802114804
0.48890625,32.3212802114804
0.4889453125,18.3212802114804
0.488984375,0.321280211480371
0.4890234375,-10.6787197885196
0.4890625,-18.6787197885196
0.4891015625,-23.6787197885196
0.489140625,-25.6787197885196
0.4891796875,-27.6787197885196
0.48921875,-29.6787197885196
0.4892578125,-38.6787197885196
0.489296875,-45.6787197885196
0.4893359375,-46.6787197885196
0.489375,-47.6787197885196
0.4894140625,-48.6787197885196
0.489453125,-48.6787197885196
0.4894921875,-48.6787197885196
0.48953125,-50.6787197885196
0.4895703125,-45.6787197885196
0.489609375,-33.6787197885196
0.4896484375,-19.6787197885196
0.4896875,-9.67871978851963
0.4897265625,-3.67871978851963
0.489765625,1.32128021148037
0.4898046875,4.32128021148037
0.48984375,8.32128021148037
0.4898828125,13.3212802114804
0.489921875,18.3212802114804
0.4899609375,16.3212802114804
0.49,14.3212802114804
0.4900390625,13.3212802114804
0.490078125,15.3212802114804
0.4901171875,17.3212802114804
0.49015625,19.3212802114804
0.4901953125,15.3212802114804
0.490234375,9.32128021148037
0.4902734375,6.32128021148037
0.4903125,7.32128021148037
0.4903515625,10.3212802114804
0.490390625,11.3212802114804
0.4904296875,8.32128021148037
0.49046875,4.32128021148037
0.4905078125,1.32128021148037
0.490546875,-0.678719788519629
0.4905859375,-1.67871978851963
0.490625,0.321280211480371
0.4906640625,3.32128021148037
0.490703125,6.32128021148037
0.4907421875,6.32128021148037
0.49078125,4.32128021148037
0.4908203125,3.32128021148037
0.490859375,5.32128021148037
0.4908984375,10.3212802114804
0.4909375,11.3212802114804
0.4909765625,8.32128021148037
0.491015625,5.32128021148037
0.4910546875,0.321280211480371
0.49109375,-6.67871978851963
0.4911328125,-13.6787197885196
0.491171875,-22.6787197885196
0.4912109375,-29.6787197885196
0.49125,-37.6787197885196
0.4912890625,-42.6787197885196
0.491328125,-43.6787197885196
0.4913671875,-40.6787197885196
0.49140625,-28.6787197885196
0.4914453125,-12.6787197885196
0.491484375,1.32128021148037
0.4915234375,13.3212802114804
0.4915625,19.3212802114804
0.4916015625,23.3212802114804
0.491640625,27.3212802114804
0.4916796875,30.3212802114804
0.49171875,30.3212802114804
0.4917578125,25.3212802114804
0.491796875,15.3212802114804
0.4918359375,8.32128021148037
0.491875,3.32128021148037
0.4919140625,-1.67871978851963
0.491953125,-1.67871978851963
0.4919921875,-1.67871978851963
0.49203125,-3.67871978851963
0.4920703125,-7.67871978851963
0.492109375,-11.6787197885196
0.4921484375,-10.6787197885196
0.4921875,-8.67871978851963
0.4922265625,-3.67871978851963
0.492265625,-0.678719788519629
0.4923046875,3.32128021148037
0.49234375,4.32128021148037
0.4923828125,3.32128021148037
0.492421875,4.32128021148037
0.4924609375,7.32128021148037
0.4925,10.3212802114804
0.4925390625,7.32128021148037
0.492578125,3.32128021148037
0.4926171875,2.32128021148037
0.49265625,3.32128021148037
0.4926953125,9.32128021148037
0.492734375,16.3212802114804
0.4927734375,22.3212802114804
0.4928125,26.3212802114804
0.4928515625,26.3212802114804
0.492890625,25.3212802114804
0.4929296875,26.3212802114804
0.49296875,27.3212802114804
0.4930078125,27.3212802114804
0.493046875,21.3212802114804
0.4930859375,10.3212802114804
0.493125,-0.678719788519629
0.4931640625,-10.6787197885196
0.493203125,-19.6787197885196
0.4932421875,-23.6787197885196
0.49328125,-23.6787197885196
0.4933203125,-24.6787197885196
0.493359375,-29.6787197885196
0.4933984375,-36.6787197885196
0.4934375,-40.6787197885196
0.4934765625,-42.6787197885196
0.493515625,-43.6787197885196
0.4935546875,-43.6787197885196
0.49359375,-43.6787197885196
0.4936328125,-40.6787197885196
0.493671875,-34.6787197885196
0.4937109375,-24.6787197885196
0.49375,-12.6787197885196
0.4937890625,-0.678719788519629
0.493828125,10.3212802114804
0.4938671875,19.3212802114804
0.49390625,29.3212802114804
0.4939453125,38.3212802114804
0.493984375,42.3212802114804
0.4940234375,45.3212802114804
0.4940625,47.3212802114804
0.4941015625,44.3212802114804
0.494140625,37.3212802114804
0.4941796875,29.3212802114804
0.49421875,23.3212802114804
0.4942578125,20.3212802114804
0.494296875,15.3212802114804
0.4943359375,8.32128021148037
0.494375,0.321280211480371
0.4944140625,-5.67871978851963
0.494453125,-10.6787197885196
0.4944921875,-14.6787197885196
0.49453125,-15.6787197885196
0.4945703125,-16.6787197885196
0.494609375,-14.6787197885196
0.4946484375,-13.6787197885196
0.4946875,-13.6787197885196
0.4947265625,-17.6787197885196
0.494765625,-19.6787197885196
0.4948046875,-22.6787197885196
0.49484375,-26.6787197885196
0.4948828125,-28.6787197885196
0.494921875,-25.6787197885196
0.4949609375,-20.6787197885196
0.495,-14.6787197885196
0.4950390625,-8.67871978851963
0.495078125,-2.67871978851963
0.4951171875,1.32128021148037
0.49515625,4.32128021148037
0.4951953125,9.32128021148037
0.495234375,14.3212802114804
0.4952734375,16.3212802114804
0.4953125,15.3212802114804
0.4953515625,10.3212802114804
0.495390625,5.32128021148037
0.4954296875,3.32128021148037
0.49546875,5.32128021148037
0.4955078125,10.3212802114804
0.495546875,14.3212802114804
0.4955859375,17.3212802114804
0.495625,18.3212802114804
0.4956640625,18.3212802114804
0.495703125,19.3212802114804
0.4957421875,20.3212802114804
0.49578125,17.3212802114804
0.4958203125,12.3212802114804
0.495859375,6.32128021148037
0.4958984375,2.32128021148037
0.4959375,-1.67871978851963
0.4959765625,-4.67871978851963
0.496015625,-5.67871978851963
0.4960546875,-7.67871978851963
0.49609375,-9.67871978851963
0.4961328125,-12.6787197885196
0.496171875,-14.6787197885196
0.4962109375,-17.6787197885196
0.49625,-15.6787197885196
0.4962890625,-13.6787197885196
0.496328125,-11.6787197885196
0.4963671875,-9.67871978851963
0.49640625,-10.6787197885196
0.4964453125,-9.67871978851963
0.496484375,-4.67871978851963
0.4965234375,0.321280211480371
0.4965625,4.32128021148037
0.4966015625,5.32128021148037
0.496640625,7.32128021148037
0.4966796875,8.32128021148037
0.49671875,7.32128021148037
0.4967578125,5.32128021148037
0.496796875,-0.678719788519629
0.4968359375,-5.67871978851963
0.496875,-8.67871978851963
0.4969140625,-8.67871978851963
0.496953125,-8.67871978851963
0.4969921875,-9.67871978851963
0.49703125,-7.67871978851963
0.4970703125,-7.67871978851963
0.497109375,-7.67871978851963
0.4971484375,-4.67871978851963
0.4971875,3.32128021148037
0.4972265625,12.3212802114804
0.497265625,21.3212802114804
0.4973046875,24.3212802114804
0.49734375,20.3212802114804
0.4973828125,16.3212802114804
0.497421875,11.3212802114804
0.4974609375,7.32128021148037
0.4975,6.32128021148037
0.4975390625,4.32128021148037
0.497578125,2.32128021148037
0.4976171875,-0.678719788519629
0.49765625,-1.67871978851963
0.4976953125,-2.67871978851963
0.497734375,1.32128021148037
0.4977734375,6.32128021148037
0.4978125,10.3212802114804
0.4978515625,12.3212802114804
0.497890625,14.3212802114804
0.4979296875,13.3212802114804
0.49796875,12.3212802114804
0.4980078125,12.3212802114804
0.498046875,9.32128021148037
0.4980859375,4.32128021148037
0.498125,1.32128021148037
0.4981640625,3.32128021148037
0.498203125,3.32128021148037
0.4982421875,0.321280211480371
0.49828125,-4.67871978851963
0.4983203125,-10.6787197885196
0.498359375,-17.6787197885196
0.4983984375,-27.6787197885196
0.4984375,-34.6787197885196
0.4984765625,-36.6787197885196
0.498515625,-37.6787197885196
0.4985546875,-39.6787197885196
0.49859375,-42.6787197885196
0.4986328125,-40.6787197885196
0.498671875,-36.6787197885196
0.4987109375,-29.6787197885196
0.49875,-20.6787197885196
0.4987890625,-11.6787197885196
0.498828125,-4.67871978851963
0.4988671875,2.32128021148037
0.49890625,10.3212802114804
0.4989453125,17.3212802114804
0.498984375,19.3212802114804
0.4990234375,22.3212802114804
0.4990625,22.3212802114804
0.4991015625,20.3212802114804
0.499140625,17.3212802114804
0.4991796875,17.3212802114804
0.49921875,17.3212802114804
0.4992578125,18.3212802114804
0.499296875,18.3212802114804
0.4993359375,18.3212802114804
0.499375,15.3212802114804
0.4994140625,14.3212802114804
0.499453125,16.3212802114804
0.4994921875,18.3212802114804
0.49953125,19.3212802114804
0.4995703125,18.3212802114804
0.499609375,17.3212802114804
0.4996484375,15.3212802114804
0.4996875,13.3212802114804
0.4997265625,13.3212802114804
0.499765625,13.3212802114804
0.4998046875,13.3212802114804
0.49984375,14.3212802114804
0.4998828125,11.3212802114804
0.499921875,4.32128021148037
0.4999609375,-1.67871978851963
0.5,-5.67871978851963
0.5000390625,-7.67871978851963
0.500078125,-9.67871978851963
0.5001171875,-10.6787197885196
0.50015625,-7.67871978851963
0.5001953125,-6.67871978851963
0.500234375,-5.67871978851963
0.5002734375,-6.67871978851963
0.5003125,-10.6787197885196
0.5003515625,-14.6787197885196
0.500390625,-16.6787197885196
0.5004296875,-19.6787197885196
0.50046875,-23.6787197885196
0.5005078125,-26.6787197885196
0.500546875,-28.6787197885196
0.5005859375,-29.6787197885196
0.500625,-28.6787197885196
0.5006640625,-26.6787197885196
0.500703125,-21.6787197885196
0.5007421875,-12.6787197885196
0.50078125,-3.67871978851963
0.5008203125,1.32128021148037
0.500859375,5.32128021148037
0.5008984375,8.32128021148037
0.5009375,8.32128021148037
0.5009765625,8.32128021148037
0.501015625,5.32128021148037
0.5010546875,0.321280211480371
0.50109375,-1.67871978851963
0.5011328125,-2.67871978851963
0.501171875,-4.67871978851963
0.5012109375,-5.67871978851963
0.50125,-4.67871978851963
0.5012890625,-1.67871978851963
0.501328125,3.32128021148037
0.5013671875,9.32128021148037
0.50140625,15.3212802114804
0.5014453125,21.3212802114804
0.501484375,25.3212802114804
0.5015234375,26.3212802114804
0.5015625,25.3212802114804
0.5016015625,24.3212802114804
0.501640625,17.3212802114804
0.5016796875,10.3212802114804
0.50171875,5.32128021148037
0.5017578125,-1.67871978851963
0.501796875,-10.6787197885196
0.5018359375,-18.6787197885196
0.501875,-19.6787197885196
0.5019140625,-15.6787197885196
0.501953125,-6.67871978851963
0.5019921875,0.321280211480371
0.50203125,7.32128021148037
0.5020703125,14.3212802114804
0.502109375,19.3212802114804
0.5021484375,24.3212802114804
0.5021875,26.3212802114804
0.5022265625,25.3212802114804
0.502265625,23.3212802114804
0.5023046875,18.3212802114804
0.50234375,11.3212802114804
0.5023828125,4.32128021148037
0.502421875,-2.67871978851963
0.5024609375,-9.67871978851963
0.5025,-12.6787197885196
0.5025390625,-12.6787197885196
0.502578125,-12.6787197885196
0.5026171875,-13.6787197885196
0.50265625,-13.6787197885196
0.5026953125,-11.6787197885196
0.502734375,-6.67871978851963
0.5027734375,-2.67871978851963
0.5028125,1.32128021148037
0.5028515625,4.32128021148037
0.502890625,4.32128021148037
0.5029296875,3.32128021148037
0.50296875,-1.67871978851963
0.5030078125,-7.67871978851963
0.503046875,-8.67871978851963
0.5030859375,-8.67871978851963
0.503125,-8.67871978851963
0.5031640625,-9.67871978851963
0.503203125,-11.6787197885196
0.5032421875,-13.6787197885196
0.50328125,-18.6787197885196
0.5033203125,-19.6787197885196
0.503359375,-17.6787197885196
0.5033984375,-12.6787197885196
0.5034375,-8.67871978851963
0.5034765625,-7.67871978851963
0.503515625,-8.67871978851963
0.5035546875,-8.67871978851963
0.50359375,-12.6787197885196
0.5036328125,-16.6787197885196
0.503671875,-17.6787197885196
0.5037109375,-18.6787197885196
0.50375,-18.6787197885196
0.5037890625,-19.6787197885196
0.503828125,-17.6787197885196
0.5038671875,-13.6787197885196
0.50390625,-9.67871978851963
0.5039453125,-3.67871978851963
0.503984375,4.32128021148037
0.5040234375,15.3212802114804
0.5040625,22.3212802114804
0.5041015625,26.3212802114804
0.504140625,30.3212802114804
0.5041796875,30.3212802114804
0.50421875,32.3212802114804
0.5042578125,32.3212802114804
0.504296875,31.3212802114804
0.5043359375,29.3212802114804
0.504375,28.3212802114804
0.5044140625,26.3212802114804
0.504453125,23.3212802114804
0.5044921875,20.3212802114804
0.50453125,17.3212802114804
0.5045703125,15.3212802114804
0.504609375,15.3212802114804
0.5046484375,11.3212802114804
0.5046875,11.3212802114804
0.5047265625,24.3212802114804
0.504765625,27.3212802114804
0.5048046875,-4.67871978851963
0.50484375,-49.6787197885196
0.5048828125,-64.6787197885196
0.504921875,-55.6787197885196
0.5049609375,-45.6787197885196
0.505,-16.6787197885196
0.5050390625,32.3212802114804
0.505078125,55.3212802114804
0.5051171875,47.3212802114804
0.50515625,28.3212802114804
0.5051953125,2.32128021148037
0.505234375,-27.6787197885196
0.5052734375,-46.6787197885196
0.5053125,-42.6787197885196
0.5053515625,-15.6787197885196
0.505390625,20.3212802114804
0.5054296875,43.3212802114804
0.50546875,56.3212802114804
0.5055078125,60.3212802114804
0.505546875,44.3212802114804
0.5055859375,15.3212802114804
0.505625,-7.67871978851963
0.5056640625,-5.67871978851963
0.505703125,12.3212802114804
0.5057421875,29.3212802114804
0.50578125,38.3212802114804
0.5058203125,33.3212802114804
0.505859375,16.3212802114804
0.5058984375,-2.67871978851963
0.5059375,-23.6787197885196
0.5059765625,-39.6787197885196
0.506015625,-51.6787197885196
0.5060546875,-66.6787197885196
0.50609375,-80.6787197885196
0.5061328125,-88.6787197885196
0.506171875,-94.6787197885196
0.5062109375,-99.6787197885196
0.50625,-94.6787197885196
0.5062890625,-75.6787197885196
0.506328125,-53.6787197885196
0.5063671875,-40.6787197885196
0.50640625,-33.6787197885196
0.5064453125,-25.6787197885196
0.506484375,-11.6787197885196
0.5065234375,3.32128021148037
0.5065625,15.3212802114804
0.5066015625,27.3212802114804
0.506640625,40.3212802114804
0.5066796875,53.3212802114804
0.50671875,62.3212802114804
0.5067578125,70.3212802114804
0.506796875,74.3212802114804
0.5068359375,71.3212802114804
0.506875,59.3212802114804
0.5069140625,46.3212802114804
0.506953125,37.3212802114804
0.5069921875,29.3212802114804
0.50703125,18.3212802114804
0.5070703125,5.32128021148037
0.507109375,-6.67871978851963
0.5071484375,-18.6787197885196
0.5071875,-21.6787197885196
0.5072265625,-13.6787197885196
0.507265625,-3.67871978851963
0.5073046875,3.32128021148037
0.50734375,9.32128021148037
0.5073828125,11.3212802114804
0.507421875,14.3212802114804
0.5074609375,18.3212802114804
0.5075,23.3212802114804
0.5075390625,25.3212802114804
0.507578125,24.3212802114804
0.5076171875,22.3212802114804
0.50765625,14.3212802114804
0.5076953125,4.32128021148037
0.507734375,-5.67871978851963
0.5077734375,-13.6787197885196
0.5078125,-16.6787197885196
0.5078515625,-20.6787197885196
0.507890625,-23.6787197885196
0.5079296875,-26.6787197885196
0.50796875,-33.6787197885196
0.5080078125,-44.6787197885196
0.508046875,-56.6787197885196
0.5080859375,-63.6787197885196
0.508125,-64.6787197885196
0.5081640625,-54.6787197885196
0.508203125,-40.6787197885196
0.5082421875,-25.6787197885196
0.50828125,-12.6787197885196
0.5083203125,-3.67871978851963
0.508359375,2.32128021148037
0.5083984375,9.32128021148037
0.5084375,14.3212802114804
0.5084765625,19.3212802114804
0.508515625,19.3212802114804
0.5085546875,18.3212802114804
0.50859375,23.3212802114804
0.5086328125,31.3212802114804
0.508671875,39.3212802114804
0.5087109375,52.3212802114804
0.50875,66.3212802114804
0.5087890625,76.3212802114804
0.508828125,76.3212802114804
0.5088671875,76.3212802114804
0.50890625,73.3212802114804
0.5089453125,66.3212802114804
0.508984375,57.3212802114804
0.5090234375,46.3212802114804
0.5090625,32.3212802114804
0.5091015625,16.3212802114804
0.509140625,-3.67871978851963
0.5091796875,-20.6787197885196
0.50921875,-32.6787197885196
0.5092578125,-36.6787197885196
0.509296875,-40.6787197885196
0.5093359375,-44.6787197885196
0.509375,-46.6787197885196
0.5094140625,-50.6787197885196
0.509453125,-54.6787197885196
0.5094921875,-56.6787197885196
0.50953125,-55.6787197885196
0.5095703125,-53.6787197885196
0.509609375,-51.6787197885196
0.5096484375,-49.6787197885196
0.5096875,-45.6787197885196
0.5097265625,-41.6787197885196
0.509765625,-36.6787197885196
0.5098046875,-30.6787197885196
0.50984375,-23.6787197885196
0.5098828125,-15.6787197885196
0.509921875,-6.67871978851963
0.5099609375,2.32128021148037
0.51,10.3212802114804
0.5100390625,16.3212802114804
0.510078125,19.3212802114804
0.5101171875,21.3212802114804
0.51015625,24.3212802114804
0.5101953125,24.3212802114804
0.510234375,28.3212802114804
0.5102734375,32.3212802114804
0.5103125,32.3212802114804
0.5103515625,32.3212802114804
0.510390625,28.3212802114804
0.5104296875,23.3212802114804
0.51046875,16.3212802114804
0.5105078125,10.3212802114804
0.510546875,11.3212802114804
0.5105859375,13.3212802114804
0.510625,12.3212802114804
0.5106640625,8.32128021148037
0.510703125,4.32128021148037
0.5107421875,-1.67871978851963
0.51078125,-7.67871978851963
0.5108203125,-13.6787197885196
0.510859375,-19.6787197885196
0.5108984375,-27.6787197885196
0.5109375,-31.6787197885196
0.5109765625,-30.6787197885196
0.511015625,-26.6787197885196
0.5110546875,-25.6787197885196
0.51109375,-25.6787197885196
0.5111328125,-25.6787197885196
0.511171875,-22.6787197885196
0.5112109375,-13.6787197885196
0.51125,0.321280211480371
0.5112890625,16.3212802114804
0.511328125,31.3212802114804
0.5113671875,40.3212802114804
0.51140625,41.3212802114804
0.5114453125,38.3212802114804
0.511484375,38.3212802114804
0.5115234375,39.3212802114804
0.5115625,38.3212802114804
0.5116015625,35.3212802114804
0.511640625,27.3212802114804
0.5116796875,16.3212802114804
0.51171875,2.32128021148037
0.5117578125,-9.67871978851963
0.511796875,-18.6787197885196
0.5118359375,-24.6787197885196
0.511875,-27.6787197885196
0.5119140625,-25.6787197885196
0.511953125,-23.6787197885196
0.5119921875,-18.6787197885196
0.51203125,-12.6787197885196
0.5120703125,-5.67871978851963
0.512109375,2.32128021148037
0.5121484375,8.32128021148037
0.5121875,12.3212802114804
0.5122265625,16.3212802114804
0.512265625,16.3212802114804
0.5123046875,15.3212802114804
0.51234375,10.3212802114804
0.5123828125,1.32128021148037
0.512421875,-5.67871978851963
0.5124609375,-6.67871978851963
0.5125,-4.67871978851963
0.5125390625,-1.67871978851963
0.512578125,-0.678719788519629
0.5126171875,-2.67871978851963
0.51265625,-1.67871978851963
0.5126953125,-2.67871978851963
0.512734375,-1.67871978851963
0.5127734375,2.32128021148037
0.5128125,9.32128021148037
0.5128515625,13.3212802114804
0.512890625,14.3212802114804
0.5129296875,9.32128021148037
0.51296875,5.32128021148037
0.5130078125,-0.678719788519629
0.513046875,-8.67871978851963
0.5130859375,-15.6787197885196
0.513125,-19.6787197885196
0.5131640625,-24.6787197885196
0.513203125,-30.6787197885196
0.5132421875,-35.6787197885196
0.51328125,-35.6787197885196
0.5133203125,-34.6787197885196
0.513359375,-33.6787197885196
0.5133984375,-30.6787197885196
0.5134375,-25.6787197885196
0.5134765625,-18.6787197885196
0.513515625,-13.6787197885196
0.5135546875,-9.67871978851963
0.51359375,-7.67871978851963
0.5136328125,-6.67871978851963
0.513671875,-5.67871978851963
0.5137109375,-2.67871978851963
0.51375,0.321280211480371
0.5137890625,4.32128021148037
0.513828125,9.32128021148037
0.5138671875,12.3212802114804
0.51390625,16.3212802114804
0.5139453125,18.3212802114804
0.513984375,20.3212802114804
0.5140234375,19.3212802114804
0.5140625,18.3212802114804
0.5141015625,16.3212802114804
0.514140625,18.3212802114804
0.5141796875,20.3212802114804
0.51421875,20.3212802114804
0.5142578125,21.3212802114804
0.514296875,22.3212802114804
0.5143359375,25.3212802114804
0.514375,23.3212802114804
0.5144140625,22.3212802114804
0.514453125,22.3212802114804
0.5144921875,25.3212802114804
0.51453125,26.3212802114804
0.5145703125,27.3212802114804
0.514609375,25.3212802114804
0.5146484375,20.3212802114804
0.5146875,15.3212802114804
0.5147265625,12.3212802114804
0.514765625,8.32128021148037
0.5148046875,7.32128021148037
0.51484375,8.32128021148037
0.5148828125,3.32128021148037
0.514921875,-3.67871978851963
0.5149609375,-10.6787197885196
0.515,-16.6787197885196
0.5150390625,-18.6787197885196
0.515078125,-21.6787197885196
0.5151171875,-23.6787197885196
0.51515625,-26.6787197885196
0.5151953125,-25.6787197885196
0.515234375,-23.6787197885196
0.5152734375,-23.6787197885196
0.5153125,-24.6787197885196
0.5153515625,-23.6787197885196
0.515390625,-20.6787197885196
0.5154296875,-17.6787197885196
0.51546875,-14.6787197885196
0.5155078125,-12.6787197885196
0.515546875,-10.6787197885196
0.5155859375,-9.67871978851963
0.515625,-7.67871978851963
0.5156640625,-2.67871978851963
0.515703125,-3.67871978851963
0.5157421875,-5.67871978851963
0.51578125,-4.67871978851963
0.5158203125,-5.67871978851963
0.515859375,-6.67871978851963
0.5158984375,-8.67871978851963
0.5159375,-9.67871978851963
0.5159765625,-9.67871978851963
0.516015625,-6.67871978851963
0.5160546875,-0.678719788519629
0.51609375,7.32128021148037
0.5161328125,12.3212802114804
0.516171875,16.3212802114804
0.5162109375,20.3212802114804
0.51625,19.3212802114804
0.5162890625,13.3212802114804
0.516328125,6.32128021148037
0.5163671875,-0.678719788519629
0.51640625,-6.67871978851963
0.5164453125,-6.67871978851963
0.516484375,-5.67871978851963
0.5165234375,-5.67871978851963
0.5165625,-4.67871978851963
0.5166015625,-1.67871978851963
0.516640625,3.32128021148037
0.5166796875,8.32128021148037
0.51671875,12.3212802114804
0.5167578125,14.3212802114804
0.516796875,13.3212802114804
0.5168359375,14.3212802114804
0.516875,12.3212802114804
0.5169140625,12.3212802114804
0.516953125,12.3212802114804
0.5169921875,12.3212802114804
0.51703125,12.3212802114804
0.5170703125,14.3212802114804
0.517109375,18.3212802114804
0.5171484375,19.3212802114804
0.5171875,18.3212802114804
0.5172265625,15.3212802114804
0.517265625,7.32128021148037
0.5173046875,-0.678719788519629
0.51734375,-7.67871978851963
0.5173828125,-14.6787197885196
0.517421875,-20.6787197885196
0.5174609375,-24.6787197885196
0.5175,-26.6787197885196
0.5175390625,-29.6787197885196
0.517578125,-30.6787197885196
0.5176171875,-28.6787197885196
0.51765625,-25.6787197885196
0.5176953125,-19.6787197885196
0.517734375,-13.6787197885196
0.5177734375,-10.6787197885196
0.5178125,-9.67871978851963
0.5178515625,-8.67871978851963
0.517890625,-5.67871978851963
0.5179296875,-0.678719788519629
0.51796875,5.32128021148037
0.5180078125,11.3212802114804
0.518046875,17.3212802114804
0.5180859375,25.3212802114804
0.518125,29.3212802114804
0.5181640625,30.3212802114804
0.518203125,29.3212802114804
0.5182421875,24.3212802114804
0.51828125,16.3212802114804
0.5183203125,7.32128021148037
0.518359375,2.32128021148037
0.5183984375,-2.67871978851963
0.5184375,-8.67871978851963
0.5184765625,-13.6787197885196
0.518515625,-18.6787197885196
0.5185546875,-18.6787197885196
0.51859375,-19.6787197885196
0.5186328125,-17.6787197885196
0.518671875,-10.6787197885196
0.5187109375,-2.67871978851963
0.51875,3.32128021148037
0.5187890625,9.32128021148037
0.518828125,10.3212802114804
0.5188671875,7.32128021148037
0.51890625,4.32128021148037
0.5189453125,3.32128021148037
0.518984375,2.32128021148037
0.5190234375,1.32128021148037
0.5190625,-0.678719788519629
0.5191015625,-5.67871978851963
0.519140625,-9.67871978851963
0.5191796875,-9.67871978851963
0.51921875,-6.67871978851963
0.5192578125,-3.67871978851963
0.519296875,0.321280211480371
0.5193359375,5.32128021148037
0.519375,10.3212802114804
0.5194140625,12.3212802114804
0.519453125,15.3212802114804
0.5194921875,16.3212802114804
0.51953125,15.3212802114804
0.5195703125,11.3212802114804
0.519609375,8.32128021148037
0.5196484375,5.32128021148037
0.5196875,2.32128021148037
0.5197265625,-0.678719788519629
0.519765625,-2.67871978851963
0.5198046875,-6.67871978851963
0.51984375,-9.67871978851963
0.5198828125,-11.6787197885196
0.519921875,-9.67871978851963
0.5199609375,-4.67871978851963
0.52,0.321280211480371
0.5200390625,4.32128021148037
0.520078125,4.32128021148037
0.5201171875,3.32128021148037
0.52015625,0.321280211480371
0.5201953125,0.321280211480371
0.520234375,-0.678719788519629
0.5202734375,-0.678719788519629
0.5203125,1.32128021148037
0.5203515625,1.32128021148037
0.520390625,-0.678719788519629
0.5204296875,-1.67871978851963
0.52046875,-2.67871978851963
0.5205078125,-5.67871978851963
0.520546875,-9.67871978851963
0.5205859375,-10.6787197885196
0.520625,-11.6787197885196
0.5206640625,-11.6787197885196
0.520703125,-10.6787197885196
0.5207421875,-6.67871978851963
0.52078125,-2.67871978851963
0.5208203125,1.32128021148037
0.520859375,5.32128021148037
0.5208984375,6.32128021148037
0.5209375,8.32128021148037
0.5209765625,11.3212802114804
0.521015625,11.3212802114804
0.5210546875,8.32128021148037
0.52109375,5.32128021148037
0.5211328125,3.32128021148037
0.521171875,3.32128021148037
0.5212109375,-1.67871978851963
0.52125,-6.67871978851963
0.5212890625,-9.67871978851963
0.521328125,-6.67871978851963
0.5213671875,1.32128021148037
0.52140625,12.3212802114804
0.5214453125,23.3212802114804
0.521484375,28.3212802114804
0.5215234375,23.3212802114804
0.5215625,15.3212802114804
0.5216015625,8.32128021148037
0.521640625,1.32128021148037
0.5216796875,-8.67871978851963
0.52171875,-17.6787197885196
0.5217578125,-30.6787197885196
0.521796875,-43.6787197885196
0.5218359375,-48.6787197885196
0.521875,-44.6787197885196
0.5219140625,-29.6787197885196
0.521953125,-12.6787197885196
0.5219921875,0.321280211480371
0.52203125,8.32128021148037
0.5220703125,11.3212802114804
0.522109375,11.3212802114804
0.5221484375,11.3212802114804
0.5221875,8.32128021148037
0.5222265625,4.32128021148037
0.522265625,1.32128021148037
0.5223046875,-1.67871978851963
0.52234375,-3.67871978851963
0.5223828125,-1.67871978851963
0.522421875,0.321280211480371
0.5224609375,-1.67871978851963
0.5225,-4.67871978851963
0.5225390625,-8.67871978851963
0.522578125,-4.67871978851963
0.5226171875,-3.67871978851963
0.52265625,-6.67871978851963
0.5226953125,-4.67871978851963
0.522734375,1.32128021148037
0.5227734375,9.32128021148037
0.5228125,14.3212802114804
0.5228515625,20.3212802114804
0.522890625,25.3212802114804
0.5229296875,24.3212802114804
0.52296875,23.3212802114804
0.5230078125,23.3212802114804
0.523046875,26.3212802114804
0.5230859375,26.3212802114804
0.523125,22.3212802114804
0.5231640625,18.3212802114804
0.523203125,14.3212802114804
0.5232421875,11.3212802114804
0.52328125,9.32128021148037
0.5233203125,5.32128021148037
0.523359375,0.321280211480371
0.5233984375,-8.67871978851963
0.5234375,-16.6787197885196
0.5234765625,-18.6787197885196
0.523515625,-15.6787197885196
0.5235546875,-15.6787197885196
0.52359375,-16.6787197885196
0.5236328125,-20.6787197885196
0.523671875,-23.6787197885196
0.5237109375,-23.6787197885196
0.52375,-22.6787197885196
0.5237890625,-25.6787197885196
0.523828125,-28.6787197885196
0.5238671875,-31.6787197885196
0.52390625,-33.6787197885196
0.5239453125,-32.6787197885196
0.523984375,-26.6787197885196
0.5240234375,-19.6787197885196
0.5240625,-17.6787197885196
0.5241015625,-16.6787197885196
0.524140625,-15.6787197885196
0.5241796875,-11.6787197885196
0.52421875,-5.67871978851963
0.5242578125,6.32128021148037
0.524296875,17.3212802114804
0.5243359375,26.3212802114804
0.524375,34.3212802114804
0.5244140625,41.3212802114804
0.524453125,48.3212802114804
0.5244921875,51.3212802114804
0.52453125,54.3212802114804
0.5245703125,54.3212802114804
0.524609375,50.3212802114804
0.5246484375,45.3212802114804
0.5246875,41.3212802114804
0.5247265625,37.3212802114804
0.524765625,32.3212802114804
0.5248046875,29.3212802114804
0.52484375,25.3212802114804
0.5248828125,21.3212802114804
0.524921875,16.3212802114804
0.5249609375,7.32128021148037
0.525,-3.67871978851963
0.5250390625,-15.6787197885196
0.525078125,-30.6787197885196
0.5251171875,-46.6787197885196
0.52515625,-58.6787197885196
0.5251953125,-64.6787197885196
0.525234375,-66.6787197885196
0.5252734375,-65.6787197885196
0.5253125,-60.6787197885196
0.5253515625,-51.6787197885196
0.525390625,-42.6787197885196
0.5254296875,-31.6787197885196
0.52546875,-18.6787197885196
0.5255078125,-4.67871978851963
0.525546875,4.32128021148037
0.5255859375,9.32128021148037
0.525625,11.3212802114804
0.5256640625,10.3212802114804
0.525703125,7.32128021148037
0.5257421875,3.32128021148037
0.52578125,0.321280211480371
0.5258203125,-0.678719788519629
0.525859375,-0.678719788519629
0.5258984375,0.321280211480371
0.5259375,1.32128021148037
0.5259765625,1.32128021148037
0.526015625,5.32128021148037
0.5260546875,9.32128021148037
0.52609375,17.3212802114804
0.5261328125,25.3212802114804
0.526171875,35.3212802114804
0.5262109375,42.3212802114804
0.52625,48.3212802114804
0.5262890625,51.3212802114804
0.526328125,51.3212802114804
0.5263671875,42.3212802114804
0.52640625,30.3212802114804
0.5264453125,13.3212802114804
0.526484375,1.32128021148037
0.5265234375,-9.67871978851963
0.5265625,-17.6787197885196
0.5266015625,-22.6787197885196
0.526640625,-20.6787197885196
0.5266796875,-17.6787197885196
0.52671875,-9.67871978851963
0.5267578125,-2.67871978851963
0.526796875,5.32128021148037
0.5268359375,11.3212802114804
0.526875,15.3212802114804
0.5269140625,13.3212802114804
0.526953125,8.32128021148037
0.5269921875,0.321280211480371
0.52703125,-8.67871978851963
0.5270703125,-16.6787197885196
0.527109375,-21.6787197885196
0.5271484375,-28.6787197885196
0.5271875,-32.6787197885196
0.5272265625,-31.6787197885196
0.527265625,-29.6787197885196
0.5273046875,-26.6787197885196
0.52734375,-22.6787197885196
0.5273828125,-18.6787197885196
0.527421875,-12.6787197885196
0.5274609375,-3.67871978851963
0.5275,4.32128021148037
0.5275390625,6.32128021148037
0.527578125,2.32128021148037
0.5276171875,-3.67871978851963
0.52765625,-11.6787197885196
0.5276953125,-19.6787197885196
0.527734375,-21.6787197885196
0.5277734375,-18.6787197885196
0.5278125,-35.6787197885196
0.5278515625,-66.6787197885196
0.527890625,-76.6787197885196
0.5279296875,-55.6787197885196
0.52796875,-23.6787197885196
0.5280078125,17.3212802114804
0.528046875,68.3212802114804
0.5280859375,99.3212802114804
0.528125,95.3212802114804
0.5281640625,72.3212802114804
0.528203125,48.3212802114804
0.5282421875,22.3212802114804
0.52828125,-5.67871978851963
0.5283203125,-24.6787197885196
0.528359375,-25.6787197885196
0.5283984375,2.32128021148037
0.5284375,43.3212802114804
0.5284765625,70.3212802114804
0.528515625,76.3212802114804
0.5285546875,59.3212802114804
0.52859375,33.3212802114804
0.5286328125,12.3212802114804
0.528671875,4.32128021148037
0.5287109375,16.3212802114804
0.52875,39.3212802114804
0.5287890625,59.3212802114804
0.528828125,57.3212802114804
0.5288671875,39.3212802114804
0.52890625,15.3212802114804
0.5289453125,-5.67871978851963
0.528984375,-28.6787197885196
0.5290234375,-47.6787197885196
0.5290625,-70.6787197885196
0.5291015625,-89.6787197885196
0.529140625,-102.67871978852
0.5291796875,-108.67871978852
0.52921875,-111.67871978852
0.5292578125,-110.67871978852
0.529296875,-101.67871978852
0.5293359375,-82.6787197885196
0.529375,-66.6787197885196
0.5294140625,-54.6787197885196
0.529453125,-42.6787197885196
0.5294921875,-31.6787197885196
0.52953125,-20.6787197885196
0.5295703125,-12.6787197885196
0.529609375,-8.67871978851963
0.5296484375,-6.67871978851963
0.5296875,4.32128021148037
0.5297265625,23.3212802114804
0.529765625,44.3212802114804
0.5298046875,58.3212802114804
0.52984375,69.3212802114804
0.5298828125,79.3212802114804
0.529921875,85.3212802114804
0.5299609375,85.3212802114804
0.53,83.3212802114804
0.5300390625,80.3212802114804
0.530078125,75.3212802114804
0.5301171875,70.3212802114804
0.53015625,64.3212802114804
0.5301953125,60.3212802114804
0.530234375,58.3212802114804
0.5302734375,53.3212802114804
0.5303125,44.3212802114804
0.5303515625,33.3212802114804
0.530390625,21.3212802114804
0.5304296875,11.3212802114804
0.53046875,0.321280211480371
0.5305078125,-9.67871978851963
0.530546875,-20.6787197885196
0.5305859375,-31.6787197885196
0.530625,-38.6787197885196
0.5306640625,-45.6787197885196
0.530703125,-47.6787197885196
0.5307421875,-44.6787197885196
0.53078125,-42.6787197885196
0.5308203125,-38.6787197885196
0.530859375,-35.6787197885196
0.5308984375,-34.6787197885196
0.5309375,-37.6787197885196
0.5309765625,-45.6787197885196
0.531015625,-53.6787197885196
0.5310546875,-61.6787197885196
0.53109375,-64.6787197885196
0.5311328125,-65.6787197885196
0.531171875,-60.6787197885196
0.5312109375,-50.6787197885196
0.53125,-36.6787197885196
0.5312890625,-23.6787197885196
0.531328125,-12.6787197885196
0.5313671875,0.321280211480371
0.53140625,9.32128021148037
0.5314453125,16.3212802114804
0.531484375,20.3212802114804
0.5315234375,21.3212802114804
0.5315625,25.3212802114804
0.5316015625,30.3212802114804
0.531640625,34.3212802114804
0.5316796875,36.3212802114804
0.53171875,38.3212802114804
0.5317578125,40.3212802114804
0.531796875,45.3212802114804
0.5318359375,49.3212802114804
0.531875,50.3212802114804
0.5319140625,50.3212802114804
0.531953125,47.3212802114804
0.5319921875,45.3212802114804
0.53203125,45.3212802114804
0.5320703125,46.3212802114804
0.532109375,46.3212802114804
0.5321484375,46.3212802114804
0.5321875,41.3212802114804
0.5322265625,33.3212802114804
0.532265625,27.3212802114804
0.5323046875,20.3212802114804
0.53234375,13.3212802114804
0.5323828125,5.32128021148037
0.532421875,-6.67871978851963
0.5324609375,-20.6787197885196
0.5325,-35.6787197885196
0.5325390625,-47.6787197885196
0.532578125,-53.6787197885196
0.5326171875,-53.6787197885196
0.53265625,-53.6787197885196
0.5326953125,-51.6787197885196
0.532734375,-51.6787197885196
0.5327734375,-52.6787197885196
0.5328125,-53.6787197885196
0.5328515625,-53.6787197885196
0.532890625,-54.6787197885196
0.5329296875,-57.6787197885196
0.53296875,-60.6787197885196
0.5330078125,-59.6787197885196
0.533046875,-57.6787197885196
0.5330859375,-53.6787197885196
0.533125,-48.6787197885196
0.5331640625,-42.6787197885196
0.533203125,-35.6787197885196
0.5332421875,-27.6787197885196
0.53328125,-14.6787197885196
0.5333203125,2.32128021148037
0.533359375,18.3212802114804
0.5333984375,30.3212802114804
0.5334375,41.3212802114804
0.5334765625,53.3212802114804
0.533515625,60.3212802114804
0.5335546875,65.3212802114804
0.53359375,67.3212802114804
0.5336328125,67.3212802114804
0.533671875,67.3212802114804
0.5337109375,65.3212802114804
0.53375,60.3212802114804
0.5337890625,55.3212802114804
0.533828125,47.3212802114804
0.5338671875,39.3212802114804
0.53390625,32.3212802114804
0.5339453125,28.3212802114804
0.533984375,26.3212802114804
0.5340234375,27.3212802114804
0.5340625,25.3212802114804
0.5341015625,19.3212802114804
0.534140625,8.32128021148037
0.5341796875,-0.678719788519629
0.53421875,-8.67871978851963
0.5342578125,-14.6787197885196
0.534296875,-20.6787197885196
0.5343359375,-26.6787197885196
0.534375,-30.6787197885196
0.5344140625,-32.6787197885196
0.534453125,-34.6787197885196
0.5344921875,-34.6787197885196
0.53453125,-33.6787197885196
0.5345703125,-29.6787197885196
0.534609375,-24.6787197885196
0.5346484375,-16.6787197885196
0.5346875,-5.67871978851963
0.5347265625,3.32128021148037
0.534765625,5.32128021148037
0.5348046875,3.32128021148037
0.53484375,3.32128021148037
0.5348828125,1.32128021148037
0.534921875,1.32128021148037
0.5349609375,1.32128021148037
0.535,-8.67871978851963
0.5350390625,-19.6787197885196
0.535078125,-25.6787197885196
0.5351171875,-24.6787197885196
0.53515625,-26.6787197885196
0.5351953125,-26.6787197885196
0.535234375,-25.6787197885196
0.5352734375,-21.6787197885196
0.5353125,-13.6787197885196
0.5353515625,-1.67871978851963
0.535390625,6.32128021148037
0.5354296875,12.3212802114804
0.53546875,14.3212802114804
0.5355078125,14.3212802114804
0.535546875,12.3212802114804
0.5355859375,13.3212802114804
0.535625,13.3212802114804
0.5356640625,14.3212802114804
0.535703125,9.32128021148037
0.5357421875,2.32128021148037
0.53578125,-2.67871978851963
0.5358203125,-8.67871978851963
0.535859375,-10.6787197885196
0.5358984375,-9.67871978851963
0.5359375,-3.67871978851963
0.5359765625,1.32128021148037
0.536015625,3.32128021148037
0.5360546875,8.32128021148037
0.53609375,15.3212802114804
0.5361328125,22.3212802114804
0.536171875,26.3212802114804
0.5362109375,32.3212802114804
0.53625,32.3212802114804
0.5362890625,24.3212802114804
0.536328125,14.3212802114804
0.5363671875,7.32128021148037
0.53640625,-1.67871978851963
0.5364453125,-13.6787197885196
0.536484375,-24.6787197885196
0.5365234375,-34.6787197885196
0.5365625,-37.6787197885196
0.5366015625,-33.6787197885196
0.536640625,-22.6787197885196
0.5366796875,-11.6787197885196
0.53671875,-1.67871978851963
0.5367578125,4.32128021148037
0.536796875,3.32128021148037
0.5368359375,1.32128021148037
0.536875,0.321280211480371
0.5369140625,4.32128021148037
0.536953125,8.32128021148037
0.5369921875,6.32128021148037
0.53703125,0.321280211480371
0.5370703125,-5.67871978851963
0.537109375,-9.67871978851963
0.5371484375,-7.67871978851963
0.5371875,-4.67871978851963
0.5372265625,-0.678719788519629
0.537265625,2.32128021148037
0.5373046875,6.32128021148037
0.53734375,10.3212802114804
0.5373828125,16.3212802114804
0.537421875,22.3212802114804
0.5374609375,24.3212802114804
0.5375,24.3212802114804
0.5375390625,19.3212802114804
0.537578125,18.3212802114804
0.5376171875,15.3212802114804
0.53765625,8.32128021148037
0.5376953125,4.32128021148037
0.537734375,-1.67871978851963
0.5377734375,-10.6787197885196
0.5378125,-16.6787197885196
0.5378515625,-19.6787197885196
0.537890625,-17.6787197885196
0.5379296875,-15.6787197885196
0.53796875,-14.6787197885196
0.5380078125,-12.6787197885196
0.538046875,-5.67871978851963
0.5380859375,2.32128021148037
0.538125,13.3212802114804
0.5381640625,25.3212802114804
0.538203125,34.3212802114804
0.5382421875,42.3212802114804
0.53828125,47.3212802114804
0.5383203125,52.3212802114804
0.538359375,49.3212802114804
0.5383984375,36.3212802114804
0.5384375,23.3212802114804
0.5384765625,11.3212802114804
0.538515625,-0.678719788519629
0.5385546875,-15.6787197885196
0.53859375,-29.6787197885196
0.5386328125,-43.6787197885196
0.538671875,-55.6787197885196
0.5387109375,-63.6787197885196
0.53875,-70.6787197885196
0.5387890625,-76.6787197885196
0.538828125,-77.6787197885196
0.5388671875,-77.6787197885196
0.53890625,-77.6787197885196
0.5389453125,-79.6787197885196
0.538984375,-78.6787197885196
0.5390234375,-70.6787197885196
0.5390625,-57.6787197885196
0.5391015625,-40.6787197885196
0.539140625,-24.6787197885196
0.5391796875,-9.67871978851963
0.53921875,6.32128021148037
0.5392578125,23.3212802114804
0.539296875,38.3212802114804
0.5393359375,52.3212802114804
0.539375,62.3212802114804
0.5394140625,70.3212802114804
0.539453125,74.3212802114804
0.5394921875,79.3212802114804
0.53953125,84.3212802114804
0.5395703125,89.3212802114804
0.539609375,88.3212802114804
0.5396484375,86.3212802114804
0.5396875,82.3212802114804
0.5397265625,74.3212802114804
0.539765625,65.3212802114804
0.5398046875,55.3212802114804
0.53984375,47.3212802114804
0.5398828125,36.3212802114804
0.539921875,24.3212802114804
0.5399609375,13.3212802114804
0.54,5.32128021148037
0.5400390625,-1.67871978851963
0.540078125,-7.67871978851963
0.5401171875,-12.6787197885196
0.54015625,-12.6787197885196
0.5401953125,-17.6787197885196
0.540234375,-18.6787197885196
0.5402734375,-19.6787197885196
0.5403125,-25.6787197885196
0.5403515625,-36.6787197885196
0.540390625,-51.6787197885196
0.5404296875,-66.6787197885196
0.54046875,-78.6787197885196
0.5405078125,-84.6787197885196
0.540546875,-87.6787197885196
0.5405859375,-88.6787197885196
0.540625,-90.6787197885196
0.5406640625,-89.6787197885196
0.540703125,-79.6787197885196
0.5407421875,-63.6787197885196
0.54078125,-46.6787197885196
0.5408203125,-28.6787197885196
0.540859375,-9.67871978851963
0.5408984375,8.32128021148037
0.5409375,26.3212802114804
0.5409765625,42.3212802114804
0.541015625,52.3212802114804
0.5410546875,56.3212802114804
0.54109375,54.3212802114804
0.5411328125,51.3212802114804
0.541171875,50.3212802114804
0.5412109375,50.3212802114804
0.54125,48.3212802114804
0.5412890625,48.3212802114804
0.541328125,47.3212802114804
0.5413671875,45.3212802114804
0.54140625,44.3212802114804
0.5414453125,44.3212802114804
0.541484375,46.3212802114804
0.5415234375,45.3212802114804
0.5415625,41.3212802114804
0.5416015625,32.3212802114804
0.541640625,21.3212802114804
0.5416796875,11.3212802114804
0.54171875,-0.678719788519629
0.5417578125,-15.6787197885196
0.541796875,-29.6787197885196
0.5418359375,-44.6787197885196
0.541875,-56.6787197885196
0.5419140625,-62.6787197885196
0.541953125,-63.6787197885196
0.5419921875,-62.6787197885196
0.54203125,-61.6787197885196
0.5420703125,-59.6787197885196
0.542109375,-55.6787197885196
0.5421484375,-48.6787197885196
0.5421875,-41.6787197885196
0.5422265625,-32.6787197885196
0.542265625,-23.6787197885196
0.5423046875,-19.6787197885196
0.54234375,-17.6787197885196
0.5423828125,-16.6787197885196
0.542421875,-15.6787197885196
0.5424609375,-9.67871978851963
0.5425,-2.67871978851963
0.5425390625,5.32128021148037
0.542578125,9.32128021148037
0.5426171875,13.3212802114804
0.54265625,17.3212802114804
0.5426953125,23.3212802114804
0.542734375,31.3212802114804
0.5427734375,37.3212802114804
0.5428125,46.3212802114804
0.5428515625,52.3212802114804
0.542890625,53.3212802114804
0.5429296875,53.3212802114804
0.54296875,52.3212802114804
0.5430078125,47.3212802114804
0.543046875,40.3212802114804
0.5430859375,33.3212802114804
0.543125,28.3212802114804
0.5431640625,25.3212802114804
0.543203125,27.3212802114804
0.5432421875,29.3212802114804
0.54328125,30.3212802114804
0.5433203125,29.3212802114804
0.543359375,24.3212802114804
0.5433984375,23.3212802114804
0.5434375,22.3212802114804
0.5434765625,16.3212802114804
0.543515625,4.32128021148037
0.5435546875,-8.67871978851963
0.54359375,-21.6787197885196
0.5436328125,-35.6787197885196
0.543671875,-49.6787197885196
0.5437109375,-60.6787197885196
0.54375,-66.6787197885196
0.5437890625,-71.6787197885196
0.543828125,-72.6787197885196
0.5438671875,-70.6787197885196
0.54390625,-63.6787197885196
0.5439453125,-54.6787197885196
0.543984375,-45.6787197885196
0.5440234375,-38.6787197885196
0.5440625,-28.6787197885196
0.5441015625,-18.6787197885196
0.544140625,-6.67871978851963
0.5441796875,2.32128021148037
0.54421875,7.32128021148037
0.5442578125,9.32128021148037
0.544296875,11.3212802114804
0.5443359375,12.3212802114804
0.544375,13.3212802114804
0.5444140625,15.3212802114804
0.544453125,17.3212802114804
0.5444921875,17.3212802114804
0.54453125,18.3212802114804
0.5445703125,18.3212802114804
0.544609375,18.3212802114804
0.5446484375,15.3212802114804
0.5446875,13.3212802114804
0.5447265625,13.3212802114804
0.544765625,15.3212802114804
0.5448046875,16.3212802114804
0.54484375,17.3212802114804
0.5448828125,20.3212802114804
0.544921875,19.3212802114804
0.5449609375,18.3212802114804
0.545,19.3212802114804
0.5450390625,24.3212802114804
0.545078125,29.3212802114804
0.5451171875,33.3212802114804
0.54515625,31.3212802114804
0.5451953125,26.3212802114804
0.545234375,20.3212802114804
0.5452734375,15.3212802114804
0.5453125,7.32128021148037
0.5453515625,-0.678719788519629
0.545390625,-4.67871978851963
0.5454296875,-8.67871978851963
0.54546875,-9.67871978851963
0.5455078125,-7.67871978851963
0.545546875,-6.67871978851963
0.5455859375,-8.67871978851963
0.545625,-10.6787197885196
0.5456640625,-12.6787197885196
0.545703125,-14.6787197885196
0.5457421875,-16.6787197885196
0.54578125,-19.6787197885196
0.5458203125,-23.6787197885196
0.545859375,-28.6787197885196
0.5458984375,-34.6787197885196
0.5459375,-40.6787197885196
0.5459765625,-43.6787197885196
0.546015625,-41.6787197885196
0.5460546875,-34.6787197885196
0.54609375,-26.6787197885196
0.5461328125,-18.6787197885196
0.546171875,-12.6787197885196
0.5462109375,-5.67871978851963
0.54625,1.32128021148037
0.5462890625,7.32128021148037
0.546328125,11.3212802114804
0.5463671875,14.3212802114804
0.54640625,17.3212802114804
0.5464453125,19.3212802114804
0.546484375,19.3212802114804
0.5465234375,20.3212802114804
0.5465625,24.3212802114804
0.5466015625,28.3212802114804
0.546640625,32.3212802114804
0.5466796875,36.3212802114804
0.54671875,40.3212802114804
0.5467578125,47.3212802114804
0.546796875,48.3212802114804
0.5468359375,42.3212802114804
0.546875,32.3212802114804
0.5469140625,20.3212802114804
0.546953125,11.3212802114804
0.5469921875,9.32128021148037
0.54703125,6.32128021148037
0.5470703125,-1.67871978851963
0.547109375,-8.67871978851963
0.5471484375,-11.6787197885196
0.5471875,-14.6787197885196
0.5472265625,-16.6787197885196
0.547265625,-17.6787197885196
0.5473046875,-18.6787197885196
0.54734375,-20.6787197885196
0.5473828125,-21.6787197885196
0.547421875,-22.6787197885196
0.5474609375,-20.6787197885196
0.5475,-16.6787197885196
0.5475390625,-14.6787197885196
0.547578125,-14.6787197885196
0.5476171875,-16.6787197885196
0.54765625,-18.6787197885196
0.5476953125,-19.6787197885196
0.547734375,-21.6787197885196
0.5477734375,-22.6787197885196
0.5478125,-25.6787197885196
0.5478515625,-30.6787197885196
0.547890625,-34.6787197885196
0.5479296875,-36.6787197885196
0.54796875,-37.6787197885196
0.5480078125,-33.6787197885196
0.548046875,-30.6787197885196
0.5480859375,-25.6787197885196
0.548125,-21.6787197885196
0.5481640625,-16.6787197885196
0.548203125,-8.67871978851963
0.5482421875,-0.678719788519629
0.54828125,4.32128021148037
0.5483203125,8.32128021148037
0.548359375,14.3212802114804
0.5483984375,18.3212802114804
0.5484375,21.3212802114804
0.5484765625,23.3212802114804
0.548515625,24.3212802114804
0.5485546875,24.3212802114804
0.54859375,24.3212802114804
0.5486328125,24.3212802114804
0.548671875,30.3212802114804
0.5487109375,38.3212802114804
0.54875,45.3212802114804
0.5487890625,51.3212802114804
0.548828125,54.3212802114804
0.5488671875,54.3212802114804
0.54890625,50.3212802114804
0.5489453125,44.3212802114804
0.548984375,39.3212802114804
0.5490234375,37.3212802114804
0.5490625,31.3212802114804
0.5491015625,20.3212802114804
0.549140625,9.32128021148037
0.5491796875,-4.67871978851963
0.54921875,-14.6787197885196
0.5492578125,-18.6787197885196
0.549296875,-18.6787197885196
0.5493359375,-18.6787197885196
0.549375,-19.6787197885196
0.5494140625,-19.6787197885196
0.549453125,-19.6787197885196
0.5494921875,-19.6787197885196
0.54953125,-21.6787197885196
0.5495703125,-22.6787197885196
0.549609375,-21.6787197885196
0.5496484375,-17.6787197885196
0.5496875,-17.6787197885196
0.5497265625,-16.6787197885196
0.549765625,-15.6787197885196
0.5498046875,-16.6787197885196
0.54984375,-21.6787197885196
0.5498828125,-26.6787197885196
0.549921875,-29.6787197885196
0.5499609375,-27.6787197885196
0.55,-22.6787197885196
0.5500390625,-20.6787197885196
0.550078125,-17.6787197885196
0.5501171875,-15.6787197885196
0.55015625,-13.6787197885196
0.5501953125,-9.67871978851963
0.550234375,-3.67871978851963
0.5502734375,-0.678719788519629
0.5503125,0.321280211480371
0.5503515625,3.32128021148037
0.550390625,9.32128021148037
0.5504296875,8.32128021148037
0.55046875,8.32128021148037
0.5505078125,9.32128021148037
0.550546875,17.3212802114804
0.5505859375,27.3212802114804
0.550625,35.3212802114804
0.5506640625,40.3212802114804
0.550703125,47.3212802114804
0.5507421875,52.3212802114804
0.55078125,54.3212802114804
0.5508203125,52.3212802114804
0.550859375,49.3212802114804
0.5508984375,45.3212802114804
0.5509375,35.3212802114804
0.5509765625,21.3212802114804
0.551015625,3.32128021148037
0.5510546875,-14.6787197885196
0.55109375,-30.6787197885196
0.5511328125,-46.6787197885196
0.551171875,-60.6787197885196
0.5512109375,-71.6787197885196
0.55125,-74.6787197885196
0.5512890625,-75.6787197885196
0.551328125,-73.6787197885196
0.5513671875,-70.6787197885196
0.55140625,-66.6787197885196
0.5514453125,-63.6787197885196
0.551484375,-60.6787197885196
0.5515234375,-54.6787197885196
0.5515625,-45.6787197885196
0.5516015625,-36.6787197885196
0.551640625,-26.6787197885196
0.5516796875,-18.6787197885196
0.55171875,-8.67871978851963
0.5517578125,3.32128021148037
0.551796875,12.3212802114804
0.5518359375,22.3212802114804
0.551875,35.3212802114804
0.5519140625,49.3212802114804
0.551953125,62.3212802114804
0.5519921875,75.3212802114804
0.55203125,84.3212802114804
0.5520703125,91.3212802114804
0.552109375,94.3212802114804
0.5521484375,98.3212802114804
0.5521875,88.3212802114804
0.5522265625,64.3212802114804
0.552265625,52.3212802114804
0.5523046875,52.3212802114804
0.55234375,52.3212802114804
0.5523828125,52.3212802114804
0.552421875,69.3212802114804
0.5524609375,72.3212802114804
0.5525,54.3212802114804
0.5525390625,33.3212802114804
0.552578125,11.3212802114804
0.5526171875,-6.67871978851963
0.55265625,-24.6787197885196
0.5526953125,-38.6787197885196
0.552734375,-36.6787197885196
0.5527734375,-28.6787197885196
0.5528125,-26.6787197885196
0.5528515625,-30.6787197885196
0.552890625,-41.6787197885196
0.5529296875,-58.6787197885196
0.55296875,-71.6787197885196
0.5530078125,-75.6787197885196
0.553046875,-71.6787197885196
0.5530859375,-59.6787197885196
0.553125,-44.6787197885196
0.5531640625,-33.6787197885196
0.553203125,-29.6787197885196
0.5532421875,-31.6787197885196
0.55328125,-34.6787197885196
0.5533203125,-33.6787197885196
0.553359375,-32.6787197885196
0.5533984375,-34.6787197885196
0.5534375,-38.6787197885196
0.5534765625,-38.6787197885196
0.553515625,-29.6787197885196
0.5535546875,-22.6787197885196
0.55359375,-22.6787197885196
0.5536328125,-25.6787197885196
0.553671875,-27.6787197885196
0.5537109375,-19.6787197885196
0.55375,-10.6787197885196
0.5537890625,-6.67871978851963
0.553828125,-1.67871978851963
0.5538671875,5.32128021148037
0.55390625,18.3212802114804
0.5539453125,32.3212802114804
0.553984375,39.3212802114804
0.5540234375,42.3212802114804
0.5540625,40.3212802114804
0.5541015625,31.3212802114804
0.554140625,20.3212802114804
0.5541796875,12.3212802114804
0.55421875,8.32128021148037
0.5542578125,3.32128021148037
0.554296875,1.32128021148037
0.5543359375,0.321280211480371
0.554375,0.321280211480371
0.5544140625,-0.678719788519629
0.554453125,-1.67871978851963
0.5544921875,-1.67871978851963
0.55453125,-0.678719788519629
0.5545703125,1.32128021148037
0.554609375,5.32128021148037
0.5546484375,6.32128021148037
0.5546875,7.32128021148037
0.5547265625,6.32128021148037
0.554765625,9.32128021148037
0.5548046875,19.3212802114804
0.55484375,34.3212802114804
0.5548828125,49.3212802114804
0.554921875,61.3212802114804
0.5549609375,70.3212802114804
0.555,72.3212802114804
0.5550390625,67.3212802114804
0.555078125,57.3212802114804
0.5551171875,45.3212802114804
0.55515625,28.3212802114804
0.5551953125,11.3212802114804
0.555234375,-4.67871978851963
0.5552734375,-23.6787197885196
0.5553125,-43.6787197885196
0.5553515625,-57.6787197885196
0.555390625,-66.6787197885196
0.5554296875,-66.6787197885196
0.55546875,-60.6787197885196
0.5555078125,-51.6787197885196
0.555546875,-42.6787197885196
0.5555859375,-30.6787197885196
0.555625,-16.6787197885196
0.5556640625,-4.67871978851963
0.555703125,3.32128021148037
0.5557421875,8.32128021148037
0.55578125,11.3212802114804
0.5558203125,10.3212802114804
0.555859375,8.32128021148037
0.5558984375,7.32128021148037
0.5559375,9.32128021148037
0.5559765625,13.3212802114804
0.556015625,20.3212802114804
0.5560546875,30.3212802114804
0.55609375,36.3212802114804
0.5561328125,42.3212802114804
0.556171875,47.3212802114804
0.5562109375,50.3212802114804
0.55625,49.3212802114804
0.5562890625,47.3212802114804
0.556328125,42.3212802114804
0.5563671875,34.3212802114804
0.55640625,27.3212802114804
0.5564453125,20.3212802114804
0.556484375,9.32128021148037
0.5565234375,-3.67871978851963
0.5565625,-15.6787197885196
0.5566015625,-22.6787197885196
0.556640625,-27.6787197885196
0.5566796875,-33.6787197885196
0.55671875,-41.6787197885196
0.5567578125,-44.6787197885196
0.556796875,-46.6787197885196
0.5568359375,-48.6787197885196
0.556875,-52.6787197885196
0.5569140625,-56.6787197885196
0.556953125,-57.6787197885196
0.5569921875,-60.6787197885196
0.55703125,-65.6787197885196
0.5570703125,-66.6787197885196
0.557109375,-63.6787197885196
0.5571484375,-59.6787197885196
0.5571875,-56.6787197885196
0.5572265625,-48.6787197885196
0.557265625,-39.6787197885196
0.5573046875,-33.6787197885196
0.55734375,-24.6787197885196
0.5573828125,-12.6787197885196
0.557421875,1.32128021148037
0.5574609375,14.3212802114804
0.5575,25.3212802114804
0.5575390625,35.3212802114804
0.557578125,41.3212802114804
0.5576171875,43.3212802114804
0.55765625,45.3212802114804
0.5576953125,45.3212802114804
0.557734375,46.3212802114804
0.5577734375,45.3212802114804
0.5578125,45.3212802114804
0.5578515625,43.3212802114804
0.557890625,42.3212802114804
0.5579296875,41.3212802114804
0.55796875,36.3212802114804
0.5580078125,34.3212802114804
0.558046875,37.3212802114804
0.5580859375,38.3212802114804
0.558125,39.3212802114804
0.5581640625,40.3212802114804
0.558203125,38.3212802114804
0.5582421875,30.3212802114804
0.55828125,22.3212802114804
0.5583203125,11.3212802114804
0.558359375,-3.67871978851963
0.5583984375,-14.6787197885196
0.5584375,-23.6787197885196
0.5584765625,-36.6787197885196
0.558515625,-44.6787197885196
0.5585546875,-51.6787197885196
0.55859375,-56.6787197885196
0.5586328125,-57.6787197885196
0.558671875,-54.6787197885196
0.5587109375,-48.6787197885196
0.55875,-36.6787197885196
0.5587890625,-20.6787197885196
0.558828125,-3.67871978851963
0.5588671875,13.3212802114804
0.55890625,26.3212802114804
0.5589453125,34.3212802114804
0.558984375,37.3212802114804
0.5590234375,39.3212802114804
0.5590625,39.3212802114804
0.5591015625,37.3212802114804
0.559140625,31.3212802114804
0.5591796875,25.3212802114804
0.55921875,18.3212802114804
0.5592578125,14.3212802114804
0.559296875,11.3212802114804
0.5593359375,10.3212802114804
0.559375,10.3212802114804
0.5594140625,6.32128021148037
0.559453125,2.32128021148037
0.5594921875,-3.67871978851963
0.55953125,-13.6787197885196
0.5595703125,-24.6787197885196
0.559609375,-32.6787197885196
0.5596484375,-37.6787197885196
0.5596875,-39.6787197885196
0.5597265625,-33.6787197885196
0.559765625,-25.6787197885196
0.5598046875,-18.6787197885196
0.55984375,-12.6787197885196
0.5598828125,-5.67871978851963
0.559921875,-0.678719788519629
0.5599609375,2.32128021148037
0.56,5.32128021148037
0.5600390625,10.3212802114804
0.560078125,13.3212802114804
0.5601171875,19.3212802114804
0.56015625,23.3212802114804
0.5601953125,21.3212802114804
0.560234375,17.3212802114804
0.5602734375,16.3212802114804
0.5603125,11.3212802114804
0.5603515625,5.32128021148037
0.560390625,-2.67871978851963
0.5604296875,-9.67871978851963
0.56046875,-14.6787197885196
0.5605078125,-21.6787197885196
0.560546875,-29.6787197885196
0.5605859375,-39.6787197885196
0.560625,-44.6787197885196
0.5606640625,-43.6787197885196
0.560703125,-39.6787197885196
0.5607421875,-34.6787197885196
0.56078125,-31.6787197885196
0.5608203125,-28.6787197885196
0.560859375,-23.6787197885196
0.5608984375,-18.6787197885196
0.5609375,-14.6787197885196
0.5609765625,-9.67871978851963
0.561015625,-5.67871978851963
0.5610546875,-2.67871978851963
0.56109375,0.321280211480371
0.5611328125,2.32128021148037
0.561171875,5.32128021148037
0.5612109375,9.32128021148037
0.56125,12.3212802114804
0.5612890625,16.3212802114804
0.561328125,25.3212802114804
0.5613671875,35.3212802114804
0.56140625,45.3212802114804
0.5614453125,53.3212802114804
0.561484375,55.3212802114804
0.5615234375,52.3212802114804
0.5615625,44.3212802114804
0.5616015625,37.3212802114804
0.561640625,33.3212802114804
0.5616796875,30.3212802114804
0.56171875,25.3212802114804
0.5617578125,19.3212802114804
0.561796875,13.3212802114804
0.5618359375,7.32128021148037
0.561875,3.32128021148037
0.5619140625,2.32128021148037
0.561953125,1.32128021148037
0.5619921875,1.32128021148037
0.56203125,-1.67871978851963
0.5620703125,-2.67871978851963
0.562109375,-4.67871978851963
0.5621484375,-3.67871978851963
0.5621875,-2.67871978851963
0.5622265625,-0.678719788519629
0.562265625,1.32128021148037
0.5623046875,4.32128021148037
0.56234375,6.32128021148037
0.5623828125,7.32128021148037
0.562421875,4.32128021148037
0.5624609375,-0.678719788519629
0.5625,-6.67871978851963
0.5625390625,-12.6787197885196
0.562578125,-17.6787197885196
0.5626171875,-21.6787197885196
0.56265625,-25.6787197885196
0.5626953125,-26.6787197885196
0.562734375,-28.6787197885196
0.5627734375,-31.6787197885196
0.5628125,-30.6787197885196
0.5628515625,-28.6787197885196
0.562890625,-23.6787197885196
0.5629296875,-19.6787197885196
0.56296875,-15.6787197885196
0.5630078125,-11.6787197885196
0.563046875,-6.67871978851963
0.5630859375,-2.67871978851963
0.563125,1.32128021148037
0.5631640625,5.32128021148037
0.563203125,7.32128021148037
0.5632421875,10.3212802114804
0.56328125,12.3212802114804
0.5633203125,16.3212802114804
0.563359375,20.3212802114804
0.5633984375,21.3212802114804
0.5634375,21.3212802114804
0.5634765625,20.3212802114804
0.563515625,16.3212802114804
0.5635546875,13.3212802114804
0.56359375,10.3212802114804
0.5636328125,8.32128021148037
0.563671875,8.32128021148037
0.5637109375,5.32128021148037
0.56375,2.32128021148037
0.5637890625,-0.678719788519629
0.563828125,-3.67871978851963
0.5638671875,-6.67871978851963
0.56390625,-9.67871978851963
0.5639453125,-12.6787197885196
0.563984375,-13.6787197885196
0.5640234375,-14.6787197885196
0.5640625,-15.6787197885196
0.5641015625,-15.6787197885196
0.564140625,-15.6787197885196
0.5641796875,-15.6787197885196
0.56421875,-13.6787197885196
0.5642578125,-9.67871978851963
0.564296875,-7.67871978851963
0.5643359375,-7.67871978851963
0.564375,-11.6787197885196
0.5644140625,-13.6787197885196
0.564453125,-16.6787197885196
0.5644921875,-20.6787197885196
0.56453125,-27.6787197885196
0.5645703125,-31.6787197885196
0.564609375,-29.6787197885196
0.5646484375,-23.6787197885196
0.5646875,-17.6787197885196
0.5647265625,-10.6787197885196
0.564765625,-4.67871978851963
0.5648046875,2.32128021148037
0.56484375,6.32128021148037
0.5648828125,10.3212802114804
0.564921875,17.3212802114804
0.5649609375,25.3212802114804
0.565,32.3212802114804
0.5650390625,35.3212802114804
0.565078125,32.3212802114804
0.5651171875,30.3212802114804
0.56515625,27.3212802114804
0.5651953125,26.3212802114804
0.565234375,24.3212802114804
0.5652734375,23.3212802114804
0.5653125,26.3212802114804
0.5653515625,29.3212802114804
0.565390625,31.3212802114804
0.5654296875,34.3212802114804
0.56546875,38.3212802114804
0.5655078125,44.3212802114804
0.565546875,49.3212802114804
0.5655859375,52.3212802114804
0.565625,49.3212802114804
0.5656640625,43.3212802114804
0.565703125,34.3212802114804
0.5657421875,18.3212802114804
0.56578125,3.32128021148037
0.5658203125,-15.6787197885196
0.565859375,-34.6787197885196
0.5658984375,-51.6787197885196
0.5659375,-67.6787197885196
0.5659765625,-79.6787197885196
0.566015625,-85.6787197885196
0.5660546875,-86.6787197885196
0.56609375,-85.6787197885196
0.5661328125,-77.6787197885196
0.566171875,-64.6787197885196
0.5662109375,-46.6787197885196
0.56625,-29.6787197885196
0.5662890625,-18.6787197885196
0.566328125,-11.6787197885196
0.5663671875,-7.67871978851963
0.56640625,-6.67871978851963
0.5664453125,-8.67871978851963
0.566484375,-7.67871978851963
0.5665234375,-4.67871978851963
0.5665625,0.321280211480371
0.5666015625,7.32128021148037
0.566640625,16.3212802114804
0.5666796875,24.3212802114804
0.56671875,31.3212802114804
0.5667578125,38.3212802114804
0.566796875,42.3212802114804
0.5668359375,40.3212802114804
0.566875,35.3212802114804
0.5669140625,32.3212802114804
0.566953125,27.3212802114804
0.5669921875,21.3212802114804
0.56703125,17.3212802114804
0.5670703125,14.3212802114804
0.567109375,11.3212802114804
0.5671484375,14.3212802114804
0.5671875,15.3212802114804
0.5672265625,14.3212802114804
0.567265625,14.3212802114804
0.5673046875,16.3212802114804
0.56734375,16.3212802114804
0.5673828125,12.3212802114804
0.567421875,9.32128021148037
0.5674609375,4.32128021148037
0.5675,2.32128021148037
0.5675390625,-3.67871978851963
0.567578125,-6.67871978851963
0.5676171875,-4.67871978851963
0.56765625,-3.67871978851963
0.5676953125,-4.67871978851963
0.567734375,-9.67871978851963
0.5677734375,-15.6787197885196
0.5678125,-19.6787197885196
0.5678515625,-20.6787197885196
0.567890625,-22.6787197885196
0.5679296875,-27.6787197885196
0.56796875,-28.6787197885196
0.5680078125,-26.6787197885196
0.568046875,-23.6787197885196
0.5680859375,-23.6787197885196
0.568125,-21.6787197885196
0.5681640625,-16.6787197885196
0.568203125,-5.67871978851963
0.5682421875,7.32128021148037
0.56828125,14.3212802114804
0.5683203125,18.3212802114804
0.568359375,20.3212802114804
0.5683984375,24.3212802114804
0.5684375,28.3212802114804
0.5684765625,30.3212802114804
0.568515625,30.3212802114804
0.5685546875,28.3212802114804
0.56859375,22.3212802114804
0.5686328125,18.3212802114804
0.568671875,16.3212802114804
0.5687109375,14.3212802114804
0.56875,9.32128021148037
0.5687890625,4.32128021148037
0.568828125,-1.67871978851963
0.5688671875,-10.6787197885196
0.56890625,-16.6787197885196
0.5689453125,-18.6787197885196
0.568984375,-19.6787197885196
0.5690234375,-23.6787197885196
0.5690625,-27.6787197885196
0.5691015625,-29.6787197885196
0.569140625,-30.6787197885196
0.5691796875,-26.6787197885196
0.56921875,-23.6787197885196
0.5692578125,-21.6787197885196
0.569296875,-20.6787197885196
0.5693359375,-21.6787197885196
0.569375,-21.6787197885196
0.5694140625,-19.6787197885196
0.569453125,-14.6787197885196
0.5694921875,-6.67871978851963
0.56953125,2.32128021148037
0.5695703125,9.32128021148037
0.569609375,15.3212802114804
0.5696484375,22.3212802114804
0.5696875,28.3212802114804
0.5697265625,32.3212802114804
0.569765625,32.3212802114804
0.5698046875,30.3212802114804
0.56984375,28.3212802114804
0.5698828125,24.3212802114804
0.569921875,17.3212802114804
0.5699609375,8.32128021148037
0.57,-4.67871978851963
0.5700390625,-11.6787197885196
0.570078125,-18.6787197885196
0.5701171875,-17.6787197885196
0.57015625,-15.6787197885196
0.5701953125,-11.6787197885196
0.570234375,-4.67871978851963
0.5702734375,3.32128021148037
0.5703125,9.32128021148037
0.5703515625,15.3212802114804
0.570390625,21.3212802114804
0.5704296875,27.3212802114804
0.57046875,30.3212802114804
0.5705078125,27.3212802114804
0.570546875,22.3212802114804
0.5705859375,15.3212802114804
0.570625,8.32128021148037
0.5706640625,-0.678719788519629
0.570703125,-6.67871978851963
0.5707421875,-9.67871978851963
0.57078125,-11.6787197885196
0.5708203125,-10.6787197885196
0.570859375,-10.6787197885196
0.5708984375,-9.67871978851963
0.5709375,-9.67871978851963
0.5709765625,-13.6787197885196
0.571015625,-17.6787197885196
0.5710546875,-18.6787197885196
0.57109375,-20.6787197885196
0.5711328125,-20.6787197885196
0.571171875,-19.6787197885196
0.5712109375,-21.6787197885196
0.57125,-24.6787197885196
0.5712890625,-26.6787197885196
0.571328125,-28.6787197885196
0.5713671875,-31.6787197885196
0.57140625,-30.6787197885196
0.5714453125,-25.6787197885196
0.571484375,-19.6787197885196
0.5715234375,-9.67871978851963
0.5715625,1.32128021148037
0.5716015625,15.3212802114804
0.571640625,28.3212802114804
0.5716796875,33.3212802114804
0.57171875,39.3212802114804
0.5717578125,43.3212802114804
0.571796875,46.3212802114804
0.5718359375,45.3212802114804
0.571875,43.3212802114804
0.5719140625,39.3212802114804
0.571953125,34.3212802114804
0.5719921875,25.3212802114804
0.57203125,17.3212802114804
0.5720703125,16.3212802114804
0.572109375,15.3212802114804
0.5721484375,11.3212802114804
0.5721875,5.32128021148037
0.5722265625,0.321280211480371
0.572265625,-5.67871978851963
0.5723046875,-7.67871978851963
0.57234375,-11.6787197885196
0.5723828125,-16.6787197885196
0.572421875,-19.6787197885196
0.5724609375,-17.6787197885196
0.5725,-15.6787197885196
0.5725390625,-14.6787197885196
0.572578125,-15.6787197885196
0.5726171875,-14.6787197885196
0.57265625,-13.6787197885196
0.5726953125,-9.67871978851963
0.572734375,-6.67871978851963
0.5727734375,-3.67871978851963
0.5728125,-1.67871978851963
0.5728515625,-0.678719788519629
0.572890625,2.32128021148037
0.5729296875,7.32128021148037
0.57296875,8.32128021148037
0.5730078125,7.32128021148037
0.573046875,5.32128021148037
0.5730859375,2.32128021148037
0.573125,-5.67871978851963
0.5731640625,-12.6787197885196
0.573203125,-16.6787197885196
0.5732421875,-19.6787197885196
0.57328125,-23.6787197885196
0.5733203125,-31.6787197885196
0.573359375,-37.6787197885196
0.5733984375,-35.6787197885196
0.5734375,-28.6787197885196
0.5734765625,-20.6787197885196
0.573515625,-14.6787197885196
0.5735546875,-10.6787197885196
0.57359375,-7.67871978851963
0.5736328125,-6.67871978851963
0.573671875,-2.67871978851963
0.5737109375,2.32128021148037
0.57375,7.32128021148037
0.5737890625,10.3212802114804
0.573828125,11.3212802114804
0.5738671875,11.3212802114804
0.57390625,9.32128021148037
0.5739453125,7.32128021148037
0.573984375,10.3212802114804
0.5740234375,13.3212802114804
0.5740625,17.3212802114804
0.5741015625,20.3212802114804
0.574140625,22.3212802114804
0.5741796875,24.3212802114804
0.57421875,25.3212802114804
0.5742578125,25.3212802114804
0.574296875,25.3212802114804
0.5743359375,23.3212802114804
0.574375,21.3212802114804
0.5744140625,17.3212802114804
0.574453125,12.3212802114804
0.5744921875,11.3212802114804
0.57453125,8.32128021148037
0.5745703125,7.32128021148037
0.574609375,8.32128021148037
0.5746484375,10.3212802114804
0.5746875,10.3212802114804
0.5747265625,10.3212802114804
0.574765625,12.3212802114804
0.5748046875,13.3212802114804
0.57484375,10.3212802114804
0.5748828125,4.32128021148037
0.574921875,-1.67871978851963
0.5749609375,-3.67871978851963
0.575,-6.67871978851963
0.5750390625,-11.6787197885196
0.575078125,-18.6787197885196
0.5751171875,-24.6787197885196
0.57515625,-32.6787197885196
0.5751953125,-39.6787197885196
0.575234375,-47.6787197885196
0.5752734375,-50.6787197885196
0.5753125,-50.6787197885196
0.5753515625,-49.6787197885196
0.575390625,-44.6787197885196
0.5754296875,-40.6787197885196
0.57546875,-32.6787197885196
0.5755078125,-19.6787197885196
0.575546875,-0.678719788519629
0.5755859375,0.321280211480371
0.575625,-8.67871978851963
0.5756640625,-3.67871978851963
0.575703125,20.3212802114804
0.5757421875,46.3212802114804
0.57578125,70.3212802114804
0.5758203125,94.3212802114804
0.575859375,102.32128021148
0.5758984375,76.3212802114804
0.5759375,33.3212802114804
0.5759765625,2.32128021148037
0.576015625,-14.6787197885196
0.5760546875,-19.6787197885196
0.57609375,-11.6787197885196
0.5761328125,7.32128021148037
0.576171875,27.3212802114804
0.5762109375,37.3212802114804
0.57625,29.3212802114804
0.5762890625,7.32128021148037
0.576328125,-19.6787197885196
0.5763671875,-42.6787197885196
0.57640625,-47.6787197885196
0.5764453125,-35.6787197885196
0.576484375,-10.6787197885196
0.5765234375,14.3212802114804
0.5765625,30.3212802114804
0.5766015625,27.3212802114804
0.576640625,10.3212802114804
0.5766796875,-11.6787197885196
0.57671875,-23.6787197885196
0.5767578125,-27.6787197885196
0.576796875,-27.6787197885196
0.5768359375,-29.6787197885196
0.576875,-35.6787197885196
0.5769140625,-39.6787197885196
0.576953125,-43.6787197885196
0.5769921875,-44.6787197885196
0.57703125,-45.6787197885196
0.5770703125,-44.6787197885196
0.577109375,-37.6787197885196
0.5771484375,-30.6787197885196
0.5771875,-26.6787197885196
0.5772265625,-22.6787197885196
0.577265625,-12.6787197885196
0.5773046875,-3.67871978851963
0.57734375,3.32128021148037
0.5773828125,8.32128021148037
0.577421875,14.3212802114804
0.5774609375,22.3212802114804
0.5775,26.3212802114804
0.5775390625,25.3212802114804
0.577578125,21.3212802114804
0.5776171875,17.3212802114804
0.57765625,16.3212802114804
0.5776953125,18.3212802114804
0.577734375,21.3212802114804
0.5777734375,26.3212802114804
0.5778125,28.3212802114804
0.5778515625,27.3212802114804
0.577890625,23.3212802114804
0.5779296875,21.3212802114804
0.57796875,23.3212802114804
0.5780078125,25.3212802114804
0.578046875,32.3212802114804
0.5780859375,37.3212802114804
0.578125,39.3212802114804
0.5781640625,38.3212802114804
0.578203125,38.3212802114804
0.5782421875,41.3212802114804
0.57828125,40.3212802114804
0.5783203125,39.3212802114804
0.578359375,36.3212802114804
0.5783984375,30.3212802114804
0.5784375,22.3212802114804
0.5784765625,11.3212802114804
0.578515625,2.32128021148037
0.5785546875,-8.67871978851963
0.57859375,-18.6787197885196
0.5786328125,-25.6787197885196
0.578671875,-32.6787197885196
0.5787109375,-39.6787197885196
0.57875,-46.6787197885196
0.5787890625,-52.6787197885196
0.578828125,-59.6787197885196
0.5788671875,-60.6787197885196
0.57890625,-56.6787197885196
0.5789453125,-43.6787197885196
0.578984375,-29.6787197885196
0.5790234375,-19.6787197885196
0.5790625,-16.6787197885196
0.5791015625,-16.6787197885196
0.579140625,-16.6787197885196
0.5791796875,-13.6787197885196
0.57921875,-10.6787197885196
0.5792578125,-5.67871978851963
0.579296875,-6.67871978851963
0.5793359375,-13.6787197885196
0.579375,-21.6787197885196
0.5794140625,-24.6787197885196
0.579453125,-21.6787197885196
0.5794921875,-13.6787197885196
0.57953125,-4.67871978851963
0.5795703125,4.32128021148037
0.579609375,16.3212802114804
0.5796484375,26.3212802114804
0.5796875,38.3212802114804
0.5797265625,49.3212802114804
0.579765625,55.3212802114804
0.5798046875,58.3212802114804
0.57984375,58.3212802114804
0.5798828125,54.3212802114804
0.579921875,49.3212802114804
0.5799609375,47.3212802114804
0.58,43.3212802114804
0.5800390625,38.3212802114804
0.580078125,33.3212802114804
0.5801171875,26.3212802114804
0.58015625,16.3212802114804
0.5801953125,7.32128021148037
0.580234375,1.32128021148037
0.5802734375,-3.67871978851963
0.5803125,-7.67871978851963
0.5803515625,-13.6787197885196
0.580390625,-23.6787197885196
0.5804296875,-34.6787197885196
0.58046875,-45.6787197885196
0.5805078125,-55.6787197885196
0.580546875,-59.6787197885196
0.5805859375,-65.6787197885196
0.580625,-72.6787197885196
0.5806640625,-77.6787197885196
0.580703125,-78.6787197885196
0.5807421875,-74.6787197885196
0.58078125,-63.6787197885196
0.5808203125,-49.6787197885196
0.580859375,-35.6787197885196
0.5808984375,-21.6787197885196
0.5809375,-9.67871978851963
0.5809765625,2.32128021148037
0.581015625,11.3212802114804
0.5810546875,19.3212802114804
0.58109375,23.3212802114804
0.5811328125,23.3212802114804
0.581171875,23.3212802114804
0.5812109375,21.3212802114804
0.58125,24.3212802114804
0.5812890625,28.3212802114804
0.581328125,32.3212802114804
0.5813671875,38.3212802114804
0.58140625,37.3212802114804
0.5814453125,34.3212802114804
0.581484375,29.3212802114804
0.5815234375,30.3212802114804
0.5815625,32.3212802114804
0.5816015625,30.3212802114804
0.581640625,24.3212802114804
0.5816796875,22.3212802114804
0.58171875,20.3212802114804
0.5817578125,19.3212802114804
0.581796875,19.3212802114804
0.5818359375,21.3212802114804
0.581875,20.3212802114804
0.5819140625,13.3212802114804
0.581953125,6.32128021148037
0.5819921875,-0.678719788519629
0.58203125,-5.67871978851963
0.5820703125,-7.67871978851963
0.582109375,-10.6787197885196
0.5821484375,-12.6787197885196
0.5821875,-10.6787197885196
0.5822265625,-9.67871978851963
0.582265625,-7.67871978851963
0.5823046875,-6.67871978851963
0.58234375,-6.67871978851963
0.5823828125,-10.6787197885196
0.582421875,-13.6787197885196
0.5824609375,-12.6787197885196
0.5825,-8.67871978851963
0.5825390625,-6.67871978851963
0.582578125,-8.67871978851963
0.5826171875,-9.67871978851963
0.58265625,-9.67871978851963
0.5826953125,-5.67871978851963
0.582734375,1.32128021148037
0.5827734375,7.32128021148037
0.5828125,12.3212802114804
0.5828515625,15.3212802114804
0.582890625,18.3212802114804
0.5829296875,21.3212802114804
0.58296875,21.3212802114804
0.5830078125,25.3212802114804
0.583046875,24.3212802114804
0.5830859375,19.3212802114804
0.583125,13.3212802114804
0.5831640625,7.32128021148037
0.583203125,2.32128021148037
0.5832421875,0.321280211480371
0.58328125,-2.67871978851963
0.5833203125,-10.6787197885196
0.583359375,-18.6787197885196
0.5833984375,-24.6787197885196
0.5834375,-28.6787197885196
0.5834765625,-31.6787197885196
0.583515625,-31.6787197885196
0.5835546875,-28.6787197885196
0.58359375,-24.6787197885196
0.5836328125,-22.6787197885196
0.583671875,-21.6787197885196
0.5837109375,-17.6787197885196
0.58375,-12.6787197885196
0.5837890625,-6.67871978851963
0.583828125,-5.67871978851963
0.5838671875,-4.67871978851963
0.58390625,-3.67871978851963
0.5839453125,-0.678719788519629
0.583984375,2.32128021148037
0.5840234375,0.321280211480371
0.5840625,-5.67871978851963
0.5841015625,-9.67871978851963
0.584140625,-12.6787197885196
0.5841796875,-12.6787197885196
0.58421875,-11.6787197885196
0.5842578125,-9.67871978851963
0.584296875,-5.67871978851963
0.5843359375,-0.678719788519629
0.584375,3.32128021148037
0.5844140625,5.32128021148037
0.584453125,12.3212802114804
0.5844921875,21.3212802114804
0.58453125,26.3212802114804
0.5845703125,27.3212802114804
0.584609375,22.3212802114804
0.5846484375,13.3212802114804
0.5846875,3.32128021148037
0.5847265625,-4.67871978851963
0.584765625,-9.67871978851963
0.5848046875,-12.6787197885196
0.58484375,-14.6787197885196
0.5848828125,-15.6787197885196
0.584921875,-16.6787197885196
0.5849609375,-14.6787197885196
0.585,-8.67871978851963
0.5850390625,0.321280211480371
0.585078125,9.32128021148037
0.5851171875,20.3212802114804
0.58515625,25.3212802114804
0.5851953125,28.3212802114804
0.585234375,26.3212802114804
0.5852734375,24.3212802114804
0.5853125,22.3212802114804
0.5853515625,15.3212802114804
0.585390625,9.32128021148037
0.5854296875,5.32128021148037
0.58546875,2.32128021148037
0.5855078125,3.32128021148037
0.585546875,6.32128021148037
0.5855859375,9.32128021148037
0.585625,12.3212802114804
0.5856640625,11.3212802114804
0.585703125,9.32128021148037
0.5857421875,6.32128021148037
0.58578125,1.32128021148037
0.5858203125,-5.67871978851963
0.585859375,-12.6787197885196
0.5858984375,-21.6787197885196
0.5859375,-28.6787197885196
0.5859765625,-31.6787197885196
0.586015625,-29.6787197885196
0.5860546875,-23.6787197885196
0.58609375,-17.6787197885196
0.5861328125,-11.6787197885196
0.586171875,-7.67871978851963
0.5862109375,-3.67871978851963
0.58625,-2.67871978851963
0.5862890625,-1.67871978851963
0.586328125,2.32128021148037
0.5863671875,7.32128021148037
0.58640625,11.3212802114804
0.5864453125,15.3212802114804
0.586484375,21.3212802114804
0.5865234375,30.3212802114804
0.5865625,38.3212802114804
0.5866015625,41.3212802114804
0.586640625,38.3212802114804
0.5866796875,29.3212802114804
0.58671875,21.3212802114804
0.5867578125,13.3212802114804
0.586796875,3.32128021148037
0.5868359375,-8.67871978851963
0.586875,-17.6787197885196
0.5869140625,-26.6787197885196
0.586953125,-29.6787197885196
0.5869921875,-30.6787197885196
0.58703125,-25.6787197885196
0.5870703125,-17.6787197885196
0.587109375,-9.67871978851963
0.5871484375,-5.67871978851963
0.5871875,-5.67871978851963
0.5872265625,-7.67871978851963
0.587265625,-10.6787197885196
0.5873046875,-14.6787197885196
0.58734375,-15.6787197885196
0.5873828125,-11.6787197885196
0.587421875,-8.67871978851963
0.5874609375,-3.67871978851963
0.5875,4.32128021148037
0.5875390625,12.3212802114804
0.587578125,20.3212802114804
0.5876171875,23.3212802114804
0.58765625,23.3212802114804
0.5876953125,22.3212802114804
0.587734375,18.3212802114804
0.5877734375,15.3212802114804
0.5878125,10.3212802114804
0.5878515625,4.32128021148037
0.587890625,-2.67871978851963
0.5879296875,-10.6787197885196
0.58796875,-19.6787197885196
0.5880078125,-24.6787197885196
0.588046875,-25.6787197885196
0.5880859375,-28.6787197885196
0.588125,-34.6787197885196
0.5881640625,-38.6787197885196
0.588203125,-40.6787197885196
0.5882421875,-44.6787197885196
0.58828125,-47.6787197885196
0.5883203125,-44.6787197885196
0.588359375,-34.6787197885196
0.5883984375,-22.6787197885196
0.5884375,-10.6787197885196
0.5884765625,3.32128021148037
0.588515625,13.3212802114804
0.5885546875,23.3212802114804
0.58859375,31.3212802114804
0.5886328125,38.3212802114804
0.588671875,43.3212802114804
0.5887109375,47.3212802114804
0.58875,51.3212802114804
0.5887890625,56.3212802114804
0.588828125,58.3212802114804
0.5888671875,57.3212802114804
0.58890625,56.3212802114804
0.5889453125,55.3212802114804
0.588984375,55.3212802114804
0.5890234375,52.3212802114804
0.5890625,45.3212802114804
0.5891015625,34.3212802114804
0.589140625,21.3212802114804
0.5891796875,8.32128021148037
0.58921875,-1.67871978851963
0.5892578125,-10.6787197885196
0.589296875,-19.6787197885196
0.5893359375,-29.6787197885196
0.589375,-39.6787197885196
0.5894140625,-45.6787197885196
0.589453125,-48.6787197885196
0.5894921875,-52.6787197885196
0.58953125,-57.6787197885196
0.5895703125,-63.6787197885196
0.589609375,-67.6787197885196
0.5896484375,-68.6787197885196
0.5896875,-66.6787197885196
0.5897265625,-59.6787197885196
0.589765625,-52.6787197885196
0.5898046875,-44.6787197885196
0.58984375,-37.6787197885196
0.5898828125,-31.6787197885196
0.589921875,-25.6787197885196
0.5899609375,-20.6787197885196
0.59,-13.6787197885196
0.5900390625,-7.67871978851963
0.590078125,-0.678719788519629
0.5901171875,11.3212802114804
0.59015625,22.3212802114804
0.5901953125,34.3212802114804
0.590234375,47.3212802114804
0.5902734375,63.3212802114804
0.5903125,77.3212802114804
0.5903515625,86.3212802114804
0.590390625,92.3212802114804
0.5904296875,96.3212802114804
0.59046875,95.3212802114804
0.5905078125,87.3212802114804
0.590546875,75.3212802114804
0.5905859375,61.3212802114804
0.590625,48.3212802114804
0.5906640625,32.3212802114804
0.590703125,18.3212802114804
0.5907421875,3.32128021148037
0.59078125,-11.6787197885196
0.5908203125,-22.6787197885196
0.590859375,-31.6787197885196
0.5908984375,-43.6787197885196
0.5909375,-54.6787197885196
0.5909765625,-61.6787197885196
0.591015625,-67.6787197885196
0.5910546875,-71.6787197885196
0.59109375,-77.6787197885196
0.5911328125,-81.6787197885196
0.591171875,-83.6787197885196
0.5912109375,-80.6787197885196
0.59125,-70.6787197885196
0.5912890625,-57.6787197885196
0.591328125,-42.6787197885196
0.5913671875,-28.6787197885196
0.59140625,-15.6787197885196
0.5914453125,-1.67871978851963
0.591484375,9.32128021148037
0.5915234375,17.3212802114804
0.5915625,23.3212802114804
0.5916015625,31.3212802114804
0.591640625,41.3212802114804
0.5916796875,49.3212802114804
0.59171875,55.3212802114804
0.5917578125,59.3212802114804
0.591796875,61.3212802114804
0.5918359375,59.3212802114804
0.591875,60.3212802114804
0.5919140625,62.3212802114804
0.591953125,62.3212802114804
0.5919921875,56.3212802114804
0.59203125,47.3212802114804
0.5920703125,36.3212802114804
0.592109375,23.3212802114804
0.5921484375,10.3212802114804
0.5921875,-2.67871978851963
0.5922265625,-13.6787197885196
0.592265625,-23.6787197885196
0.5923046875,-32.6787197885196
0.59234375,-37.6787197885196
0.5923828125,-40.6787197885196
0.592421875,-41.6787197885196
0.5924609375,-40.6787197885196
0.5925,-40.6787197885196
0.5925390625,-39.6787197885196
0.592578125,-37.6787197885196
0.5926171875,-35.6787197885196
0.59265625,-32.6787197885196
0.5926953125,-30.6787197885196
0.592734375,-27.6787197885196
0.5927734375,-21.6787197885196
0.5928125,-19.6787197885196
0.5928515625,-17.6787197885196
0.592890625,-12.6787197885196
0.5929296875,-5.67871978851963
0.59296875,0.321280211480371
0.5930078125,5.32128021148037
0.593046875,10.3212802114804
0.5930859375,14.3212802114804
0.593125,15.3212802114804
0.5931640625,16.3212802114804
0.593203125,17.3212802114804
0.5932421875,15.3212802114804
0.59328125,14.3212802114804
0.5933203125,12.3212802114804
0.593359375,9.32128021148037
0.5933984375,6.32128021148037
0.5934375,3.32128021148037
0.5934765625,-0.678719788519629
0.593515625,-4.67871978851963
0.5935546875,-7.67871978851963
0.59359375,-4.67871978851963
0.5936328125,1.32128021148037
0.593671875,7.32128021148037
0.5937109375,15.3212802114804
0.59375,21.3212802114804
0.5937890625,26.3212802114804
0.593828125,26.3212802114804
0.5938671875,28.3212802114804
0.59390625,32.3212802114804
0.5939453125,31.3212802114804
0.593984375,25.3212802114804
0.5940234375,17.3212802114804
0.5940625,6.32128021148037
0.5941015625,-4.67871978851963
0.594140625,-12.6787197885196
0.5941796875,-17.6787197885196
0.59421875,-19.6787197885196
0.5942578125,-22.6787197885196
0.594296875,-26.6787197885196
0.5943359375,-23.6787197885196
0.594375,-16.6787197885196
0.5944140625,-8.67871978851963
0.594453125,-2.67871978851963
0.5944921875,1.32128021148037
0.59453125,5.32128021148037
0.5945703125,7.32128021148037
0.594609375,10.3212802114804
0.5946484375,13.3212802114804
0.5946875,13.3212802114804
0.5947265625,10.3212802114804
0.594765625,4.32128021148037
0.5948046875,0.321280211480371
0.59484375,-2.67871978851963
0.5948828125,-6.67871978851963
0.594921875,-12.6787197885196
0.5949609375,-16.6787197885196
0.595,-22.6787197885196
0.5950390625,-25.6787197885196
0.595078125,-32.6787197885196
0.5951171875,-39.6787197885196
0.59515625,-41.6787197885196
0.5951953125,-38.6787197885196
0.595234375,-33.6787197885196
0.5952734375,-26.6787197885196
0.5953125,-21.6787197885196
0.5953515625,-17.6787197885196
0.595390625,-14.6787197885196
0.5954296875,-6.67871978851963
0.59546875,0.321280211480371
0.5955078125,10.3212802114804
0.595546875,22.3212802114804
0.5955859375,32.3212802114804
0.595625,43.3212802114804
0.5956640625,50.3212802114804
0.595703125,56.3212802114804
0.5957421875,59.3212802114804
0.59578125,59.3212802114804
0.5958203125,58.3212802114804
0.595859375,54.3212802114804
0.5958984375,47.3212802114804
0.5959375,35.3212802114804
0.5959765625,24.3212802114804
0.596015625,14.3212802114804
0.5960546875,2.32128021148037
0.59609375,-11.6787197885196
0.5961328125,-24.6787197885196
0.596171875,-35.6787197885196
0.5962109375,-43.6787197885196
0.59625,-46.6787197885196
0.5962890625,-46.6787197885196
0.596328125,-44.6787197885196
0.5963671875,-38.6787197885196
0.59640625,-36.6787197885196
0.5964453125,-34.6787197885196
0.596484375,-31.6787197885196
0.5965234375,-28.6787197885196
0.5965625,-24.6787197885196
0.5966015625,-21.6787197885196
0.596640625,-19.6787197885196
0.5966796875,-18.6787197885196
0.59671875,-15.6787197885196
0.5967578125,-11.6787197885196
0.596796875,-4.67871978851963
0.5968359375,5.32128021148037
0.596875,14.3212802114804
0.5969140625,22.3212802114804
0.596953125,28.3212802114804
0.5969921875,30.3212802114804
0.59703125,33.3212802114804
0.5970703125,36.3212802114804
0.597109375,39.3212802114804
0.5971484375,42.3212802114804
0.5971875,43.3212802114804
0.5972265625,42.3212802114804
0.597265625,35.3212802114804
0.5973046875,29.3212802114804
0.59734375,23.3212802114804
0.5973828125,17.3212802114804
0.597421875,11.3212802114804
0.5974609375,4.32128021148037
0.5975,-1.67871978851963
0.5975390625,-7.67871978851963
0.597578125,-10.6787197885196
0.5976171875,-8.67871978851963
0.59765625,-8.67871978851963
0.5976953125,-8.67871978851963
0.597734375,-8.67871978851963
0.5977734375,-9.67871978851963
0.5978125,-7.67871978851963
0.5978515625,-6.67871978851963
0.597890625,-6.67871978851963
0.5979296875,-7.67871978851963
0.59796875,-8.67871978851963
0.5980078125,-8.67871978851963
0.598046875,-8.67871978851963
0.5980859375,-11.6787197885196
0.598125,-13.6787197885196
0.5981640625,-12.6787197885196
0.598203125,-16.6787197885196
0.5982421875,-21.6787197885196
0.59828125,-26.6787197885196
0.5983203125,-32.6787197885196
0.598359375,-34.6787197885196
0.5983984375,-32.6787197885196
0.5984375,-28.6787197885196
0.5984765625,-23.6787197885196
0.598515625,-16.6787197885196
0.5985546875,-8.67871978851963
0.59859375,-3.67871978851963
0.5986328125,3.32128021148037
0.598671875,8.32128021148037
0.5987109375,13.3212802114804
0.59875,17.3212802114804
0.5987890625,22.3212802114804
0.598828125,30.3212802114804
0.5988671875,33.3212802114804
0.59890625,30.3212802114804
0.5989453125,25.3212802114804
0.598984375,19.3212802114804
0.5990234375,15.3212802114804
0.5990625,13.3212802114804
0.5991015625,16.3212802114804
0.599140625,18.3212802114804
0.5991796875,18.3212802114804
0.59921875,16.3212802114804
0.5992578125,11.3212802114804
0.599296875,4.32128021148037
0.5993359375,-2.67871978851963
0.599375,-11.6787197885196
0.5994140625,-18.6787197885196
0.599453125,-23.6787197885196
0.5994921875,-28.6787197885196
0.59953125,-38.6787197885196
0.5995703125,-35.6787197885196
0.599609375,-19.6787197885196
0.5996484375,-3.67871978851963
0.5996875,8.32128021148037
0.5997265625,21.3212802114804
0.599765625,29.3212802114804
0.5998046875,25.3212802114804
0.59984375,13.3212802114804
0.5998828125,1.32128021148037
0.599921875,-9.67871978851963
0.5999609375,-15.6787197885196
0.6,-17.6787197885196
0.6000390625,-12.6787197885196
0.600078125,0.321280211480371
0.6001171875,14.3212802114804
0.60015625,21.3212802114804
0.6001953125,19.3212802114804
0.600234375,16.3212802114804
0.6002734375,11.3212802114804
0.6003125,7.32128021148037
0.6003515625,7.32128021148037
0.600390625,10.3212802114804
0.6004296875,16.3212802114804
0.60046875,19.3212802114804
0.6005078125,18.3212802114804
0.600546875,10.3212802114804
0.6005859375,-0.678719788519629
0.600625,-13.6787197885196
0.6006640625,-27.6787197885196
0.600703125,-36.6787197885196
0.6007421875,-40.6787197885196
0.60078125,-42.6787197885196
0.6008203125,-41.6787197885196
0.600859375,-44.6787197885196
0.6008984375,-50.6787197885196
0.6009375,-53.6787197885196
0.6009765625,-54.6787197885196
0.601015625,-54.6787197885196
0.6010546875,-48.6787197885196
0.60109375,-38.6787197885196
0.6011328125,-25.6787197885196
0.601171875,-6.67871978851963
0.6012109375,16.3212802114804
0.60125,35.3212802114804
0.6012890625,48.3212802114804
0.601328125,53.3212802114804
0.6013671875,56.3212802114804
0.60140625,56.3212802114804
0.6014453125,52.3212802114804
0.601484375,40.3212802114804
0.6015234375,24.3212802114804
0.6015625,7.32128021148037
0.6016015625,-8.67871978851963
0.601640625,-18.6787197885196
0.6016796875,-23.6787197885196
0.60171875,-23.6787197885196
0.6017578125,-21.6787197885196
0.601796875,-14.6787197885196
0.6018359375,-5.67871978851963
0.601875,7.32128021148037
0.6019140625,19.3212802114804
0.601953125,29.3212802114804
0.6019921875,38.3212802114804
0.60203125,43.3212802114804
0.6020703125,44.3212802114804
0.602109375,45.3212802114804
0.6021484375,47.3212802114804
0.6021875,48.3212802114804
0.6022265625,46.3212802114804
0.602265625,39.3212802114804
0.6023046875,32.3212802114804
0.60234375,22.3212802114804
0.6023828125,19.3212802114804
0.602421875,13.3212802114804
0.6024609375,6.32128021148037
0.6025,-1.67871978851963
0.6025390625,-11.6787197885196
0.602578125,-21.6787197885196
0.6026171875,-33.6787197885196
0.60265625,-43.6787197885196
0.6026953125,-50.6787197885196
0.602734375,-59.6787197885196
0.6027734375,-63.6787197885196
0.6028125,-64.6787197885196
0.6028515625,-60.6787197885196
0.602890625,-50.6787197885196
0.6029296875,-38.6787197885196
0.60296875,-26.6787197885196
0.6030078125,-15.6787197885196
0.603046875,-5.67871978851963
0.6030859375,5.32128021148037
0.603125,16.3212802114804
0.6031640625,28.3212802114804
0.603203125,34.3212802114804
0.6032421875,36.3212802114804
0.60328125,35.3212802114804
0.6033203125,31.3212802114804
0.603359375,29.3212802114804
0.6033984375,28.3212802114804
0.6034375,30.3212802114804
0.6034765625,31.3212802114804
0.603515625,31.3212802114804
0.6035546875,27.3212802114804
0.60359375,19.3212802114804
0.6036328125,14.3212802114804
0.603671875,13.3212802114804
0.6037109375,15.3212802114804
0.60375,12.3212802114804
0.6037890625,9.32128021148037
0.603828125,4.32128021148037
0.6038671875,-3.67871978851963
0.60390625,-14.6787197885196
0.6039453125,-20.6787197885196
0.603984375,-21.6787197885196
0.6040234375,-18.6787197885196
0.6040625,-20.6787197885196
0.6041015625,-24.6787197885196
0.604140625,-30.6787197885196
0.6041796875,-34.6787197885196
0.60421875,-34.6787197885196
0.6042578125,-31.6787197885196
0.604296875,-30.6787197885196
0.6043359375,-27.6787197885196
0.604375,-22.6787197885196
0.6044140625,-16.6787197885196
0.604453125,-7.67871978851963
0.6044921875,2.32128021148037
0.60453125,10.3212802114804
0.6045703125,12.3212802114804
0.604609375,6.32128021148037
0.6046484375,0.321280211480371
0.6046875,-4.67871978851963
0.6047265625,-9.67871978851963
0.604765625,-11.6787197885196
0.6048046875,-13.6787197885196
0.60484375,-21.6787197885196
0.6048828125,-29.6787197885196
0.604921875,-33.6787197885196
0.6049609375,-30.6787197885196
0.605,-19.6787197885196
0.6050390625,-7.67871978851963
0.605078125,-1.67871978851963
0.6051171875,1.32128021148037
0.60515625,6.32128021148037
0.6051953125,8.32128021148037
0.605234375,9.32128021148037
0.6052734375,14.3212802114804
0.6053125,15.3212802114804
0.6053515625,6.32128021148037
0.605390625,-1.67871978851963
0.6054296875,-6.67871978851963
0.60546875,-8.67871978851963
0.6055078125,-2.67871978851963
0.605546875,4.32128021148037
0.6055859375,12.3212802114804
0.605625,19.3212802114804
0.6056640625,24.3212802114804
0.605703125,29.3212802114804
0.6057421875,33.3212802114804
0.60578125,35.3212802114804
0.6058203125,35.3212802114804
0.605859375,28.3212802114804
0.6058984375,24.3212802114804
0.6059375,28.3212802114804
0.6059765625,38.3212802114804
0.606015625,49.3212802114804
0.6060546875,57.3212802114804
0.60609375,61.3212802114804
0.6061328125,61.3212802114804
0.606171875,59.3212802114804
0.6062109375,55.3212802114804
0.60625,49.3212802114804
0.6062890625,39.3212802114804
0.606328125,23.3212802114804
0.6063671875,4.32128021148037
0.60640625,-16.6787197885196
0.6064453125,-35.6787197885196
0.606484375,-49.6787197885196
0.6065234375,-60.6787197885196
0.6065625,-66.6787197885196
0.6066015625,-70.6787197885196
0.606640625,-72.6787197885196
0.6066796875,-70.6787197885196
0.60671875,-66.6787197885196
0.6067578125,-61.6787197885196
0.606796875,-57.6787197885196
0.6068359375,-56.6787197885196
0.606875,-58.6787197885196
0.6069140625,-56.6787197885196
0.606953125,-52.6787197885196
0.6069921875,-46.6787197885196
0.60703125,-39.6787197885196
0.6070703125,-29.6787197885196
0.607109375,-19.6787197885196
0.6071484375,-10.6787197885196
0.6071875,-3.67871978851963
0.6072265625,5.32128021148037
0.607265625,14.3212802114804
0.6073046875,22.3212802114804
0.60734375,28.3212802114804
0.6073828125,35.3212802114804
0.607421875,44.3212802114804
0.6074609375,48.3212802114804
0.6075,50.3212802114804
0.6075390625,52.3212802114804
0.607578125,58.3212802114804
0.6076171875,65.3212802114804
0.60765625,70.3212802114804
0.6076953125,70.3212802114804
0.607734375,64.3212802114804
0.6077734375,54.3212802114804
0.6078125,40.3212802114804
0.6078515625,28.3212802114804
0.607890625,18.3212802114804
0.6079296875,5.32128021148037
0.60796875,-8.67871978851963
0.6080078125,-22.6787197885196
0.608046875,-37.6787197885196
0.6080859375,-51.6787197885196
0.608125,-63.6787197885196
0.6081640625,-72.6787197885196
0.608203125,-75.6787197885196
0.6082421875,-74.6787197885196
0.60828125,-67.6787197885196
0.6083203125,-55.6787197885196
0.608359375,-43.6787197885196
0.6083984375,-30.6787197885196
0.6084375,-18.6787197885196
0.6084765625,-7.67871978851963
0.608515625,1.32128021148037
0.6085546875,11.3212802114804
0.60859375,19.3212802114804
0.6086328125,24.3212802114804
0.608671875,26.3212802114804
0.6087109375,25.3212802114804
0.60875,22.3212802114804
0.6087890625,16.3212802114804
0.608828125,11.3212802114804
0.6088671875,10.3212802114804
0.60890625,15.3212802114804
0.6089453125,19.3212802114804
0.608984375,23.3212802114804
0.6090234375,29.3212802114804
0.6090625,33.3212802114804
0.6091015625,35.3212802114804
0.609140625,39.3212802114804
0.6091796875,44.3212802114804
0.60921875,48.3212802114804
0.6092578125,51.3212802114804
0.609296875,51.3212802114804
0.6093359375,45.3212802114804
0.609375,37.3212802114804
0.6094140625,27.3212802114804
0.609453125,16.3212802114804
0.6094921875,6.32128021148037
0.60953125,-3.67871978851963
0.6095703125,-13.6787197885196
0.609609375,-23.6787197885196
0.6096484375,-30.6787197885196
0.6096875,-35.6787197885196
0.6097265625,-36.6787197885196
0.609765625,-37.6787197885196
0.6098046875,-37.6787197885196
0.60984375,-34.6787197885196
0.6098828125,-30.6787197885196
0.609921875,-25.6787197885196
0.6099609375,-22.6787197885196
0.61,-21.6787197885196
0.6100390625,-22.6787197885196
0.610078125,-24.6787197885196
0.6101171875,-30.6787197885196
0.61015625,-33.6787197885196
0.6101953125,-34.6787197885196
0.610234375,-30.6787197885196
0.6102734375,-24.6787197885196
0.6103125,-17.6787197885196
0.6103515625,-7.67871978851963
0.610390625,3.32128021148037
0.6104296875,14.3212802114804
0.61046875,23.3212802114804
0.6105078125,28.3212802114804
0.610546875,30.3212802114804
0.6105859375,27.3212802114804
0.610625,21.3212802114804
0.6106640625,13.3212802114804
0.610703125,7.32128021148037
0.6107421875,-0.678719788519629
0.61078125,-6.67871978851963
0.6108203125,-12.6787197885196
0.610859375,-14.6787197885196
0.6108984375,-15.6787197885196
0.6109375,-16.6787197885196
0.6109765625,-14.6787197885196
0.611015625,-13.6787197885196
0.6110546875,-16.6787197885196
0.61109375,-19.6787197885196
0.6111328125,-18.6787197885196
0.611171875,-13.6787197885196
0.6112109375,-8.67871978851963
0.61125,-3.67871978851963
0.6112890625,5.32128021148037
0.611328125,14.3212802114804
0.6113671875,20.3212802114804
0.61140625,23.3212802114804
0.6114453125,26.3212802114804
0.611484375,28.3212802114804
0.6115234375,29.3212802114804
0.6115625,29.3212802114804
0.6116015625,27.3212802114804
0.611640625,25.3212802114804
0.6116796875,22.3212802114804
0.61171875,20.3212802114804
0.6117578125,19.3212802114804
0.611796875,19.3212802114804
0.6118359375,18.3212802114804
0.611875,19.3212802114804
0.6119140625,19.3212802114804
0.611953125,15.3212802114804
0.6119921875,5.32128021148037
0.61203125,-6.67871978851963
0.6120703125,-14.6787197885196
0.612109375,-19.6787197885196
0.6121484375,-21.6787197885196
0.6121875,-20.6787197885196
0.6122265625,-22.6787197885196
0.612265625,-23.6787197885196
0.6123046875,-24.6787197885196
0.61234375,-25.6787197885196
0.6123828125,-26.6787197885196
0.612421875,-26.6787197885196
0.6124609375,-24.6787197885196
0.6125,-23.6787197885196
0.6125390625,-24.6787197885196
0.612578125,-21.6787197885196
0.6126171875,-15.6787197885196
0.61265625,-7.67871978851963
0.6126953125,-2.67871978851963
0.612734375,1.32128021148037
0.6127734375,6.32128021148037
0.6128125,10.3212802114804
0.6128515625,16.3212802114804
0.612890625,22.3212802114804
0.6129296875,26.3212802114804
0.61296875,25.3212802114804
0.6130078125,25.3212802114804
0.613046875,25.3212802114804
0.6130859375,26.3212802114804
0.613125,29.3212802114804
0.6131640625,32.3212802114804
0.613203125,36.3212802114804
0.6132421875,38.3212802114804
0.61328125,35.3212802114804
0.6133203125,32.3212802114804
0.613359375,28.3212802114804
0.6133984375,22.3212802114804
0.6134375,17.3212802114804
0.6134765625,13.3212802114804
0.613515625,7.32128021148037
0.6135546875,0.321280211480371
0.61359375,-5.67871978851963
0.6136328125,-11.6787197885196
0.613671875,-16.6787197885196
0.6137109375,-23.6787197885196
0.61375,-28.6787197885196
0.6137890625,-27.6787197885196
0.613828125,-27.6787197885196
0.6138671875,-30.6787197885196
0.61390625,-36.6787197885196
0.6139453125,-42.6787197885196
0.613984375,-47.6787197885196
0.6140234375,-52.6787197885196
0.6140625,-55.6787197885196
0.6141015625,-54.6787197885196
0.614140625,-52.6787197885196
0.6141796875,-48.6787197885196
0.61421875,-41.6787197885196
0.6142578125,-36.6787197885196
0.614296875,-28.6787197885196
0.6143359375,-18.6787197885196
0.614375,-8.67871978851963
0.6144140625,3.32128021148037
0.614453125,15.3212802114804
0.6144921875,22.3212802114804
0.61453125,29.3212802114804
0.6145703125,35.3212802114804
0.614609375,36.3212802114804
0.6146484375,34.3212802114804
0.6146875,32.3212802114804
0.6147265625,29.3212802114804
0.614765625,27.3212802114804
0.6148046875,24.3212802114804
0.61484375,21.3212802114804
0.6148828125,19.3212802114804
0.614921875,14.3212802114804
0.6149609375,9.32128021148037
0.615,2.32128021148037
0.6150390625,-2.67871978851963
0.615078125,-3.67871978851963
0.6151171875,-0.678719788519629
0.61515625,3.32128021148037
0.6151953125,7.32128021148037
0.615234375,9.32128021148037
0.6152734375,13.3212802114804
0.6153125,18.3212802114804
0.6153515625,21.3212802114804
0.615390625,27.3212802114804
0.6154296875,29.3212802114804
0.61546875,29.3212802114804
0.6155078125,27.3212802114804
0.615546875,21.3212802114804
0.6155859375,16.3212802114804
0.615625,8.32128021148037
0.6156640625,3.32128021148037
0.615703125,-0.678719788519629
0.6157421875,-5.67871978851963
0.61578125,-12.6787197885196
0.6158203125,-18.6787197885196
0.615859375,-24.6787197885196
0.6158984375,-27.6787197885196
0.6159375,-31.6787197885196
0.6159765625,-34.6787197885196
0.616015625,-33.6787197885196
0.6160546875,-30.6787197885196
0.61609375,-22.6787197885196
0.6161328125,-14.6787197885196
0.616171875,-7.67871978851963
0.6162109375,-5.67871978851963
0.61625,-6.67871978851963
0.6162890625,-12.6787197885196
0.616328125,-15.6787197885196
0.6163671875,-14.6787197885196
0.61640625,-11.6787197885196
0.6164453125,-2.67871978851963
0.616484375,5.32128021148037
0.6165234375,15.3212802114804
0.6165625,22.3212802114804
0.6166015625,27.3212802114804
0.616640625,32.3212802114804
0.6166796875,36.3212802114804
0.61671875,36.3212802114804
0.6167578125,31.3212802114804
0.616796875,21.3212802114804
0.6168359375,8.32128021148037
0.616875,2.32128021148037
0.6169140625,-1.67871978851963
0.616953125,-1.67871978851963
0.6169921875,0.321280211480371
0.61703125,2.32128021148037
0.6170703125,6.32128021148037
0.617109375,12.3212802114804
0.6171484375,21.3212802114804
0.6171875,25.3212802114804
0.6172265625,20.3212802114804
0.617265625,11.3212802114804
0.6173046875,1.32128021148037
0.61734375,-4.67871978851963
0.6173828125,-9.67871978851963
0.617421875,-18.6787197885196
0.6174609375,-25.6787197885196
0.6175,-30.6787197885196
0.6175390625,-37.6787197885196
0.617578125,-44.6787197885196
0.6176171875,-47.6787197885196
0.61765625,-42.6787197885196
0.6176953125,-32.6787197885196
0.617734375,-21.6787197885196
0.6177734375,-13.6787197885196
0.6178125,-9.67871978851963
0.6178515625,-5.67871978851963
0.617890625,-1.67871978851963
0.6179296875,3.32128021148037
0.61796875,3.32128021148037
0.6180078125,0.321280211480371
0.618046875,-1.67871978851963
0.6180859375,0.321280211480371
0.618125,5.32128021148037
0.6181640625,8.32128021148037
0.618203125,6.32128021148037
0.6182421875,5.32128021148037
0.61828125,5.32128021148037
0.6183203125,6.32128021148037
0.618359375,7.32128021148037
0.6183984375,9.32128021148037
0.6184375,11.3212802114804
0.6184765625,10.3212802114804
0.618515625,7.32128021148037
0.6185546875,6.32128021148037
0.61859375,7.32128021148037
0.6186328125,7.32128021148037
0.618671875,7.32128021148037
0.6187109375,7.32128021148037
0.61875,4.32128021148037
0.6187890625,-3.67871978851963
0.618828125,-13.6787197885196
0.6188671875,-19.6787197885196
0.61890625,-25.6787197885196
0.6189453125,-24.6787197885196
0.618984375,-20.6787197885196
0.6190234375,-13.6787197885196
0.6190625,-2.67871978851963
0.6191015625,7.32128021148037
0.619140625,19.3212802114804
0.6191796875,28.3212802114804
0.61921875,36.3212802114804
0.6192578125,41.3212802114804
0.619296875,45.3212802114804
0.6193359375,46.3212802114804
0.619375,44.3212802114804
0.6194140625,41.3212802114804
0.619453125,35.3212802114804
0.6194921875,26.3212802114804
0.61953125,17.3212802114804
0.6195703125,11.3212802114804
0.619609375,8.32128021148037
0.6196484375,7.32128021148037
0.6196875,6.32128021148037
0.6197265625,7.32128021148037
0.619765625,6.32128021148037
0.6198046875,3.32128021148037
0.61984375,-1.67871978851963
0.6198828125,-6.67871978851963
0.619921875,-12.6787197885196
0.6199609375,-17.6787197885196
0.62,-25.6787197885196
0.6200390625,-31.6787197885196
0.620078125,-38.6787197885196
0.6201171875,-47.6787197885196
0.62015625,-53.6787197885196
0.6201953125,-56.6787197885196
0.620234375,-55.6787197885196
0.6202734375,-52.6787197885196
0.6203125,-47.6787197885196
0.6203515625,-40.6787197885196
0.620390625,-29.6787197885196
0.6204296875,-19.6787197885196
0.62046875,-14.6787197885196
0.6205078125,-14.6787197885196
0.620546875,-14.6787197885196
0.6205859375,-8.67871978851963
0.620625,-1.67871978851963
0.6206640625,7.32128021148037
0.620703125,13.3212802114804
0.6207421875,19.3212802114804
0.62078125,22.3212802114804
0.6208203125,28.3212802114804
0.620859375,35.3212802114804
0.6208984375,43.3212802114804
0.6209375,47.3212802114804
0.6209765625,48.3212802114804
0.621015625,47.3212802114804
0.6210546875,44.3212802114804
0.62109375,41.3212802114804
0.6211328125,35.3212802114804
0.621171875,26.3212802114804
0.6212109375,17.3212802114804
0.62125,10.3212802114804
0.6212890625,5.32128021148037
0.621328125,0.321280211480371
0.6213671875,-1.67871978851963
0.62140625,-0.678719788519629
0.6214453125,-4.67871978851963
0.621484375,-9.67871978851963
0.6215234375,-16.6787197885196
0.6215625,-22.6787197885196
0.6216015625,-28.6787197885196
0.621640625,-33.6787197885196
0.6216796875,-38.6787197885196
0.62171875,-43.6787197885196
0.6217578125,-44.6787197885196
0.621796875,-43.6787197885196
0.6218359375,-40.6787197885196
0.621875,-33.6787197885196
0.6219140625,-24.6787197885196
0.621953125,-13.6787197885196
0.6219921875,-3.67871978851963
0.62203125,5.32128021148037
0.6220703125,12.3212802114804
0.622109375,15.3212802114804
0.6221484375,16.3212802114804
0.6221875,17.3212802114804
0.6222265625,18.3212802114804
0.622265625,19.3212802114804
0.6223046875,19.3212802114804
0.62234375,18.3212802114804
0.6223828125,19.3212802114804
0.622421875,18.3212802114804
0.6224609375,12.3212802114804
0.6225,11.3212802114804
0.6225390625,13.3212802114804
0.622578125,15.3212802114804
0.6226171875,18.3212802114804
0.62265625,18.3212802114804
0.6226953125,21.3212802114804
0.622734375,24.3212802114804
0.6227734375,26.3212802114804
0.6228125,26.3212802114804
0.6228515625,27.3212802114804
0.622890625,26.3212802114804
0.6229296875,24.3212802114804
0.62296875,15.3212802114804
0.6230078125,-2.67871978851963
0.623046875,-15.6787197885196
0.6230859375,-11.6787197885196
0.623125,-4.67871978851963
0.6231640625,0.321280211480371
0.623203125,9.32128021148037
0.6232421875,8.32128021148037
0.62328125,-11.6787197885196
0.6233203125,-35.6787197885196
0.623359375,-50.6787197885196
0.6233984375,-59.6787197885196
0.6234375,-58.6787197885196
0.6234765625,-49.6787197885196
0.623515625,-32.6787197885196
0.6235546875,-10.6787197885196
0.62359375,8.32128021148037
0.6236328125,11.3212802114804
0.623671875,-0.678719788519629
0.6237109375,-16.6787197885196
0.62375,-22.6787197885196
0.6237890625,-18.6787197885196
0.623828125,-3.67871978851963
0.6238671875,20.3212802114804
0.62390625,46.3212802114804
0.6239453125,63.3212802114804
0.623984375,66.3212802114804
0.6240234375,58.3212802114804
0.6240625,45.3212802114804
0.6241015625,27.3212802114804
0.624140625,8.32128021148037
0.6241796875,-12.6787197885196
0.62421875,-38.6787197885196
0.6242578125,-64.6787197885196
0.624296875,-84.6787197885196
0.6243359375,-98.6787197885196
0.624375,-112.67871978852
0.6244140625,-122.67871978852
0.624453125,-122.67871978852
0.6244921875,-116.67871978852
0.62453125,-101.67871978852
0.6245703125,-81.6787197885196
0.624609375,-57.6787197885196
0.6246484375,-32.6787197885196
0.6246875,-3.67871978851963
0.6247265625,25.3212802114804
0.624765625,51.3212802114804
0.6248046875,71.3212802114804
0.62484375,90.3212802114804
0.6248828125,101.32128021148
0.624921875,106.32128021148
0.6249609375,108.32128021148
0.625,107.32128021148
0.6250390625,103.32128021148
0.625078125,99.3212802114804
0.6251171875,92.3212802114804
0.62515625,81.3212802114804
0.6251953125,64.3212802114804
0.625234375,42.3212802114804
0.6252734375,24.3212802114804
0.6253125,11.3212802114804
0.6253515625,1.32128021148037
0.625390625,-7.67871978851963
0.6254296875,-13.6787197885196
0.62546875,-19.6787197885196
0.6255078125,-26.6787197885196
0.625546875,-30.6787197885196
0.6255859375,-33.6787197885196
0.625625,-31.6787197885196
0.6256640625,-25.6787197885196
0.625703125,-19.6787197885196
0.6257421875,-12.6787197885196
0.62578125,-1.67871978851963
0.6258203125,11.3212802114804
0.625859375,22.3212802114804
0.6258984375,32.3212802114804
0.6259375,35.3212802114804
0.6259765625,31.3212802114804
0.626015625,23.3212802114804
0.6260546875,13.3212802114804
0.62609375,0.321280211480371
0.6261328125,-12.6787197885196
0.626171875,-29.6787197885196
0.6262109375,-45.6787197885196
0.62625,-55.6787197885196
0.6262890625,-57.6787197885196
0.626328125,-51.6787197885196
0.6263671875,-44.6787197885196
0.62640625,-34.6787197885196
0.6264453125,-26.6787197885196
0.626484375,-17.6787197885196
0.6265234375,-9.67871978851963
0.6265625,-0.678719788519629
0.6266015625,8.32128021148037
0.626640625,14.3212802114804
0.6266796875,17.3212802114804
0.62671875,18.3212802114804
0.6267578125,22.3212802114804
0.626796875,29.3212802114804
0.6268359375,39.3212802114804
0.626875,44.3212802114804
0.6269140625,49.3212802114804
0.626953125,53.3212802114804
0.6269921875,59.3212802114804
0.62703125,62.3212802114804
0.6270703125,65.3212802114804
0.627109375,68.3212802114804
0.6271484375,68.3212802114804
0.6271875,63.3212802114804
0.6272265625,53.3212802114804
0.627265625,41.3212802114804
0.6273046875,26.3212802114804
0.62734375,10.3212802114804
0.6273828125,-6.67871978851963
0.627421875,-20.6787197885196
0.6274609375,-32.6787197885196
0.6275,-45.6787197885196
0.6275390625,-57.6787197885196
0.627578125,-67.6787197885196
0.6276171875,-77.6787197885196
0.62765625,-89.6787197885196
0.6276953125,-99.6787197885196
0.627734375,-107.67871978852
0.6277734375,-111.67871978852
0.6278125,-112.67871978852
0.6278515625,-109.67871978852
0.627890625,-106.67871978852
0.6279296875,-101.67871978852
0.62796875,-94.6787197885196
0.6280078125,-89.6787197885196
0.628046875,-81.6787197885196
0.6280859375,-69.6787197885196
0.628125,-53.6787197885196
0.6281640625,-35.6787197885196
0.628203125,-19.6787197885196
0.6282421875,-1.67871978851963
0.62828125,14.3212802114804
0.6283203125,26.3212802114804
0.628359375,33.3212802114804
0.6283984375,39.3212802114804
0.6284375,46.3212802114804
0.6284765625,52.3212802114804
0.628515625,53.3212802114804
0.6285546875,52.3212802114804
0.62859375,46.3212802114804
0.6286328125,42.3212802114804
0.628671875,40.3212802114804
0.6287109375,40.3212802114804
0.62875,45.3212802114804
0.6287890625,50.3212802114804
0.628828125,51.3212802114804
0.6288671875,50.3212802114804
0.62890625,44.3212802114804
0.6289453125,39.3212802114804
0.628984375,31.3212802114804
0.6290234375,27.3212802114804
0.6290625,27.3212802114804
0.6291015625,27.3212802114804
0.629140625,30.3212802114804
0.6291796875,35.3212802114804
0.62921875,38.3212802114804
0.6292578125,37.3212802114804
0.629296875,34.3212802114804
0.6293359375,32.3212802114804
0.629375,29.3212802114804
0.6294140625,26.3212802114804
0.629453125,23.3212802114804
0.6294921875,18.3212802114804
0.62953125,14.3212802114804
0.6295703125,7.32128021148037
0.629609375,3.32128021148037
0.6296484375,-0.678719788519629
0.6296875,-4.67871978851963
0.6297265625,-6.67871978851963
0.629765625,-5.67871978851963
0.6298046875,-5.67871978851963
0.62984375,-7.67871978851963
0.6298828125,-7.67871978851963
0.629921875,-8.67871978851963
0.6299609375,-10.6787197885196
0.63,-11.6787197885196
0.6300390625,-11.6787197885196
0.630078125,-8.67871978851963
0.6301171875,-7.67871978851963
0.63015625,-3.67871978851963
0.6301953125,-2.67871978851963
0.630234375,-5.67871978851963
0.6302734375,-12.6787197885196
0.6303125,-18.6787197885196
0.6303515625,-22.6787197885196
0.630390625,-21.6787197885196
0.6304296875,-22.6787197885196
0.63046875,-25.6787197885196
0.6305078125,-29.6787197885196
0.630546875,-33.6787197885196
0.6305859375,-34.6787197885196
0.630625,-30.6787197885196
0.6306640625,-22.6787197885196
0.630703125,-11.6787197885196
0.6307421875,0.321280211480371
0.63078125,12.3212802114804
0.6308203125,20.3212802114804
0.630859375,26.3212802114804
0.6308984375,31.3212802114804
0.6309375,34.3212802114804
0.6309765625,32.3212802114804
0.631015625,28.3212802114804
0.6310546875,24.3212802114804
0.63109375,21.3212802114804
0.6311328125,15.3212802114804
0.631171875,9.32128021148037
0.6312109375,3.32128021148037
0.63125,-3.67871978851963
0.6312890625,-8.67871978851963
0.631328125,-15.6787197885196
0.6313671875,-25.6787197885196
0.63140625,-34.6787197885196
0.6314453125,-44.6787197885196
0.631484375,-55.6787197885196
0.6315234375,-65.6787197885196
0.6315625,-75.6787197885196
0.6316015625,-83.6787197885196
0.631640625,-87.6787197885196
0.6316796875,-83.6787197885196
0.63171875,-76.6787197885196
0.6317578125,-63.6787197885196
0.631796875,-47.6787197885196
0.6318359375,-29.6787197885196
0.631875,-13.6787197885196
0.6319140625,-1.67871978851963
0.631953125,8.32128021148037
0.6319921875,20.3212802114804
0.63203125,33.3212802114804
0.6320703125,40.3212802114804
0.632109375,45.3212802114804
0.6321484375,49.3212802114804
0.6321875,52.3212802114804
0.6322265625,53.3212802114804
0.632265625,50.3212802114804
0.6323046875,49.3212802114804
0.63234375,50.3212802114804
0.6323828125,54.3212802114804
0.632421875,60.3212802114804
0.6324609375,66.3212802114804
0.6325,72.3212802114804
0.6325390625,72.3212802114804
0.632578125,73.3212802114804
0.6326171875,71.3212802114804
0.63265625,72.3212802114804
0.6326953125,72.3212802114804
0.632734375,67.3212802114804
0.6327734375,58.3212802114804
0.6328125,46.3212802114804
0.6328515625,30.3212802114804
0.632890625,15.3212802114804
0.6329296875,2.32128021148037
0.63296875,-4.67871978851963
0.6330078125,-10.6787197885196
0.633046875,-16.6787197885196
0.6330859375,-24.6787197885196
0.633125,-32.6787197885196
0.6331640625,-37.6787197885196
0.633203125,-43.6787197885196
0.6332421875,-45.6787197885196
0.63328125,-49.6787197885196
0.6333203125,-52.6787197885196
0.633359375,-56.6787197885196
0.6333984375,-59.6787197885196
0.6334375,-61.6787197885196
0.6334765625,-64.6787197885196
0.633515625,-70.6787197885196
0.6335546875,-74.6787197885196
0.63359375,-74.6787197885196
0.6336328125,-68.6787197885196
0.633671875,-58.6787197885196
0.6337109375,-44.6787197885196
0.63375,-30.6787197885196
0.6337890625,-21.6787197885196
0.633828125,-15.6787197885196
0.6338671875,-11.6787197885196
0.63390625,-7.67871978851963
0.6339453125,-3.67871978851963
0.633984375,4.32128021148037
0.6340234375,12.3212802114804
0.6340625,15.3212802114804
0.6341015625,17.3212802114804
0.634140625,19.3212802114804
0.6341796875,22.3212802114804
0.63421875,28.3212802114804
0.6342578125,36.3212802114804
0.634296875,43.3212802114804
0.6343359375,46.3212802114804
0.634375,48.3212802114804
0.6344140625,48.3212802114804
0.634453125,47.3212802114804
0.6344921875,43.3212802114804
0.63453125,36.3212802114804
0.6345703125,27.3212802114804
0.634609375,18.3212802114804
0.6346484375,10.3212802114804
0.6346875,3.32128021148037
0.6347265625,-1.67871978851963
0.634765625,-4.67871978851963
0.6348046875,-7.67871978851963
0.63484375,-14.6787197885196
0.6348828125,-22.6787197885196
0.634921875,-24.6787197885196
0.6349609375,-20.6787197885196
0.635,-13.6787197885196
0.6350390625,-7.67871978851963
0.635078125,-7.67871978851963
0.6351171875,-10.6787197885196
0.63515625,-15.6787197885196
0.6351953125,-16.6787197885196
0.635234375,-15.6787197885196
0.6352734375,-13.6787197885196
0.6353125,-12.6787197885196
0.6353515625,-14.6787197885196
0.635390625,-15.6787197885196
0.6354296875,-14.6787197885196
0.63546875,-12.6787197885196
0.6355078125,-9.67871978851963
0.635546875,-3.67871978851963
0.6355859375,0.321280211480371
0.635625,3.32128021148037
0.6356640625,5.32128021148037
0.635703125,8.32128021148037
0.6357421875,11.3212802114804
0.63578125,12.3212802114804
0.6358203125,10.3212802114804
0.635859375,9.32128021148037
0.6358984375,9.32128021148037
0.6359375,11.3212802114804
0.6359765625,17.3212802114804
0.636015625,21.3212802114804
0.6360546875,24.3212802114804
0.63609375,26.3212802114804
0.6361328125,27.3212802114804
0.636171875,24.3212802114804
0.6362109375,23.3212802114804
0.63625,23.3212802114804
0.6362890625,23.3212802114804
0.636328125,20.3212802114804
0.6363671875,18.3212802114804
0.63640625,18.3212802114804
0.6364453125,17.3212802114804
0.636484375,15.3212802114804
0.6365234375,14.3212802114804
0.6365625,14.3212802114804
0.6366015625,13.3212802114804
0.636640625,10.3212802114804
0.6366796875,8.32128021148037
0.63671875,7.32128021148037
0.6367578125,2.32128021148037
0.636796875,-6.67871978851963
0.6368359375,-15.6787197885196
0.636875,-24.6787197885196
0.6369140625,-36.6787197885196
0.636953125,-44.6787197885196
0.6369921875,-46.6787197885196
0.63703125,-46.6787197885196
0.6370703125,-45.6787197885196
0.637109375,-44.6787197885196
0.6371484375,-40.6787197885196
0.6371875,-36.6787197885196
0.6372265625,-30.6787197885196
0.637265625,-25.6787197885196
0.6373046875,-20.6787197885196
0.63734375,-19.6787197885196
0.6373828125,-18.6787197885196
0.637421875,-14.6787197885196
0.6374609375,-10.6787197885196
0.6375,-3.67871978851963
0.6375390625,4.32128021148037
0.637578125,12.3212802114804
0.6376171875,21.3212802114804
0.63765625,27.3212802114804
0.6376953125,31.3212802114804
0.637734375,31.3212802114804
0.6377734375,28.3212802114804
0.6378125,22.3212802114804
0.6378515625,18.3212802114804
0.637890625,15.3212802114804
0.6379296875,8.32128021148037
0.63796875,6.32128021148037
0.6380078125,2.32128021148037
0.638046875,-0.678719788519629
0.6380859375,-1.67871978851963
0.638125,-2.67871978851963
0.6381640625,-3.67871978851963
0.638203125,-1.67871978851963
0.6382421875,-2.67871978851963
0.63828125,-2.67871978851963
0.6383203125,-2.67871978851963
0.638359375,-2.67871978851963
0.6383984375,-3.67871978851963
0.6384375,-3.67871978851963
0.6384765625,0.321280211480371
0.638515625,5.32128021148037
0.6385546875,13.3212802114804
0.63859375,16.3212802114804
0.6386328125,16.3212802114804
0.638671875,13.3212802114804
0.6387109375,7.32128021148037
0.63875,2.32128021148037
0.6387890625,-0.678719788519629
0.638828125,-4.67871978851963
0.6388671875,-7.67871978851963
0.63890625,-9.67871978851963
0.6389453125,-12.6787197885196
0.638984375,-11.6787197885196
0.6390234375,-8.67871978851963
0.6390625,-8.67871978851963
0.6391015625,-11.6787197885196
0.639140625,-13.6787197885196
0.6391796875,-12.6787197885196
0.63921875,-10.6787197885196
0.6392578125,-9.67871978851963
0.639296875,-8.67871978851963
0.6393359375,-7.67871978851963
0.639375,-7.67871978851963
0.6394140625,-6.67871978851963
0.639453125,-3.67871978851963
0.6394921875,0.321280211480371
0.63953125,3.32128021148037
0.6395703125,4.32128021148037
0.639609375,6.32128021148037
0.6396484375,7.32128021148037
0.6396875,10.3212802114804
0.6397265625,13.3212802114804
0.639765625,18.3212802114804
0.6398046875,21.3212802114804
0.63984375,26.3212802114804
0.6398828125,29.3212802114804
0.639921875,33.3212802114804
0.6399609375,36.3212802114804
0.64,38.3212802114804
0.6400390625,35.3212802114804
0.640078125,30.3212802114804
0.6401171875,24.3212802114804
0.64015625,19.3212802114804
0.6401953125,15.3212802114804
0.640234375,9.32128021148037
0.6402734375,0.321280211480371
0.6403125,-9.67871978851963
0.6403515625,-18.6787197885196
0.640390625,-26.6787197885196
0.6404296875,-31.6787197885196
0.64046875,-30.6787197885196
0.6405078125,-28.6787197885196
0.640546875,-26.6787197885196
0.6405859375,-24.6787197885196
0.640625,-22.6787197885196
0.6406640625,-20.6787197885196
0.640703125,-19.6787197885196
0.6407421875,-19.6787197885196
0.64078125,-17.6787197885196
0.6408203125,-13.6787197885196
0.640859375,-10.6787197885196
0.6408984375,-8.67871978851963
0.6409375,-5.67871978851963
0.6409765625,-7.67871978851963
0.641015625,-9.67871978851963
0.6410546875,-8.67871978851963
0.64109375,-2.67871978851963
0.6411328125,3.32128021148037
0.641171875,7.32128021148037
0.6412109375,12.3212802114804
0.64125,16.3212802114804
0.6412890625,18.3212802114804
0.641328125,17.3212802114804
0.6413671875,13.3212802114804
0.64140625,10.3212802114804
0.6414453125,6.32128021148037
0.641484375,3.32128021148037
0.6415234375,-1.67871978851963
0.6415625,-6.67871978851963
0.6416015625,-9.67871978851963
0.641640625,-9.67871978851963
0.6416796875,-9.67871978851963
0.64171875,-10.6787197885196
0.6417578125,-7.67871978851963
0.641796875,-4.67871978851963
0.6418359375,-0.678719788519629
0.641875,3.32128021148037
0.6419140625,8.32128021148037
0.641953125,11.3212802114804
0.6419921875,11.3212802114804
0.64203125,7.32128021148037
0.6420703125,6.32128021148037
0.642109375,3.32128021148037
0.6421484375,-0.678719788519629
0.6421875,-7.67871978851963
0.6422265625,-14.6787197885196
0.642265625,-18.6787197885196
0.6423046875,-19.6787197885196
0.64234375,-15.6787197885196
0.6423828125,-10.6787197885196
0.642421875,-4.67871978851963
0.6424609375,-0.678719788519629
0.6425,6.32128021148037
0.6425390625,7.32128021148037
0.642578125,6.32128021148037
0.6426171875,2.32128021148037
0.64265625,-1.67871978851963
0.6426953125,-4.67871978851963
0.642734375,-6.67871978851963
0.6427734375,-6.67871978851963
0.6428125,-5.67871978851963
0.6428515625,-1.67871978851963
0.642890625,6.32128021148037
0.6429296875,12.3212802114804
0.64296875,18.3212802114804
0.6430078125,24.3212802114804
0.643046875,30.3212802114804
0.6430859375,37.3212802114804
0.643125,41.3212802114804
0.6431640625,42.3212802114804
0.643203125,39.3212802114804
0.6432421875,33.3212802114804
0.64328125,25.3212802114804
0.6433203125,19.3212802114804
0.643359375,14.3212802114804
0.6433984375,12.3212802114804
0.6434375,7.32128021148037
0.6434765625,4.32128021148037
0.643515625,-0.678719788519629
0.6435546875,-7.67871978851963
0.64359375,-15.6787197885196
0.6436328125,-24.6787197885196
0.643671875,-29.6787197885196
0.6437109375,-33.6787197885196
0.64375,-37.6787197885196
0.6437890625,-42.6787197885196
0.643828125,-47.6787197885196
0.6438671875,-47.6787197885196
0.64390625,-44.6787197885196
0.6439453125,-40.6787197885196
0.643984375,-34.6787197885196
0.6440234375,-27.6787197885196
0.6440625,-18.6787197885196
0.6441015625,-10.6787197885196
0.644140625,-3.67871978851963
0.6441796875,3.32128021148037
0.64421875,6.32128021148037
0.6442578125,8.32128021148037
0.644296875,8.32128021148037
0.6443359375,12.3212802114804
0.644375,17.3212802114804
0.6444140625,22.3212802114804
0.644453125,26.3212802114804
0.6444921875,22.3212802114804
0.64453125,18.3212802114804
0.6445703125,15.3212802114804
0.644609375,14.3212802114804
0.6446484375,15.3212802114804
0.6446875,15.3212802114804
0.6447265625,15.3212802114804
0.644765625,14.3212802114804
0.6448046875,14.3212802114804
0.64484375,14.3212802114804
0.6448828125,14.3212802114804
0.644921875,12.3212802114804
0.6449609375,6.32128021148037
0.645,1.32128021148037
0.6450390625,-4.67871978851963
0.645078125,-9.67871978851963
0.6451171875,-14.6787197885196
0.64515625,-18.6787197885196
0.6451953125,-23.6787197885196
0.645234375,-26.6787197885196
0.6452734375,-28.6787197885196
0.6453125,-26.6787197885196
0.6453515625,-22.6787197885196
0.645390625,-15.6787197885196
0.6454296875,-7.67871978851963
0.64546875,-0.678719788519629
0.6455078125,4.32128021148037
0.645546875,8.32128021148037
0.6455859375,9.32128021148037
0.645625,8.32128021148037
0.6456640625,8.32128021148037
0.645703125,11.3212802114804
0.6457421875,12.3212802114804
0.64578125,12.3212802114804
0.6458203125,12.3212802114804
0.645859375,15.3212802114804
0.6458984375,16.3212802114804
0.6459375,17.3212802114804
0.6459765625,17.3212802114804
0.646015625,18.3212802114804
0.6460546875,18.3212802114804
0.64609375,17.3212802114804
0.6461328125,13.3212802114804
0.646171875,5.32128021148037
0.6462109375,-3.67871978851963
0.64625,-14.6787197885196
0.6462890625,-23.6787197885196
0.646328125,-26.6787197885196
0.6463671875,-27.6787197885196
0.64640625,-27.6787197885196
0.6464453125,-27.6787197885196
0.646484375,-24.6787197885196
0.6465234375,-19.6787197885196
0.6465625,-17.6787197885196
0.6466015625,-12.6787197885196
0.646640625,-5.67871978851963
0.6466796875,2.32128021148037
0.64671875,10.3212802114804
0.6467578125,14.3212802114804
0.646796875,14.3212802114804
0.6468359375,14.3212802114804
0.646875,13.3212802114804
0.6469140625,8.32128021148037
0.646953125,4.32128021148037
0.6469921875,1.32128021148037
0.64703125,0.321280211480371
0.6470703125,-1.67871978851963
0.647109375,-1.67871978851963
0.6471484375,-0.678719788519629
0.6471875,-0.678719788519629
0.6472265625,-1.67871978851963
0.647265625,-0.678719788519629
0.6473046875,2.32128021148037
0.64734375,7.32128021148037
0.6473828125,14.3212802114804
0.647421875,18.3212802114804
0.6474609375,11.3212802114804
0.6475,-8.67871978851963
0.6475390625,23.3212802114804
0.647578125,96.3212802114804
0.6476171875,131.32128021148
0.64765625,102.32128021148
0.6476953125,49.3212802114804
0.647734375,14.3212802114804
0.6477734375,3.32128021148037
0.6478125,-8.67871978851963
0.6478515625,-24.6787197885196
0.647890625,-23.6787197885196
0.6479296875,5.32128021148037
0.64796875,31.3212802114804
0.6480078125,39.3212802114804
0.648046875,33.3212802114804
0.6480859375,8.32128021148037
0.648125,-26.6787197885196
0.6481640625,-57.6787197885196
0.648203125,-62.6787197885196
0.6482421875,-56.6787197885196
0.64828125,-52.6787197885196
0.6483203125,-47.6787197885196
0.648359375,-38.6787197885196
0.6483984375,-38.6787197885196
0.6484375,-58.6787197885196
0.6484765625,-76.6787197885196
0.648515625,-86.6787197885196
0.6485546875,-101.67871978852
0.64859375,-119.67871978852
0.6486328125,-124.67871978852
0.648671875,-121.67871978852
0.6487109375,-125.67871978852
0.64875,-125.67871978852
0.6487890625,-103.67871978852
0.648828125,-75.6787197885196
0.6488671875,-53.6787197885196
0.64890625,-29.6787197885196
0.6489453125,-4.67871978851963
0.648984375,12.3212802114804
0.6490234375,19.3212802114804
0.6490625,35.3212802114804
0.6491015625,68.3212802114804
0.649140625,98.3212802114804
0.6491796875,115.32128021148
0.64921875,128.32128021148
0.6492578125,142.32128021148
0.649296875,149.32128021148
0.6493359375,147.32128021148
0.649375,138.32128021148
0.6494140625,119.32128021148
0.649453125,99.3212802114804
0.6494921875,80.3212802114804
0.64953125,67.3212802114804
0.6495703125,57.3212802114804
0.649609375,44.3212802114804
0.6496484375,31.3212802114804
0.6496875,15.3212802114804
0.6497265625,-0.678719788519629
0.649765625,-17.6787197885196
0.6498046875,-29.6787197885196
0.64984375,-35.6787197885196
0.6498828125,-35.6787197885196
0.649921875,-30.6787197885196
0.6499609375,-22.6787197885196
0.65,-14.6787197885196
0.6500390625,-4.67871978851963
0.650078125,0.321280211480371
0.6501171875,-1.67871978851963
0.65015625,-8.67871978851963
0.6501953125,-14.6787197885196
0.650234375,-16.6787197885196
0.6502734375,-15.6787197885196
0.6503125,-16.6787197885196
0.6503515625,-18.6787197885196
0.650390625,-25.6787197885196
0.6504296875,-30.6787197885196
0.65046875,-38.6787197885196
0.6505078125,-44.6787197885196
0.650546875,-52.6787197885196
0.6505859375,-59.6787197885196
0.650625,-61.6787197885196
0.6506640625,-61.6787197885196
0.650703125,-54.6787197885196
0.6507421875,-42.6787197885196
0.65078125,-26.6787197885196
0.6508203125,-13.6787197885196
0.650859375,3.32128021148037
0.6508984375,18.3212802114804
0.6509375,29.3212802114804
0.6509765625,37.3212802114804
0.651015625,41.3212802114804
0.6510546875,43.3212802114804
0.65109375,48.3212802114804
0.6511328125,53.3212802114804
0.651171875,61.3212802114804
0.6512109375,67.3212802114804
0.65125,70.3212802114804
0.6512890625,71.3212802114804
0.651328125,74.3212802114804
0.6513671875,79.3212802114804
0.65140625,79.3212802114804
0.6514453125,74.3212802114804
0.651484375,64.3212802114804
0.6515234375,53.3212802114804
0.6515625,43.3212802114804
0.6516015625,33.3212802114804
0.651640625,22.3212802114804
0.6516796875,12.3212802114804
0.65171875,4.32128021148037
0.6517578125,-6.67871978851963
0.651796875,-15.6787197885196
0.6518359375,-25.6787197885196
0.651875,-33.6787197885196
0.6519140625,-39.6787197885196
0.651953125,-46.6787197885196
0.6519921875,-56.6787197885196
0.65203125,-66.6787197885196
0.6520703125,-73.6787197885196
0.652109375,-79.6787197885196
0.6521484375,-82.6787197885196
0.6521875,-82.6787197885196
0.6522265625,-82.6787197885196
0.652265625,-81.6787197885196
0.6523046875,-78.6787197885196
0.65234375,-70.6787197885196
0.6523828125,-63.6787197885196
0.652421875,-61.6787197885196
0.6524609375,-58.6787197885196
0.6525,-53.6787197885196
0.6525390625,-48.6787197885196
0.652578125,-39.6787197885196
0.6526171875,-29.6787197885196
0.65265625,-19.6787197885196
0.6526953125,-11.6787197885196
0.652734375,-3.67871978851963
0.6527734375,4.32128021148037
0.6528125,12.3212802114804
0.6528515625,18.3212802114804
0.652890625,19.3212802114804
0.6529296875,17.3212802114804
0.65296875,12.3212802114804
0.6530078125,11.3212802114804
0.653046875,8.32128021148037
0.6530859375,8.32128021148037
0.653125,9.32128021148037
0.6531640625,10.3212802114804
0.653203125,10.3212802114804
0.6532421875,9.32128021148037
0.65328125,11.3212802114804
0.6533203125,16.3212802114804
0.653359375,18.3212802114804
0.6533984375,17.3212802114804
0.6534375,17.3212802114804
0.6534765625,18.3212802114804
0.653515625,23.3212802114804
0.6535546875,27.3212802114804
0.65359375,30.3212802114804
0.6536328125,31.3212802114804
0.653671875,30.3212802114804
0.6537109375,26.3212802114804
0.65375,24.3212802114804
0.6537890625,29.3212802114804
0.653828125,34.3212802114804
0.6538671875,38.3212802114804
0.65390625,35.3212802114804
0.6539453125,32.3212802114804
0.653984375,27.3212802114804
0.6540234375,23.3212802114804
0.6540625,22.3212802114804
0.6541015625,21.3212802114804
0.654140625,20.3212802114804
0.6541796875,18.3212802114804
0.65421875,17.3212802114804
0.6542578125,18.3212802114804
0.654296875,17.3212802114804
0.6543359375,15.3212802114804
0.654375,13.3212802114804
0.6544140625,12.3212802114804
0.654453125,11.3212802114804
0.6544921875,10.3212802114804
0.65453125,7.32128021148037
0.6545703125,0.321280211480371
0.654609375,-5.67871978851963
0.6546484375,-12.6787197885196
0.6546875,-17.6787197885196
0.6547265625,-23.6787197885196
0.654765625,-25.6787197885196
0.6548046875,-22.6787197885196
0.65484375,-13.6787197885196
0.6548828125,-4.67871978851963
0.654921875,0.321280211480371
0.6549609375,-1.67871978851963
0.655,-7.67871978851963
0.6550390625,-13.6787197885196
0.655078125,-15.6787197885196
0.6551171875,-20.6787197885196
0.65515625,-24.6787197885196
0.6551953125,-30.6787197885196
0.655234375,-35.6787197885196
0.6552734375,-34.6787197885196
0.6553125,-27.6787197885196
0.6553515625,-20.6787197885196
0.655390625,-13.6787197885196
0.6554296875,-7.67871978851963
0.65546875,-1.67871978851963
0.6555078125,4.32128021148037
0.655546875,8.32128021148037
0.6555859375,6.32128021148037
0.655625,2.32128021148037
0.6556640625,-2.67871978851963
0.655703125,-6.67871978851963
0.6557421875,-8.67871978851963
0.65578125,-7.67871978851963
0.6558203125,-7.67871978851963
0.655859375,-7.67871978851963
0.6558984375,-8.67871978851963
0.6559375,-11.6787197885196
0.6559765625,-16.6787197885196
0.656015625,-22.6787197885196
0.6560546875,-22.6787197885196
0.65609375,-21.6787197885196
0.6561328125,-19.6787197885196
0.656171875,-17.6787197885196
0.6562109375,-16.6787197885196
0.65625,-15.6787197885196
0.6562890625,-10.6787197885196
0.656328125,-4.67871978851963
0.6563671875,2.32128021148037
0.65640625,12.3212802114804
0.6564453125,20.3212802114804
0.656484375,24.3212802114804
0.6565234375,30.3212802114804
0.6565625,37.3212802114804
0.6566015625,41.3212802114804
0.656640625,43.3212802114804
0.6566796875,40.3212802114804
0.65671875,36.3212802114804
0.6567578125,30.3212802114804
0.656796875,22.3212802114804
0.6568359375,16.3212802114804
0.656875,13.3212802114804
0.6569140625,8.32128021148037
0.656953125,4.32128021148037
0.6569921875,2.32128021148037
0.65703125,1.32128021148037
0.6570703125,4.32128021148037
0.657109375,8.32128021148037
0.6571484375,10.3212802114804
0.6571875,10.3212802114804
0.6572265625,7.32128021148037
0.657265625,4.32128021148037
0.6573046875,-0.678719788519629
0.65734375,-1.67871978851963
0.6573828125,0.321280211480371
0.657421875,1.32128021148037
0.6574609375,1.32128021148037
0.6575,3.32128021148037
0.6575390625,6.32128021148037
0.657578125,8.32128021148037
0.6576171875,9.32128021148037
0.65765625,8.32128021148037
0.6576953125,8.32128021148037
0.657734375,10.3212802114804
0.6577734375,13.3212802114804
0.6578125,14.3212802114804
0.6578515625,13.3212802114804
0.657890625,7.32128021148037
0.6579296875,2.32128021148037
0.65796875,-2.67871978851963
0.6580078125,-7.67871978851963
0.658046875,-8.67871978851963
0.6580859375,-7.67871978851963
0.658125,-5.67871978851963
0.6581640625,-2.67871978851963
0.658203125,-1.67871978851963
0.6582421875,-4.67871978851963
0.65828125,-5.67871978851963
0.6583203125,-7.67871978851963
0.658359375,-9.67871978851963
0.6583984375,-14.6787197885196
0.6584375,-19.6787197885196
0.6584765625,-25.6787197885196
0.658515625,-29.6787197885196
0.6585546875,-31.6787197885196
0.65859375,-32.6787197885196
0.6586328125,-32.6787197885196
0.658671875,-31.6787197885196
0.6587109375,-29.6787197885196
0.65875,-26.6787197885196
0.6587890625,-24.6787197885196
0.658828125,-23.6787197885196
0.6588671875,-26.6787197885196
0.65890625,-29.6787197885196
0.6589453125,-29.6787197885196
0.658984375,-29.6787197885196
0.6590234375,-28.6787197885196
0.6590625,-22.6787197885196
0.6591015625,-16.6787197885196
0.659140625,-11.6787197885196
0.6591796875,-9.67871978851963
0.65921875,-4.67871978851963
0.6592578125,-1.67871978851963
0.659296875,1.32128021148037
0.6593359375,4.32128021148037
0.659375,7.32128021148037
0.6594140625,11.3212802114804
0.659453125,19.3212802114804
0.6594921875,28.3212802114804
0.65953125,37.3212802114804
0.6595703125,43.3212802114804
0.659609375,46.3212802114804
0.6596484375,48.3212802114804
0.6596875,49.3212802114804
0.6597265625,48.3212802114804
0.659765625,44.3212802114804
0.6598046875,37.3212802114804
0.65984375,24.3212802114804
0.6598828125,12.3212802114804
0.659921875,1.32128021148037
0.6599609375,-4.67871978851963
0.66,-8.67871978851963
0.6600390625,-7.67871978851963
0.660078125,-6.67871978851963
0.6601171875,-8.67871978851963
0.66015625,-9.67871978851963
0.6601953125,-14.6787197885196
0.660234375,-22.6787197885196
0.6602734375,-28.6787197885196
0.6603125,-32.6787197885196
0.6603515625,-30.6787197885196
0.660390625,-27.6787197885196
0.6604296875,-27.6787197885196
0.66046875,-26.6787197885196
0.6605078125,-25.6787197885196
0.660546875,-23.6787197885196
0.6605859375,-20.6787197885196
0.660625,-13.6787197885196
0.6606640625,-4.67871978851963
0.660703125,3.32128021148037
0.6607421875,9.32128021148037
0.66078125,14.3212802114804
0.6608203125,18.3212802114804
0.660859375,20.3212802114804
0.6608984375,21.3212802114804
0.6609375,26.3212802114804
0.6609765625,30.3212802114804
0.661015625,32.3212802114804
0.6610546875,36.3212802114804
0.66109375,40.3212802114804
0.6611328125,43.3212802114804
0.661171875,46.3212802114804
0.6612109375,49.3212802114804
0.66125,49.3212802114804
0.6612890625,48.3212802114804
0.661328125,48.3212802114804
0.6613671875,51.3212802114804
0.66140625,52.3212802114804
0.6614453125,49.3212802114804
0.661484375,41.3212802114804
0.6615234375,27.3212802114804
0.6615625,11.3212802114804
0.6616015625,0.321280211480371
0.661640625,-10.6787197885196
0.6616796875,-21.6787197885196
0.66171875,-33.6787197885196
0.6617578125,-44.6787197885196
0.661796875,-53.6787197885196
0.6618359375,-59.6787197885196
0.661875,-62.6787197885196
0.6619140625,-64.6787197885196
0.661953125,-62.6787197885196
0.6619921875,-58.6787197885196
0.66203125,-53.6787197885196
0.6620703125,-47.6787197885196
0.662109375,-38.6787197885196
0.6621484375,-28.6787197885196
0.6621875,-19.6787197885196
0.6622265625,-13.6787197885196
0.662265625,-8.67871978851963
0.6623046875,-5.67871978851963
0.66234375,-2.67871978851963
0.6623828125,-4.67871978851963
0.662421875,-6.67871978851963
0.6624609375,-10.6787197885196
0.6625,-15.6787197885196
0.6625390625,-19.6787197885196
0.662578125,-18.6787197885196
0.6626171875,-17.6787197885196
0.66265625,-13.6787197885196
0.6626953125,-6.67871978851963
0.662734375,-0.678719788519629
0.6627734375,4.32128021148037
0.6628125,8.32128021148037
0.6628515625,11.3212802114804
0.662890625,9.32128021148037
0.6629296875,14.3212802114804
0.66296875,15.3212802114804
0.6630078125,13.3212802114804
0.663046875,10.3212802114804
0.6630859375,6.32128021148037
0.663125,2.32128021148037
0.6631640625,1.32128021148037
0.663203125,4.32128021148037
0.6632421875,10.3212802114804
0.66328125,17.3212802114804
0.6633203125,21.3212802114804
0.663359375,25.3212802114804
0.6633984375,30.3212802114804
0.6634375,32.3212802114804
0.6634765625,33.3212802114804
0.663515625,30.3212802114804
0.6635546875,26.3212802114804
0.66359375,23.3212802114804
0.6636328125,19.3212802114804
0.663671875,12.3212802114804
0.6637109375,5.32128021148037
0.66375,4.32128021148037
0.6637890625,3.32128021148037
0.663828125,1.32128021148037
0.6638671875,-1.67871978851963
0.66390625,-2.67871978851963
0.6639453125,-4.67871978851963
0.663984375,-2.67871978851963
0.6640234375,1.32128021148037
0.6640625,3.32128021148037
0.6641015625,2.32128021148037
0.664140625,-1.67871978851963
0.6641796875,-7.67871978851963
0.66421875,-9.67871978851963
0.6642578125,-7.67871978851963
0.664296875,-2.67871978851963
0.6643359375,-0.678719788519629
0.664375,-2.67871978851963
0.6644140625,-7.67871978851963
0.664453125,-10.6787197885196
0.6644921875,-11.6787197885196
0.66453125,-9.67871978851963
0.6645703125,-6.67871978851963
0.664609375,-5.67871978851963
0.6646484375,-3.67871978851963
0.6646875,-2.67871978851963
0.6647265625,0.321280211480371
0.664765625,5.32128021148037
0.6648046875,7.32128021148037
0.66484375,8.32128021148037
0.6648828125,7.32128021148037
0.664921875,4.32128021148037
0.6649609375,1.32128021148037
0.665,-0.678719788519629
0.6650390625,-4.67871978851963
0.665078125,-10.6787197885196
0.6651171875,-17.6787197885196
0.66515625,-23.6787197885196
0.6651953125,-23.6787197885196
0.665234375,-17.6787197885196
0.6652734375,-10.6787197885196
0.6653125,-3.67871978851963
0.6653515625,1.32128021148037
0.665390625,5.32128021148037
0.6654296875,7.32128021148037
0.66546875,9.32128021148037
0.6655078125,13.3212802114804
0.665546875,16.3212802114804
0.6655859375,16.3212802114804
0.665625,12.3212802114804
0.6656640625,4.32128021148037
0.665703125,-4.67871978851963
0.6657421875,-12.6787197885196
0.66578125,-19.6787197885196
0.6658203125,-24.6787197885196
0.665859375,-25.6787197885196
0.6658984375,-28.6787197885196
0.6659375,-31.6787197885196
0.6659765625,-30.6787197885196
0.666015625,-24.6787197885196
0.6660546875,-17.6787197885196
0.66609375,-11.6787197885196
0.6661328125,-6.67871978851963
0.666171875,-2.67871978851963
0.6662109375,4.32128021148037
0.66625,9.32128021148037
0.6662890625,15.3212802114804
0.666328125,18.3212802114804
0.6663671875,19.3212802114804
0.66640625,17.3212802114804
0.6664453125,15.3212802114804
0.666484375,14.3212802114804
0.6665234375,16.3212802114804
0.6665625,19.3212802114804
0.6666015625,17.3212802114804
0.666640625,15.3212802114804
0.6666796875,16.3212802114804
0.66671875,15.3212802114804
0.6667578125,11.3212802114804
0.666796875,7.32128021148037
0.6668359375,5.32128021148037
0.666875,2.32128021148037
0.6669140625,1.32128021148037
0.666953125,2.32128021148037
0.6669921875,4.32128021148037
0.66703125,10.3212802114804
0.6670703125,14.3212802114804
0.667109375,18.3212802114804
0.6671484375,25.3212802114804
0.6671875,28.3212802114804
0.6672265625,27.3212802114804
0.667265625,22.3212802114804
0.6673046875,13.3212802114804
0.66734375,2.32128021148037
0.6673828125,-8.67871978851963
0.667421875,-18.6787197885196
0.6674609375,-23.6787197885196
0.6675,-25.6787197885196
0.6675390625,-22.6787197885196
0.667578125,-21.6787197885196
0.6676171875,-18.6787197885196
0.66765625,-16.6787197885196
0.6676953125,-15.6787197885196
0.667734375,-14.6787197885196
0.6677734375,-14.6787197885196
0.6678125,-15.6787197885196
0.6678515625,-14.6787197885196
0.667890625,-15.6787197885196
0.6679296875,-17.6787197885196
0.66796875,-16.6787197885196
0.6680078125,-13.6787197885196
0.668046875,-10.6787197885196
0.6680859375,-7.67871978851963
0.668125,-2.67871978851963
0.6681640625,3.32128021148037
0.668203125,11.3212802114804
0.6682421875,17.3212802114804
0.66828125,20.3212802114804
0.6683203125,21.3212802114804
0.668359375,19.3212802114804
0.6683984375,19.3212802114804
0.6684375,18.3212802114804
0.6684765625,19.3212802114804
0.668515625,18.3212802114804
0.6685546875,17.3212802114804
0.66859375,15.3212802114804
0.6686328125,12.3212802114804
0.668671875,8.32128021148037
0.6687109375,4.32128021148037
0.66875,2.32128021148037
0.6687890625,4.32128021148037
0.668828125,6.32128021148037
0.6688671875,7.32128021148037
0.66890625,8.32128021148037
0.6689453125,3.32128021148037
0.668984375,-3.67871978851963
0.6690234375,-13.6787197885196
0.6690625,-21.6787197885196
0.6691015625,-28.6787197885196
0.669140625,-30.6787197885196
0.6691796875,-29.6787197885196
0.66921875,-28.6787197885196
0.6692578125,-28.6787197885196
0.669296875,-31.6787197885196
0.6693359375,-33.6787197885196
0.669375,-32.6787197885196
0.6694140625,-31.6787197885196
0.669453125,-26.6787197885196
0.6694921875,-20.6787197885196
0.66953125,-14.6787197885196
0.6695703125,-6.67871978851963
0.669609375,1.32128021148037
0.6696484375,5.32128021148037
0.6696875,6.32128021148037
0.6697265625,10.3212802114804
0.669765625,13.3212802114804
0.6698046875,13.3212802114804
0.66984375,11.3212802114804
0.6698828125,10.3212802114804
0.669921875,6.32128021148037
0.6699609375,1.32128021148037
0.67,-0.678719788519629
0.6700390625,0.321280211480371
0.670078125,3.32128021148037
0.6701171875,7.32128021148037
0.67015625,14.3212802114804
0.6701953125,22.3212802114804
0.670234375,28.3212802114804
0.6702734375,29.3212802114804
0.6703125,27.3212802114804
0.6703515625,27.3212802114804
0.670390625,26.3212802114804
0.6704296875,25.3212802114804
0.67046875,24.3212802114804
0.6705078125,23.3212802114804
0.670546875,19.3212802114804
0.6705859375,19.3212802114804
0.670625,21.3212802114804
0.6706640625,23.3212802114804
0.670703125,21.3212802114804
0.6707421875,20.3212802114804
0.67078125,18.3212802114804
0.6708203125,12.3212802114804
0.670859375,4.32128021148037
0.6708984375,-6.67871978851963
0.6709375,-18.6787197885196
0.6709765625,-28.6787197885196
0.671015625,-38.6787197885196
0.6710546875,-44.6787197885196
0.67109375,-46.6787197885196
0.6711328125,-45.6787197885196
0.671171875,-38.6787197885196
0.6712109375,-32.6787197885196
0.67125,-51.6787197885196
0.6712890625,-70.6787197885196
0.671328125,75.3212802114804
0.6713671875,335.32128021148
0.67140625,414.32128021148
0.6714453125,200.32128021148
0.671484375,-110.67871978852
0.6715234375,-282.67871978852
0.6715625,-225.67871978852
0.6716015625,-49.6787197885196
0.671640625,80.3212802114804
0.6716796875,115.32128021148
0.67171875,112.32128021148
0.6717578125,112.32128021148
0.671796875,95.3212802114804
0.6718359375,36.3212802114804
0.671875,-35.6787197885196
0.6719140625,-81.6787197885196
0.671953125,-70.6787197885196
0.6719921875,-15.6787197885196
0.67203125,33.3212802114804
0.6720703125,37.3212802114804
0.672109375,-1.67871978851963
0.6721484375,-81.6787197885196
0.6721875,-178.67871978852
0.6722265625,-233.67871978852
0.672265625,-238.67871978852
0.6723046875,-255.67871978852
0.67234375,-305.67871978852
0.6723828125,-346.67871978852
0.672421875,-347.67871978852
0.6724609375,-314.67871978852
0.6725,-261.67871978852
0.6725390625,-203.67871978852
0.672578125,-142.67871978852
0.6726171875,-61.6787197885196
0.67265625,36.3212802114804
0.6726953125,91.3212802114804
0.672734375,79.3212802114804
0.6727734375,59.3212802114804
0.6728125,85.3212802114804
0.6728515625,144.32128021148
0.672890625,198.32128021148
0.6729296875,246.32128021148
0.67296875,288.32128021148
0.6730078125,306.32128021148
0.673046875,290.32128021148
0.6730859375,258.32128021148
0.673125,240.32128021148
0.6731640625,231.32128021148
0.673203125,188.32128021148
0.6732421875,154.32128021148
0.67328125,119.32128021148
0.6733203125,110.32128021148
0.673359375,123.32128021148
0.6733984375,132.32128021148
0.6734375,128.32128021148
0.6734765625,121.32128021148
0.673515625,102.32128021148
0.6735546875,63.3212802114804
0.67359375,16.3212802114804
0.6736328125,-12.6787197885196
0.673671875,-17.6787197885196
0.6737109375,-21.6787197885196
0.67375,-27.6787197885196
0.6737890625,-33.6787197885196
0.673828125,-41.6787197885196
0.6738671875,-57.6787197885196
0.67390625,-81.6787197885196
0.6739453125,-109.67871978852
0.673984375,-126.67871978852
0.6740234375,-134.67871978852
0.6740625,-132.67871978852
0.6741015625,-127.67871978852
0.674140625,-125.67871978852
0.6741796875,-130.67871978852
0.67421875,-134.67871978852
0.6742578125,-124.67871978852
0.674296875,-106.67871978852
0.6743359375,-88.6787197885196
0.674375,-75.6787197885196
0.6744140625,-64.6787197885196
0.674453125,-50.6787197885196
0.6744921875,-28.6787197885196
0.67453125,-5.67871978851963
0.6745703125,14.3212802114804
0.674609375,24.3212802114804
0.6746484375,22.3212802114804
0.6746875,16.3212802114804
0.6747265625,11.3212802114804
0.674765625,12.3212802114804
0.6748046875,21.3212802114804
0.67484375,33.3212802114804
0.6748828125,42.3212802114804
0.674921875,47.3212802114804
0.6749609375,53.3212802114804
0.675,61.3212802114804
0.6750390625,66.3212802114804
0.675078125,69.3212802114804
0.6751171875,69.3212802114804
0.67515625,63.3212802114804
0.6751953125,58.3212802114804
0.675234375,60.3212802114804
0.6752734375,62.3212802114804
0.6753125,63.3212802114804
0.6753515625,58.3212802114804
0.675390625,51.3212802114804
0.6754296875,35.3212802114804
0.67546875,23.3212802114804
0.6755078125,13.3212802114804
0.675546875,2.32128021148037
0.6755859375,-9.67871978851963
0.675625,-28.6787197885196
0.6756640625,-48.6787197885196
0.675703125,-62.6787197885196
0.6757421875,-74.6787197885196
0.67578125,-83.6787197885196
0.6758203125,-97.6787197885196
0.675859375,-113.67871978852
0.6758984375,-111.67871978852
0.6759375,-107.67871978852
0.6759765625,-104.67871978852
0.676015625,-96.6787197885196
0.6760546875,-90.6787197885196
0.67609375,-92.6787197885196
0.6761328125,-86.6787197885196
0.676171875,-75.6787197885196
0.6762109375,-68.6787197885196
0.67625,-57.6787197885196
0.6762890625,-44.6787197885196
0.676328125,-35.6787197885196
0.6763671875,-31.6787197885196
0.67640625,-25.6787197885196
0.6764453125,-19.6787197885196
0.676484375,-13.6787197885196
0.6765234375,-3.67871978851963
0.6765625,9.32128021148037
0.6766015625,26.3212802114804
0.676640625,42.3212802114804
0.6766796875,51.3212802114804
0.67671875,54.3212802114804
0.6767578125,58.3212802114804
0.676796875,66.3212802114804
0.6768359375,74.3212802114804
0.676875,84.3212802114804
0.6769140625,91.3212802114804
0.676953125,95.3212802114804
0.6769921875,97.3212802114804
0.67703125,94.3212802114804
0.6770703125,88.3212802114804
0.677109375,77.3212802114804
0.6771484375,70.3212802114804
0.6771875,67.3212802114804
0.6772265625,66.3212802114804
0.677265625,64.3212802114804
0.6773046875,58.3212802114804
0.67734375,51.3212802114804
0.6773828125,41.3212802114804
0.677421875,26.3212802114804
0.6774609375,12.3212802114804
0.6775,2.32128021148037
0.6775390625,-1.67871978851963
0.677578125,-1.67871978851963
0.6776171875,0.321280211480371
0.67765625,-0.678719788519629
0.6776953125,-7.67871978851963
0.677734375,-19.6787197885196
0.6777734375,-32.6787197885196
0.6778125,-43.6787197885196
0.6778515625,-48.6787197885196
0.677890625,-46.6787197885196
0.6779296875,-39.6787197885196
0.67796875,-35.6787197885196
0.6780078125,-30.6787197885196
0.678046875,-25.6787197885196
0.6780859375,-19.6787197885196
0.678125,-15.6787197885196
0.6781640625,-7.67871978851963
0.678203125,0.321280211480371
0.6782421875,5.32128021148037
0.67828125,2.32128021148037
0.6783203125,-5.67871978851963
0.678359375,-13.6787197885196
0.6783984375,-19.6787197885196
0.6784375,-24.6787197885196
0.6784765625,-28.6787197885196
0.678515625,-33.6787197885196
0.6785546875,-35.6787197885196
0.67859375,-37.6787197885196
0.6786328125,-33.6787197885196
0.678671875,-28.6787197885196
0.6787109375,-24.6787197885196
0.67875,-21.6787197885196
0.6787890625,-16.6787197885196
0.678828125,-7.67871978851963
0.6788671875,1.32128021148037
0.67890625,10.3212802114804
0.6789453125,17.3212802114804
0.678984375,16.3212802114804
0.6790234375,13.3212802114804
0.6790625,9.32128021148037
0.6791015625,4.32128021148037
0.679140625,1.32128021148037
0.6791796875,0.321280211480371
0.67921875,1.32128021148037
0.6792578125,1.32128021148037
0.679296875,-1.67871978851963
0.6793359375,-9.67871978851963
0.679375,-18.6787197885196
0.6794140625,-28.6787197885196
0.679453125,-34.6787197885196
0.6794921875,-38.6787197885196
0.67953125,-42.6787197885196
0.6795703125,-45.6787197885196
0.679609375,-47.6787197885196
0.6796484375,-52.6787197885196
0.6796875,-54.6787197885196
0.6797265625,-54.6787197885196
0.679765625,-51.6787197885196
0.6798046875,-43.6787197885196
0.67984375,-33.6787197885196
0.6798828125,-15.6787197885196
0.679921875,5.32128021148037
0.6799609375,27.3212802114804
0.68,46.3212802114804
0.6800390625,60.3212802114804
0.680078125,68.3212802114804
0.6801171875,74.3212802114804
0.68015625,78.3212802114804
0.6801953125,83.3212802114804
0.680234375,85.3212802114804
0.6802734375,83.3212802114804
0.6803125,77.3212802114804
0.6803515625,69.3212802114804
0.680390625,60.3212802114804
0.6804296875,53.3212802114804
0.68046875,49.3212802114804
0.6805078125,48.3212802114804
0.680546875,45.3212802114804
0.6805859375,41.3212802114804
0.680625,35.3212802114804
0.6806640625,29.3212802114804
0.680703125,21.3212802114804
0.6807421875,14.3212802114804
0.68078125,8.32128021148037
0.6808203125,2.32128021148037
0.680859375,-6.67871978851963
0.6808984375,-13.6787197885196
0.6809375,-18.6787197885196
0.6809765625,-23.6787197885196
0.681015625,-27.6787197885196
0.6810546875,-29.6787197885196
0.68109375,-31.6787197885196
0.6811328125,-32.6787197885196
0.681171875,-27.6787197885196
0.6812109375,-18.6787197885196
0.68125,-9.67871978851963
0.6812890625,-1.67871978851963
0.681328125,6.32128021148037
0.6813671875,10.3212802114804
0.68140625,10.3212802114804
0.6814453125,7.32128021148037
0.681484375,4.32128021148037
0.6815234375,-0.678719788519629
0.6815625,-5.67871978851963
0.6816015625,-10.6787197885196
0.681640625,-15.6787197885196
0.6816796875,-21.6787197885196
0.68171875,-25.6787197885196
0.6817578125,-25.6787197885196
0.681796875,-22.6787197885196
0.6818359375,-19.6787197885196
0.681875,-15.6787197885196
0.6819140625,-15.6787197885196
0.681953125,-15.6787197885196
0.6819921875,-18.6787197885196
0.68203125,-22.6787197885196
0.6820703125,-25.6787197885196
0.682109375,-25.6787197885196
0.6821484375,-22.6787197885196
0.6821875,-16.6787197885196
0.6822265625,-10.6787197885196
0.682265625,-3.67871978851963
0.6823046875,2.32128021148037
0.68234375,6.32128021148037
0.6823828125,8.32128021148037
0.682421875,5.32128021148037
0.6824609375,1.32128021148037
0.6825,0.321280211480371
0.6825390625,0.321280211480371
0.682578125,-0.678719788519629
0.6826171875,-6.67871978851963
0.68265625,-11.6787197885196
0.6826953125,-21.6787197885196
0.682734375,-28.6787197885196
0.6827734375,-28.6787197885196
0.6828125,-24.6787197885196
0.6828515625,-22.6787197885196
0.682890625,-19.6787197885196
0.6829296875,-19.6787197885196
0.68296875,-20.6787197885196
0.6830078125,-21.6787197885196
0.683046875,-21.6787197885196
0.6830859375,-19.6787197885196
0.683125,-16.6787197885196
0.6831640625,-14.6787197885196
0.683203125,-11.6787197885196
0.6832421875,-7.67871978851963
0.68328125,-2.67871978851963
0.6833203125,5.32128021148037
0.683359375,10.3212802114804
0.6833984375,14.3212802114804
0.6834375,20.3212802114804
0.6834765625,27.3212802114804
0.683515625,34.3212802114804
0.6835546875,37.3212802114804
0.68359375,36.3212802114804
0.6836328125,31.3212802114804
0.683671875,25.3212802114804
0.6837109375,21.3212802114804
0.68375,19.3212802114804
0.6837890625,19.3212802114804
0.683828125,19.3212802114804
0.6838671875,17.3212802114804
0.68390625,13.3212802114804
0.6839453125,7.32128021148037
0.683984375,2.32128021148037
0.6840234375,-0.678719788519629
0.6840625,-3.67871978851963
0.6841015625,-3.67871978851963
0.684140625,-0.678719788519629
0.6841796875,3.32128021148037
0.68421875,8.32128021148037
0.6842578125,14.3212802114804
0.684296875,16.3212802114804
0.6843359375,15.3212802114804
0.684375,13.3212802114804
0.6844140625,7.32128021148037
0.684453125,-1.67871978851963
0.6844921875,-8.67871978851963
0.68453125,-15.6787197885196
0.6845703125,-19.6787197885196
0.684609375,-20.6787197885196
0.6846484375,-22.6787197885196
0.6846875,-21.6787197885196
0.6847265625,-16.6787197885196
0.684765625,-7.67871978851963
0.6848046875,5.32128021148037
0.68484375,18.3212802114804
0.6848828125,30.3212802114804
0.684921875,37.3212802114804
0.6849609375,38.3212802114804
0.685,35.3212802114804
0.6850390625,33.3212802114804
0.685078125,32.3212802114804
0.6851171875,32.3212802114804
0.68515625,32.3212802114804
0.6851953125,29.3212802114804
0.685234375,24.3212802114804
0.6852734375,17.3212802114804
0.6853125,11.3212802114804
0.6853515625,6.32128021148037
0.685390625,3.32128021148037
0.6854296875,0.321280211480371
0.68546875,-4.67871978851963
0.6855078125,-12.6787197885196
0.685546875,-21.6787197885196
0.6855859375,-29.6787197885196
0.685625,-38.6787197885196
0.6856640625,-44.6787197885196
0.685703125,-45.6787197885196
0.6857421875,-46.6787197885196
0.68578125,-46.6787197885196
0.6858203125,-42.6787197885196
0.685859375,-38.6787197885196
0.6858984375,-34.6787197885196
0.6859375,-29.6787197885196
0.6859765625,-26.6787197885196
0.686015625,-20.6787197885196
0.6860546875,-14.6787197885196
0.68609375,-8.67871978851963
0.6861328125,-2.67871978851963
0.686171875,-3.67871978851963
0.6862109375,-4.67871978851963
0.68625,-4.67871978851963
0.6862890625,-4.67871978851963
0.686328125,-4.67871978851963
0.6863671875,-4.67871978851963
0.68640625,-1.67871978851963
0.6864453125,2.32128021148037
0.686484375,5.32128021148037
0.6865234375,4.32128021148037
0.6865625,3.32128021148037
0.6866015625,3.32128021148037
0.686640625,2.32128021148037
0.6866796875,3.32128021148037
0.68671875,3.32128021148037
0.6867578125,3.32128021148037
0.686796875,1.32128021148037
0.6868359375,0.321280211480371
0.686875,0.321280211480371
0.6869140625,-0.678719788519629
0.686953125,-1.67871978851963
0.6869921875,0.321280211480371
0.68703125,7.32128021148037
0.6870703125,13.3212802114804
0.687109375,18.3212802114804
0.6871484375,23.3212802114804
0.6871875,28.3212802114804
0.6872265625,31.3212802114804
0.687265625,35.3212802114804
0.6873046875,39.3212802114804
0.68734375,43.3212802114804
0.6873828125,48.3212802114804
0.687421875,50.3212802114804
0.6874609375,50.3212802114804
0.6875,48.3212802114804
0.6875390625,42.3212802114804
0.687578125,33.3212802114804
0.6876171875,23.3212802114804
0.68765625,18.3212802114804
0.6876953125,15.3212802114804
0.687734375,11.3212802114804
0.6877734375,5.32128021148037
0.6878125,-3.67871978851963
0.6878515625,-13.6787197885196
0.687890625,-23.6787197885196
0.6879296875,-33.6787197885196
0.68796875,-42.6787197885196
0.6880078125,-46.6787197885196
0.688046875,-50.6787197885196
0.6880859375,-50.6787197885196
0.688125,-52.6787197885196
0.6881640625,-49.6787197885196
0.688203125,-46.6787197885196
0.6882421875,-45.6787197885196
0.68828125,-44.6787197885196
0.6883203125,-39.6787197885196
0.688359375,-30.6787197885196
0.6883984375,-22.6787197885196
0.6884375,-16.6787197885196
0.6884765625,-7.67871978851963
0.688515625,-1.67871978851963
0.6885546875,5.32128021148037
0.68859375,8.32128021148037
0.6886328125,11.3212802114804
0.688671875,12.3212802114804
0.6887109375,12.3212802114804
0.68875,13.3212802114804
0.6887890625,11.3212802114804
0.688828125,7.32128021148037
0.6888671875,1.32128021148037
0.68890625,-0.678719788519629
0.6889453125,-1.67871978851963
0.688984375,0.321280211480371
0.6890234375,2.32128021148037
0.6890625,5.32128021148037
0.6891015625,7.32128021148037
0.689140625,9.32128021148037
0.6891796875,8.32128021148037
0.68921875,5.32128021148037
0.6892578125,4.32128021148037
0.689296875,5.32128021148037
0.6893359375,7.32128021148037
0.689375,11.3212802114804
0.6894140625,14.3212802114804
0.689453125,14.3212802114804
0.6894921875,15.3212802114804
0.68953125,17.3212802114804
0.6895703125,22.3212802114804
0.689609375,24.3212802114804
0.6896484375,26.3212802114804
0.6896875,25.3212802114804
0.6897265625,20.3212802114804
0.689765625,16.3212802114804
0.6898046875,11.3212802114804
0.68984375,2.32128021148037
0.6898828125,-7.67871978851963
0.689921875,-15.6787197885196
0.6899609375,-16.6787197885196
0.69,-15.6787197885196
0.6900390625,-12.6787197885196
0.690078125,-5.67871978851963
0.6901171875,-0.678719788519629
0.69015625,1.32128021148037
0.6901953125,1.32128021148037
0.690234375,2.32128021148037
0.6902734375,4.32128021148037
0.6903125,3.32128021148037
0.6903515625,-0.678719788519629
0.690390625,-9.67871978851963
0.6904296875,-18.6787197885196
0.69046875,-26.6787197885196
0.6905078125,-32.6787197885196
0.690546875,-32.6787197885196
0.6905859375,-24.6787197885196
0.690625,-13.6787197885196
0.6906640625,-6.67871978851963
0.690703125,1.32128021148037
0.6907421875,9.32128021148037
0.69078125,15.3212802114804
0.6908203125,19.3212802114804
0.690859375,21.3212802114804
0.6908984375,19.3212802114804
0.6909375,17.3212802114804
0.6909765625,14.3212802114804
0.691015625,12.3212802114804
0.6910546875,9.32128021148037
0.69109375,5.32128021148037
0.6911328125,1.32128021148037
0.691171875,-0.678719788519629
0.6912109375,-2.67871978851963
0.69125,-0.678719788519629
0.6912890625,0.321280211480371
0.691328125,2.32128021148037
0.6913671875,4.32128021148037
0.69140625,6.32128021148037
0.6914453125,5.32128021148037
0.691484375,2.32128021148037
0.6915234375,3.32128021148037
0.6915625,6.32128021148037
0.6916015625,8.32128021148037
0.691640625,9.32128021148037
0.6916796875,9.32128021148037
0.69171875,6.32128021148037
0.6917578125,1.32128021148037
0.691796875,-4.67871978851963
0.6918359375,-9.67871978851963
0.691875,-13.6787197885196
0.6919140625,-14.6787197885196
0.691953125,-15.6787197885196
0.6919921875,-19.6787197885196
0.69203125,-21.6787197885196
0.6920703125,-20.6787197885196
0.692109375,-17.6787197885196
0.6921484375,-14.6787197885196
0.6921875,-8.67871978851963
0.6922265625,-2.67871978851963
0.692265625,2.32128021148037
0.6923046875,6.32128021148037
0.69234375,8.32128021148037
0.6923828125,10.3212802114804
0.692421875,7.32128021148037
0.6924609375,1.32128021148037
0.6925,-4.67871978851963
0.6925390625,-10.6787197885196
0.692578125,-14.6787197885196
0.6926171875,-16.6787197885196
0.69265625,-16.6787197885196
0.6926953125,-13.6787197885196
0.692734375,-8.67871978851963
0.6927734375,-3.67871978851963
0.6928125,0.321280211480371
0.6928515625,6.32128021148037
0.692890625,8.32128021148037
0.6929296875,9.32128021148037
0.69296875,8.32128021148037
0.6930078125,3.32128021148037
0.693046875,-0.678719788519629
0.6930859375,-2.67871978851963
0.693125,-7.67871978851963
0.6931640625,-12.6787197885196
0.693203125,-15.6787197885196
0.6932421875,-16.6787197885196
0.69328125,-13.6787197885196
0.6933203125,-10.6787197885196
0.693359375,-4.67871978851963
0.6933984375,2.32128021148037
0.6934375,5.32128021148037
0.6934765625,5.32128021148037
0.693515625,9.32128021148037
0.6935546875,14.3212802114804
0.69359375,18.3212802114804
0.6936328125,19.3212802114804
0.693671875,15.3212802114804
0.6937109375,7.32128021148037
0.69375,1.32128021148037
0.6937890625,-4.67871978851963
0.693828125,-3.67871978851963
0.6938671875,-0.678719788519629
0.69390625,2.32128021148037
0.6939453125,3.32128021148037
0.693984375,5.32128021148037
0.6940234375,6.32128021148037
0.6940625,6.32128021148037
0.6941015625,7.32128021148037
0.694140625,10.3212802114804
0.6941796875,14.3212802114804
0.69421875,18.3212802114804
0.6942578125,24.3212802114804
0.694296875,26.3212802114804
0.6943359375,26.3212802114804
0.694375,24.3212802114804
0.6944140625,19.3212802114804
0.694453125,14.3212802114804
0.6944921875,10.3212802114804
0.69453125,6.32128021148037
0.6945703125,5.32128021148037
0.694609375,0.321280211480371
0.6946484375,-4.67871978851963
0.6946875,-6.67871978851963
0.6947265625,-4.67871978851963
0.694765625,-1.67871978851963
0.6948046875,5.32128021148037
0.69484375,13.3212802114804
0.6948828125,16.3212802114804
0.694921875,18.3212802114804
0.6949609375,19.3212802114804
0.695,19.3212802114804
0.6950390625,7.32128021148037
0.695078125,24.3212802114804
0.6951171875,60.3212802114804
0.69515625,67.3212802114804
0.6951953125,46.3212802114804
0.695234375,12.3212802114804
0.6952734375,-18.6787197885196
0.6953125,-42.6787197885196
0.6953515625,-58.6787197885196
0.695390625,-57.6787197885196
0.6954296875,-30.6787197885196
0.69546875,12.3212802114804
0.6955078125,51.3212802114804
0.695546875,70.3212802114804
0.6955859375,57.3212802114804
0.695625,23.3212802114804
0.6956640625,2.32128021148037
0.695703125,2.32128021148037
0.6957421875,16.3212802114804
0.69578125,38.3212802114804
0.6958203125,63.3212802114804
0.695859375,74.3212802114804
0.6958984375,62.3212802114804
0.6959375,35.3212802114804
0.6959765625,7.32128021148037
0.696015625,-22.6787197885196
0.6960546875,-52.6787197885196
0.69609375,-85.6787197885196
0.6961328125,-120.67871978852
0.696171875,-158.67871978852
0.6962109375,-202.67871978852
0.69625,-247.67871978852
0.6962890625,-284.67871978852
0.696328125,-315.67871978852
0.6963671875,-332.67871978852
0.69640625,-328.67871978852
0.6964453125,-305.67871978852
0.696484375,-276.67871978852
0.6965234375,-236.67871978852
0.6965625,-185.67871978852
0.6966015625,-125.67871978852
0.696640625,-60.6787197885196
0.6966796875,4.32128021148037
0.69671875,72.3212802114804
0.6967578125,139.32128021148
0.696796875,201.32128021148
0.6968359375,249.32128021148
0.696875,279.32128021148
0.6969140625,290.32128021148
0.696953125,289.32128021148
0.6969921875,280.32128021148
0.69703125,262.32128021148
0.6970703125,244.32128021148
0.697109375,226.32128021148
0.6971484375,205.32128021148
0.6971875,182.32128021148
0.6972265625,155.32128021148
0.697265625,121.32128021148
0.6973046875,81.3212802114804
0.69734375,41.3212802114804
0.6973828125,7.32128021148037
0.697421875,-18.6787197885196
0.6974609375,-33.6787197885196
0.6975,-39.6787197885196
0.6975390625,-40.6787197885196
0.697578125,-38.6787197885196
0.6976171875,-31.6787197885196
0.69765625,-25.6787197885196
0.6976953125,-22.6787197885196
0.697734375,-17.6787197885196
0.6977734375,-13.6787197885196
0.6978125,-11.6787197885196
0.6978515625,-10.6787197885196
0.697890625,-7.67871978851963
0.6979296875,-5.67871978851963
0.69796875,-5.67871978851963
0.6980078125,-10.6787197885196
0.698046875,-16.6787197885196
0.6980859375,-23.6787197885196
0.698125,-29.6787197885196
0.6981640625,-31.6787197885196
0.698203125,-29.6787197885196
0.6982421875,-24.6787197885196
0.69828125,-24.6787197885196
0.6983203125,-28.6787197885196
0.698359375,-30.6787197885196
0.6983984375,-27.6787197885196
0.6984375,-16.6787197885196
0.6984765625,-1.67871978851963
0.698515625,11.3212802114804
0.6985546875,20.3212802114804
0.69859375,29.3212802114804
0.6986328125,38.3212802114804
0.698671875,47.3212802114804
0.6987109375,55.3212802114804
0.69875,59.3212802114804
0.6987890625,61.3212802114804
0.698828125,62.3212802114804
0.6988671875,61.3212802114804
0.69890625,59.3212802114804
0.6989453125,58.3212802114804
0.698984375,55.3212802114804
0.6990234375,51.3212802114804
0.6990625,49.3212802114804
0.6991015625,46.3212802114804
0.699140625,39.3212802114804
0.6991796875,29.3212802114804
0.69921875,19.3212802114804
0.6992578125,10.3212802114804
0.699296875,0.321280211480371
0.6993359375,-8.67871978851963
0.699375,-16.6787197885196
0.6994140625,-23.6787197885196
0.699453125,-28.6787197885196
0.6994921875,-33.6787197885196
0.69953125,-43.6787197885196
0.6995703125,-53.6787197885196
0.699609375,-66.6787197885196
0.6996484375,-79.6787197885196
0.6996875,-95.6787197885196
0.6997265625,-105.67871978852
0.699765625,-112.67871978852
0.6998046875,-118.67871978852
0.69984375,-123.67871978852
0.6998828125,-125.67871978852
0.699921875,-125.67871978852
0.6999609375,-124.67871978852
0.7,-122.67871978852
0.7000390625,-115.67871978852
0.700078125,-110.67871978852
0.7001171875,-102.67871978852
0.70015625,-98.6787197885196
0.7001953125,-91.6787197885196
0.700234375,-79.6787197885196
0.7002734375,-65.6787197885196
0.7003125,-51.6787197885196
0.7003515625,-38.6787197885196
0.700390625,-27.6787197885196
0.7004296875,-16.6787197885196
0.70046875,-9.67871978851963
0.7005078125,-0.678719788519629
0.700546875,17.3212802114804
0.7005859375,31.3212802114804
0.700625,35.3212802114804
0.7006640625,44.3212802114804
0.700703125,54.3212802114804
0.7007421875,68.3212802114804
0.70078125,77.3212802114804
0.7008203125,81.3212802114804
0.700859375,88.3212802114804
0.7008984375,87.3212802114804
0.7009375,84.3212802114804
0.7009765625,81.3212802114804
0.701015625,76.3212802114804
0.7010546875,72.3212802114804
0.70109375,68.3212802114804
0.7011328125,68.3212802114804
0.701171875,65.3212802114804
0.7012109375,61.3212802114804
0.70125,53.3212802114804
0.7012890625,48.3212802114804
0.701328125,50.3212802114804
0.7013671875,50.3212802114804
0.70140625,48.3212802114804
0.7014453125,44.3212802114804
0.701484375,40.3212802114804
0.7015234375,34.3212802114804
0.7015625,27.3212802114804
0.7016015625,17.3212802114804
0.701640625,3.32128021148037
0.7016796875,-11.6787197885196
0.70171875,-24.6787197885196
0.7017578125,-32.6787197885196
0.701796875,-36.6787197885196
0.7018359375,-38.6787197885196
0.701875,-34.6787197885196
0.7019140625,-33.6787197885196
0.701953125,-30.6787197885196
0.7019921875,-23.6787197885196
0.70203125,-7.67871978851963
0.7020703125,7.32128021148037
0.702109375,18.3212802114804
0.7021484375,22.3212802114804
0.7021875,20.3212802114804
0.7022265625,12.3212802114804
0.702265625,5.32128021148037
0.7023046875,1.32128021148037
0.70234375,1.32128021148037
0.7023828125,0.321280211480371
0.702421875,-3.67871978851963
0.7024609375,-12.6787197885196
0.7025,-19.6787197885196
0.7025390625,-23.6787197885196
0.702578125,-23.6787197885196
0.7026171875,-22.6787197885196
0.70265625,-19.6787197885196
0.7026953125,-15.6787197885196
0.702734375,-11.6787197885196
0.7027734375,-3.67871978851963
0.7028125,5.32128021148037
0.7028515625,14.3212802114804
0.702890625,23.3212802114804
0.7029296875,27.3212802114804
0.70296875,31.3212802114804
0.7030078125,33.3212802114804
0.703046875,34.3212802114804
0.7030859375,36.3212802114804
0.703125,34.3212802114804
0.7031640625,26.3212802114804
0.703203125,16.3212802114804
0.7032421875,1.32128021148037
0.70328125,-8.67871978851963
0.7033203125,-17.6787197885196
0.703359375,-26.6787197885196
0.7033984375,-35.6787197885196
0.7034375,-44.6787197885196
0.7034765625,-53.6787197885196
0.703515625,-63.6787197885196
0.7035546875,-71.6787197885196
0.70359375,-75.6787197885196
0.7036328125,-77.6787197885196
0.703671875,-75.6787197885196
0.7037109375,-71.6787197885196
0.70375,-66.6787197885196
0.7037890625,-64.6787197885196
0.703828125,-58.6787197885196
0.7038671875,-50.6787197885196
0.70390625,-39.6787197885196
0.7039453125,-23.6787197885196
0.703984375,-2.67871978851963
0.7040234375,22.3212802114804
0.7040625,42.3212802114804
0.7041015625,61.3212802114804
0.704140625,76.3212802114804
0.7041796875,89.3212802114804
0.70421875,98.3212802114804
0.7042578125,103.32128021148
0.704296875,103.32128021148
0.7043359375,97.3212802114804
0.704375,88.3212802114804
0.7044140625,78.3212802114804
0.704453125,66.3212802114804
0.7044921875,53.3212802114804
0.70453125,42.3212802114804
0.7045703125,32.3212802114804
0.704609375,22.3212802114804
0.7046484375,11.3212802114804
0.7046875,0.321280211480371
0.7047265625,-10.6787197885196
0.704765625,-19.6787197885196
0.7048046875,-27.6787197885196
0.70484375,-34.6787197885196
0.7048828125,-38.6787197885196
0.704921875,-38.6787197885196
0.7049609375,-36.6787197885196
0.705,-33.6787197885196
0.7050390625,-29.6787197885196
0.705078125,-23.6787197885196
0.7051171875,-22.6787197885196
0.70515625,-21.6787197885196
0.7051953125,-19.6787197885196
0.705234375,-15.6787197885196
0.7052734375,-11.6787197885196
0.7053125,-7.67871978851963
0.7053515625,-7.67871978851963
0.705390625,-7.67871978851963
0.7054296875,-4.67871978851963
0.70546875,-1.67871978851963
0.7055078125,0.321280211480371
0.705546875,1.32128021148037
0.7055859375,2.32128021148037
0.705625,4.32128021148037
0.7056640625,6.32128021148037
0.705703125,9.32128021148037
0.7057421875,12.3212802114804
0.70578125,11.3212802114804
0.7058203125,9.32128021148037
0.705859375,7.32128021148037
0.7058984375,6.32128021148037
0.7059375,6.32128021148037
0.7059765625,8.32128021148037
0.706015625,8.32128021148037
0.7060546875,6.32128021148037
0.70609375,1.32128021148037
0.7061328125,-3.67871978851963
0.706171875,-6.67871978851963
0.7062109375,-6.67871978851963
0.70625,-6.67871978851963
0.7062890625,-5.67871978851963
0.706328125,-6.67871978851963
0.7063671875,-8.67871978851963
0.70640625,-8.67871978851963
0.7064453125,-9.67871978851963
0.706484375,-9.67871978851963
0.7065234375,-9.67871978851963
0.7065625,-10.6787197885196
0.7066015625,-15.6787197885196
0.706640625,-21.6787197885196
0.7066796875,-27.6787197885196
0.70671875,-33.6787197885196
0.7067578125,-40.6787197885196
0.706796875,-46.6787197885196
0.7068359375,-50.6787197885196
0.706875,-46.6787197885196
0.7069140625,-37.6787197885196
0.706953125,-32.6787197885196
0.7069921875,-29.6787197885196
0.70703125,-27.6787197885196
0.7070703125,-24.6787197885196
0.707109375,-21.6787197885196
0.7071484375,-16.6787197885196
0.7071875,-6.67871978851963
0.7072265625,4.32128021148037
0.707265625,15.3212802114804
0.7073046875,25.3212802114804
0.70734375,33.3212802114804
0.7073828125,39.3212802114804
0.707421875,43.3212802114804
0.7074609375,47.3212802114804
0.7075,47.3212802114804
0.7075390625,44.3212802114804
0.707578125,41.3212802114804
0.7076171875,32.3212802114804
0.70765625,24.3212802114804
0.7076953125,15.3212802114804
0.707734375,7.32128021148037
0.7077734375,1.32128021148037
0.7078125,-2.67871978851963
0.7078515625,-3.67871978851963
0.707890625,-3.67871978851963
0.7079296875,-0.678719788519629
0.70796875,0.321280211480371
0.7080078125,1.32128021148037
0.708046875,4.32128021148037
0.7080859375,6.32128021148037
0.708125,9.32128021148037
0.7081640625,9.32128021148037
0.708203125,8.32128021148037
0.7082421875,6.32128021148037
0.70828125,9.32128021148037
0.7083203125,11.3212802114804
0.708359375,14.3212802114804
0.7083984375,16.3212802114804
0.7084375,15.3212802114804
0.7084765625,13.3212802114804
0.708515625,13.3212802114804
0.7085546875,13.3212802114804
0.70859375,14.3212802114804
0.7086328125,16.3212802114804
0.708671875,13.3212802114804
0.7087109375,6.32128021148037
0.70875,0.321280211480371
0.7087890625,0.321280211480371
0.708828125,2.32128021148037
0.7088671875,8.32128021148037
0.70890625,12.3212802114804
0.7089453125,14.3212802114804
0.708984375,11.3212802114804
0.7090234375,9.32128021148037
0.7090625,4.32128021148037
0.7091015625,-0.678719788519629
0.709140625,-5.67871978851963
0.7091796875,-8.67871978851963
0.70921875,-11.6787197885196
0.7092578125,-15.6787197885196
0.709296875,-18.6787197885196
0.7093359375,-18.6787197885196
0.709375,-18.6787197885196
0.7094140625,-16.6787197885196
0.709453125,-14.6787197885196
0.7094921875,-7.67871978851963
0.70953125,-2.67871978851963
0.7095703125,0.321280211480371
0.709609375,0.321280211480371
0.7096484375,-1.67871978851963
0.7096875,-6.67871978851963
0.7097265625,-13.6787197885196
0.709765625,-22.6787197885196
0.7098046875,-29.6787197885196
0.70984375,-32.6787197885196
0.7098828125,-34.6787197885196
0.709921875,-33.6787197885196
0.7099609375,-30.6787197885196
0.71,-26.6787197885196
0.7100390625,-21.6787197885196
0.710078125,-14.6787197885196
0.7101171875,-7.67871978851963
0.71015625,0.321280211480371
0.7101953125,8.32128021148037
0.710234375,12.3212802114804
0.7102734375,10.3212802114804
0.7103125,3.32128021148037
0.7103515625,-8.67871978851963
0.710390625,-18.6787197885196
0.7104296875,-29.6787197885196
0.71046875,-33.6787197885196
0.7105078125,-31.6787197885196
0.710546875,-26.6787197885196
0.7105859375,-22.6787197885196
0.710625,-15.6787197885196
0.7106640625,-6.67871978851963
0.710703125,2.32128021148037
0.7107421875,12.3212802114804
0.71078125,23.3212802114804
0.7108203125,30.3212802114804
0.710859375,36.3212802114804
0.7108984375,38.3212802114804
0.7109375,36.3212802114804
0.7109765625,30.3212802114804
0.711015625,22.3212802114804
0.7110546875,15.3212802114804
0.71109375,10.3212802114804
0.7111328125,9.32128021148037
0.711171875,9.32128021148037
0.7112109375,16.3212802114804
0.71125,24.3212802114804
0.7112890625,31.3212802114804
0.711328125,37.3212802114804
0.7113671875,41.3212802114804
0.71140625,44.3212802114804
0.7114453125,47.3212802114804
0.711484375,49.3212802114804
0.7115234375,48.3212802114804
0.7115625,42.3212802114804
0.7116015625,31.3212802114804
0.711640625,19.3212802114804
0.7116796875,4.32128021148037
0.71171875,-7.67871978851963
0.7117578125,-16.6787197885196
0.711796875,-21.6787197885196
0.7118359375,-26.6787197885196
0.711875,-34.6787197885196
0.7119140625,-41.6787197885196
0.711953125,-45.6787197885196
0.7119921875,-48.6787197885196
0.71203125,-50.6787197885196
0.7120703125,-48.6787197885196
0.712109375,-47.6787197885196
0.7121484375,-41.6787197885196
0.7121875,-34.6787197885196
0.7122265625,-27.6787197885196
0.712265625,-21.6787197885196
0.7123046875,-14.6787197885196
0.71234375,-6.67871978851963
0.7123828125,3.32128021148037
0.712421875,13.3212802114804
0.7124609375,20.3212802114804
0.7125,29.3212802114804
0.7125390625,35.3212802114804
0.712578125,38.3212802114804
0.7126171875,37.3212802114804
0.71265625,35.3212802114804
0.7126953125,35.3212802114804
0.712734375,33.3212802114804
0.7127734375,33.3212802114804
0.7128125,30.3212802114804
0.7128515625,22.3212802114804
0.712890625,16.3212802114804
0.7129296875,7.32128021148037
0.71296875,-5.67871978851963
0.7130078125,-18.6787197885196
0.713046875,-29.6787197885196
0.7130859375,-36.6787197885196
0.713125,-41.6787197885196
0.7131640625,-44.6787197885196
0.713203125,-44.6787197885196
0.7132421875,-42.6787197885196
0.71328125,-39.6787197885196
0.7133203125,-34.6787197885196
0.713359375,-30.6787197885196
0.7133984375,-23.6787197885196
0.7134375,-17.6787197885196
0.7134765625,-10.6787197885196
0.713515625,-3.67871978851963
0.7135546875,1.32128021148037
0.71359375,3.32128021148037
0.7136328125,5.32128021148037
0.713671875,7.32128021148037
0.7137109375,11.3212802114804
0.71375,18.3212802114804
0.7137890625,22.3212802114804
0.713828125,23.3212802114804
0.7138671875,22.3212802114804
0.71390625,17.3212802114804
0.7139453125,11.3212802114804
0.713984375,5.32128021148037
0.7140234375,1.32128021148037
0.7140625,4.32128021148037
0.7141015625,5.32128021148037
0.714140625,1.32128021148037
0.7141796875,-2.67871978851963
0.71421875,-6.67871978851963
0.7142578125,-7.67871978851963
0.714296875,-8.67871978851963
0.7143359375,-8.67871978851963
0.714375,-4.67871978851963
0.7144140625,-1.67871978851963
0.714453125,-0.678719788519629
0.7144921875,-0.678719788519629
0.71453125,-2.67871978851963
0.7145703125,-3.67871978851963
0.714609375,-4.67871978851963
0.7146484375,-4.67871978851963
0.7146875,0.321280211480371
0.7147265625,4.32128021148037
0.714765625,10.3212802114804
0.7148046875,15.3212802114804
0.71484375,18.3212802114804
0.7148828125,24.3212802114804
0.714921875,26.3212802114804
0.7149609375,25.3212802114804
0.715,22.3212802114804
0.7150390625,19.3212802114804
0.715078125,14.3212802114804
0.7151171875,8.32128021148037
0.71515625,3.32128021148037
0.7151953125,-1.67871978851963
0.715234375,-6.67871978851963
0.7152734375,-9.67871978851963
0.7153125,-7.67871978851963
0.7153515625,-1.67871978851963
0.715390625,7.32128021148037
0.7154296875,14.3212802114804
0.71546875,18.3212802114804
0.7155078125,22.3212802114804
0.715546875,23.3212802114804
0.7155859375,22.3212802114804
0.715625,18.3212802114804
0.7156640625,12.3212802114804
0.715703125,8.32128021148037
0.7157421875,5.32128021148037
0.71578125,2.32128021148037
0.7158203125,-0.678719788519629
0.715859375,-2.67871978851963
0.7158984375,-5.67871978851963
0.7159375,-7.67871978851963
0.7159765625,-7.67871978851963
0.716015625,-8.67871978851963
0.7160546875,-7.67871978851963
0.71609375,-5.67871978851963
0.7161328125,-2.67871978851963
0.716171875,-2.67871978851963
0.7162109375,-3.67871978851963
0.71625,-7.67871978851963
0.7162890625,-13.6787197885196
0.716328125,-21.6787197885196
0.7163671875,-28.6787197885196
0.71640625,-34.6787197885196
0.7164453125,-42.6787197885196
0.716484375,-51.6787197885196
0.7165234375,-59.6787197885196
0.7165625,-65.6787197885196
0.7166015625,-67.6787197885196
0.716640625,-67.6787197885196
0.7166796875,-64.6787197885196
0.71671875,-57.6787197885196
0.7167578125,-48.6787197885196
0.716796875,-40.6787197885196
0.7168359375,-30.6787197885196
0.716875,-21.6787197885196
0.7169140625,-16.6787197885196
0.716953125,-10.6787197885196
0.7169921875,-3.67871978851963
0.71703125,3.32128021148037
0.7170703125,9.32128021148037
0.717109375,15.3212802114804
0.7171484375,19.3212802114804
0.7171875,24.3212802114804
0.7172265625,27.3212802114804
0.717265625,32.3212802114804
0.7173046875,40.3212802114804
0.71734375,47.3212802114804
0.7173828125,50.3212802114804
0.717421875,55.3212802114804
0.7174609375,59.3212802114804
0.7175,62.3212802114804
0.7175390625,63.3212802114804
0.717578125,64.3212802114804
0.7176171875,65.3212802114804
0.71765625,64.3212802114804
0.7176953125,61.3212802114804
0.717734375,57.3212802114804
0.7177734375,53.3212802114804
0.7178125,48.3212802114804
0.7178515625,40.3212802114804
0.717890625,29.3212802114804
0.7179296875,22.3212802114804
0.71796875,16.3212802114804
0.7180078125,11.3212802114804
0.718046875,6.32128021148037
0.7180859375,0.321280211480371
0.718125,-5.67871978851963
0.7181640625,-15.6787197885196
0.718203125,-25.6787197885196
0.7182421875,-34.6787197885196
0.71828125,-41.6787197885196
0.7183203125,-46.6787197885196
0.718359375,-52.6787197885196
0.7183984375,-64.6787197885196
0.7184375,-54.6787197885196
0.7184765625,4.32128021148037
0.718515625,42.3212802114804
0.7185546875,13.3212802114804
0.71859375,-19.6787197885196
0.7186328125,-27.6787197885196
0.718671875,-38.6787197885196
0.7187109375,-51.6787197885196
0.71875,-32.6787197885196
0.7187890625,13.3212802114804
0.718828125,55.3212802114804
0.7188671875,77.3212802114804
0.71890625,76.3212802114804
0.7189453125,56.3212802114804
0.718984375,39.3212802114804
0.7190234375,38.3212802114804
0.7190625,59.3212802114804
0.7191015625,82.3212802114804
0.719140625,89.3212802114804
0.7191796875,81.3212802114804
0.71921875,61.3212802114804
0.7192578125,34.3212802114804
0.719296875,10.3212802114804
0.7193359375,-5.67871978851963
0.719375,-17.6787197885196
0.7194140625,-29.6787197885196
0.719453125,-42.6787197885196
0.7194921875,-58.6787197885196
0.71953125,-89.6787197885196
0.7195703125,-131.67871978852
0.719609375,-173.67871978852
0.7196484375,-201.67871978852
0.7196875,-214.67871978852
0.7197265625,-222.67871978852
0.719765625,-236.67871978852
0.7198046875,-254.67871978852
0.71984375,-270.67871978852
0.7198828125,-275.67871978852
0.719921875,-261.67871978852
0.7199609375,-228.67871978852
0.72,-187.67871978852
0.7200390625,-141.67871978852
0.720078125,-96.6787197885196
0.7201171875,-48.6787197885196
0.72015625,-3.67871978851963
0.7201953125,37.3212802114804
0.720234375,76.3212802114804
0.7202734375,117.32128021148
0.7203125,156.32128021148
0.7203515625,188.32128021148
0.720390625,216.32128021148
0.7204296875,240.32128021148
0.72046875,263.32128021148
0.7205078125,285.32128021148
0.720546875,304.32128021148
0.7205859375,318.32128021148
0.720625,321.32128021148
0.7206640625,315.32128021148
0.720703125,299.32128021148
0.7207421875,273.32128021148
0.72078125,239.32128021148
0.7208203125,201.32128021148
0.720859375,161.32128021148
0.7208984375,116.32128021148
0.7209375,67.3212802114804
0.7209765625,19.3212802114804
0.721015625,-23.6787197885196
0.7210546875,-62.6787197885196
0.72109375,-99.6787197885196
0.7211328125,-132.67871978852
0.721171875,-159.67871978852
0.7212109375,-181.67871978852
0.72125,-193.67871978852
0.7212890625,-198.67871978852
0.721328125,-194.67871978852
0.7213671875,-183.67871978852
0.72140625,-170.67871978852
0.7214453125,-155.67871978852
0.721484375,-140.67871978852
0.7215234375,-121.67871978852
0.7215625,-98.6787197885196
0.7216015625,-73.6787197885196
0.721640625,-49.6787197885196
0.7216796875,-25.6787197885196
0.72171875,-3.67871978851963
0.7217578125,18.3212802114804
0.721796875,39.3212802114804
0.7218359375,57.3212802114804
0.721875,72.3212802114804
0.7219140625,84.3212802114804
0.721953125,94.3212802114804
0.7219921875,101.32128021148
0.72203125,108.32128021148
0.7220703125,116.32128021148
0.722109375,119.32128021148
0.7221484375,116.32128021148
0.7221875,114.32128021148
0.7222265625,113.32128021148
0.722265625,108.32128021148
0.7223046875,103.32128021148
0.72234375,98.3212802114804
0.7223828125,89.3212802114804
0.722421875,72.3212802114804
0.7224609375,51.3212802114804
0.7225,28.3212802114804
0.7225390625,4.32128021148037
0.722578125,-17.6787197885196
0.7226171875,-34.6787197885196
0.72265625,-51.6787197885196
0.7226953125,-67.6787197885196
0.722734375,-84.6787197885196
0.7227734375,-96.6787197885196
0.7228125,-104.67871978852
0.7228515625,-109.67871978852
0.722890625,-112.67871978852
0.7229296875,-116.67871978852
0.72296875,-122.67871978852
0.7230078125,-128.67871978852
0.723046875,-130.67871978852
0.7230859375,-136.67871978852
0.723125,-140.67871978852
0.7231640625,-138.67871978852
0.723203125,-132.67871978852
0.7232421875,-123.67871978852
0.72328125,-115.67871978852
0.7233203125,-110.67871978852
0.723359375,-109.67871978852
0.7233984375,-109.67871978852
0.7234375,-108.67871978852
0.7234765625,-101.67871978852
0.723515625,-85.6787197885196
0.7235546875,-66.6787197885196
0.72359375,-45.6787197885196
0.7236328125,-27.6787197885196
0.723671875,-12.6787197885196
0.7237109375,0.321280211480371
0.72375,14.3212802114804
0.7237890625,24.3212802114804
0.723828125,36.3212802114804
0.7238671875,47.3212802114804
0.72390625,58.3212802114804
0.7239453125,70.3212802114804
0.723984375,79.3212802114804
0.7240234375,89.3212802114804
0.7240625,102.32128021148
0.7241015625,112.32128021148
0.724140625,122.32128021148
0.7241796875,130.32128021148
0.72421875,134.32128021148
0.7242578125,136.32128021148
0.724296875,136.32128021148
0.7243359375,134.32128021148
0.724375,130.32128021148
0.7244140625,123.32128021148
0.724453125,115.32128021148
0.7244921875,107.32128021148
0.72453125,97.3212802114804
0.7245703125,86.3212802114804
0.724609375,76.3212802114804
0.7246484375,71.3212802114804
0.7246875,65.3212802114804
0.7247265625,55.3212802114804
0.724765625,46.3212802114804
0.7248046875,36.3212802114804
0.72484375,27.3212802114804
0.7248828125,15.3212802114804
0.724921875,1.32128021148037
0.7249609375,-15.6787197885196
0.725,-30.6787197885196
0.7250390625,-46.6787197885196
0.725078125,-63.6787197885196
0.7251171875,-77.6787197885196
0.72515625,-87.6787197885196
0.7251953125,-95.6787197885196
0.725234375,-96.6787197885196
0.7252734375,-91.6787197885196
0.7253125,-84.6787197885196
0.7253515625,-73.6787197885196
0.725390625,-60.6787197885196
0.7254296875,-48.6787197885196
0.72546875,-34.6787197885196
0.7255078125,-20.6787197885196
0.725546875,-8.67871978851963
0.7255859375,-1.67871978851963
0.725625,2.32128021148037
0.7256640625,-0.678719788519629
0.725703125,-8.67871978851963
0.7257421875,-20.6787197885196
0.72578125,-26.6787197885196
0.7258203125,-30.6787197885196
0.725859375,-35.6787197885196
0.7258984375,-37.6787197885196
0.7259375,-39.6787197885196
0.7259765625,-42.6787197885196
0.726015625,-42.6787197885196
0.7260546875,-39.6787197885196
0.72609375,-32.6787197885196
0.7261328125,-20.6787197885196
0.726171875,-6.67871978851963
0.7262109375,3.32128021148037
0.72625,11.3212802114804
0.7262890625,19.3212802114804
0.726328125,24.3212802114804
0.7263671875,26.3212802114804
0.72640625,27.3212802114804
0.7264453125,27.3212802114804
0.726484375,22.3212802114804
0.7265234375,17.3212802114804
0.7265625,15.3212802114804
0.7266015625,11.3212802114804
0.726640625,3.32128021148037
0.7266796875,-8.67871978851963
0.72671875,-18.6787197885196
0.7267578125,-24.6787197885196
0.726796875,-28.6787197885196
0.7268359375,-31.6787197885196
0.726875,-34.6787197885196
0.7269140625,-37.6787197885196
0.726953125,-41.6787197885196
0.7269921875,-43.6787197885196
0.72703125,-41.6787197885196
0.7270703125,-37.6787197885196
0.727109375,-31.6787197885196
0.7271484375,-24.6787197885196
0.7271875,-19.6787197885196
0.7272265625,-16.6787197885196
0.727265625,-12.6787197885196
0.7273046875,-6.67871978851963
0.72734375,1.32128021148037
0.7273828125,13.3212802114804
0.727421875,23.3212802114804
0.7274609375,35.3212802114804
0.7275,46.3212802114804
0.7275390625,56.3212802114804
0.727578125,64.3212802114804
0.7276171875,72.3212802114804
0.72765625,76.3212802114804
0.7276953125,75.3212802114804
0.727734375,76.3212802114804
0.7277734375,76.3212802114804
0.7278125,75.3212802114804
0.7278515625,78.3212802114804
0.727890625,81.3212802114804
0.7279296875,82.3212802114804
0.72796875,83.3212802114804
0.7280078125,82.3212802114804
0.728046875,82.3212802114804
0.7280859375,76.3212802114804
0.728125,64.3212802114804
0.7281640625,51.3212802114804
0.728203125,38.3212802114804
0.7282421875,20.3212802114804
0.72828125,-0.678719788519629
0.7283203125,-21.6787197885196
0.728359375,-38.6787197885196
0.7283984375,-50.6787197885196
0.7284375,-59.6787197885196
0.7284765625,-64.6787197885196
0.728515625,-67.6787197885196
0.7285546875,-66.6787197885196
0.72859375,-67.6787197885196
0.7286328125,-69.6787197885196
0.728671875,-69.6787197885196
0.7287109375,-63.6787197885196
0.72875,-58.6787197885196
0.7287890625,-54.6787197885196
0.728828125,-49.6787197885196
0.7288671875,-47.6787197885196
0.72890625,-44.6787197885196
0.7289453125,-39.6787197885196
0.728984375,-34.6787197885196
0.7290234375,-26.6787197885196
0.7290625,-21.6787197885196
0.7291015625,-16.6787197885196
0.729140625,-11.6787197885196
0.7291796875,-8.67871978851963
0.72921875,-3.67871978851963
0.7292578125,4.32128021148037
0.729296875,10.3212802114804
0.7293359375,16.3212802114804
0.729375,19.3212802114804
0.7294140625,22.3212802114804
0.729453125,25.3212802114804
0.7294921875,26.3212802114804
0.72953125,26.3212802114804
0.7295703125,25.3212802114804
0.729609375,21.3212802114804
0.7296484375,20.3212802114804
0.7296875,19.3212802114804
0.7297265625,17.3212802114804
0.729765625,16.3212802114804
0.7298046875,13.3212802114804
0.72984375,11.3212802114804
0.7298828125,7.32128021148037
0.729921875,5.32128021148037
0.7299609375,3.32128021148037
0.73,3.32128021148037
0.7300390625,5.32128021148037
0.730078125,7.32128021148037
0.7301171875,7.32128021148037
0.73015625,4.32128021148037
0.7301953125,-1.67871978851963
0.730234375,-9.67871978851963
0.7302734375,-17.6787197885196
0.7303125,-21.6787197885196
0.7303515625,-23.6787197885196
0.730390625,-24.6787197885196
0.7304296875,-26.6787197885196
0.73046875,-29.6787197885196
0.7305078125,-32.6787197885196
0.730546875,-34.6787197885196
0.7305859375,-35.6787197885196
0.730625,-34.6787197885196
0.7306640625,-28.6787197885196
0.730703125,-22.6787197885196
0.7307421875,-19.6787197885196
0.73078125,-17.6787197885196
0.7308203125,-14.6787197885196
0.730859375,-11.6787197885196
0.7308984375,-8.67871978851963
0.7309375,-5.67871978851963
0.7309765625,-0.678719788519629
0.731015625,5.32128021148037
0.7310546875,11.3212802114804
0.73109375,17.3212802114804
0.7311328125,23.3212802114804
0.731171875,26.3212802114804
0.7312109375,26.3212802114804
0.73125,28.3212802114804
0.7312890625,31.3212802114804
0.731328125,35.3212802114804
0.7313671875,40.3212802114804
0.73140625,35.3212802114804
0.7314453125,28.3212802114804
0.731484375,23.3212802114804
0.7315234375,18.3212802114804
0.7315625,13.3212802114804
0.7316015625,11.3212802114804
0.731640625,9.32128021148037
0.7316796875,5.32128021148037
0.73171875,-0.678719788519629
0.7317578125,-7.67871978851963
0.731796875,-13.6787197885196
0.7318359375,-19.6787197885196
0.731875,-25.6787197885196
0.7319140625,-30.6787197885196
0.731953125,-29.6787197885196
0.7319921875,-30.6787197885196
0.73203125,-27.6787197885196
0.7320703125,-20.6787197885196
0.732109375,-13.6787197885196
0.7321484375,-9.67871978851963
0.7321875,-2.67871978851963
0.7322265625,4.32128021148037
0.732265625,14.3212802114804
0.7323046875,28.3212802114804
0.73234375,39.3212802114804
0.7323828125,46.3212802114804
0.732421875,49.3212802114804
0.7324609375,51.3212802114804
0.7325,48.3212802114804
0.7325390625,42.3212802114804
0.732578125,32.3212802114804
0.7326171875,26.3212802114804
0.73265625,21.3212802114804
0.7326953125,15.3212802114804
0.732734375,9.32128021148037
0.7327734375,3.32128021148037
0.7328125,-0.678719788519629
0.7328515625,-2.67871978851963
0.732890625,-3.67871978851963
0.7329296875,-3.67871978851963
0.73296875,-4.67871978851963
0.7330078125,-10.6787197885196
0.733046875,-16.6787197885196
0.7330859375,-22.6787197885196
0.733125,-30.6787197885196
0.7331640625,-38.6787197885196
0.733203125,-43.6787197885196
0.7332421875,-44.6787197885196
0.73328125,-43.6787197885196
0.7333203125,-41.6787197885196
0.733359375,-33.6787197885196
0.7333984375,-25.6787197885196
0.7334375,-12.6787197885196
0.7334765625,0.321280211480371
0.733515625,12.3212802114804
0.7335546875,23.3212802114804
0.73359375,32.3212802114804
0.7336328125,39.3212802114804
0.733671875,44.3212802114804
0.7337109375,44.3212802114804
0.73375,38.3212802114804
0.7337890625,25.3212802114804
0.733828125,10.3212802114804
0.7338671875,-5.67871978851963
0.73390625,-19.6787197885196
0.7339453125,-30.6787197885196
0.733984375,-37.6787197885196
0.7340234375,-43.6787197885196
0.7340625,-49.6787197885196
0.7341015625,-53.6787197885196
0.734140625,-54.6787197885196
0.7341796875,-52.6787197885196
0.73421875,-47.6787197885196
0.7342578125,-38.6787197885196
0.734296875,-31.6787197885196
0.7343359375,-25.6787197885196
0.734375,-21.6787197885196
0.7344140625,-16.6787197885196
0.734453125,-12.6787197885196
0.7344921875,-6.67871978851963
0.73453125,2.32128021148037
0.7345703125,10.3212802114804
0.734609375,17.3212802114804
0.7346484375,22.3212802114804
0.7346875,27.3212802114804
0.7347265625,30.3212802114804
0.734765625,33.3212802114804
0.7348046875,33.3212802114804
0.73484375,36.3212802114804
0.7348828125,39.3212802114804
0.734921875,38.3212802114804
0.7349609375,37.3212802114804
0.735,35.3212802114804
0.7350390625,32.3212802114804
0.735078125,25.3212802114804
0.7351171875,18.3212802114804
0.73515625,9.32128021148037
0.7351953125,3.32128021148037
0.735234375,-1.67871978851963
0.7352734375,-4.67871978851963
0.7353125,-3.67871978851963
0.7353515625,-4.67871978851963
0.735390625,-5.67871978851963
0.7354296875,-7.67871978851963
0.73546875,-8.67871978851963
0.7355078125,-9.67871978851963
0.735546875,-8.67871978851963
0.7355859375,-5.67871978851963
0.735625,-2.67871978851963
0.7356640625,-2.67871978851963
0.735703125,-3.67871978851963
0.7357421875,-4.67871978851963
0.73578125,-5.67871978851963
0.7358203125,-3.67871978851963
0.735859375,3.32128021148037
0.7358984375,10.3212802114804
0.7359375,17.3212802114804
0.7359765625,22.3212802114804
0.736015625,28.3212802114804
0.7360546875,31.3212802114804
0.73609375,32.3212802114804
0.7361328125,33.3212802114804
0.736171875,34.3212802114804
0.7362109375,34.3212802114804
0.73625,30.3212802114804
0.7362890625,27.3212802114804
0.736328125,25.3212802114804
0.7363671875,19.3212802114804
0.73640625,14.3212802114804
0.7364453125,7.32128021148037
0.736484375,1.32128021148037
0.7365234375,-1.67871978851963
0.7365625,-3.67871978851963
0.7366015625,-5.67871978851963
0.736640625,-10.6787197885196
0.7366796875,-19.6787197885196
0.73671875,-28.6787197885196
0.7367578125,-37.6787197885196
0.736796875,-45.6787197885196
0.7368359375,-50.6787197885196
0.736875,-52.6787197885196
0.7369140625,-55.6787197885196
0.736953125,-59.6787197885196
0.7369921875,-62.6787197885196
0.73703125,-63.6787197885196
0.7370703125,-62.6787197885196
0.737109375,-60.6787197885196
0.7371484375,-58.6787197885196
0.7371875,-55.6787197885196
0.7372265625,-51.6787197885196
0.737265625,-43.6787197885196
0.7373046875,-34.6787197885196
0.73734375,-23.6787197885196
0.7373828125,-14.6787197885196
0.737421875,-8.67871978851963
0.7374609375,0.321280211480371
0.7375,13.3212802114804
0.7375390625,25.3212802114804
0.737578125,36.3212802114804
0.7376171875,47.3212802114804
0.73765625,54.3212802114804
0.7376953125,59.3212802114804
0.737734375,64.3212802114804
0.7377734375,68.3212802114804
0.7378125,70.3212802114804
0.7378515625,72.3212802114804
0.737890625,71.3212802114804
0.7379296875,67.3212802114804
0.73796875,58.3212802114804
0.7380078125,46.3212802114804
0.738046875,33.3212802114804
0.7380859375,19.3212802114804
0.738125,5.32128021148037
0.7381640625,-8.67871978851963
0.738203125,-17.6787197885196
0.7382421875,-24.6787197885196
0.73828125,-30.6787197885196
0.7383203125,-35.6787197885196
0.738359375,-38.6787197885196
0.7383984375,-39.6787197885196
0.7384375,-37.6787197885196
0.7384765625,-30.6787197885196
0.738515625,-21.6787197885196
0.7385546875,-11.6787197885196
0.73859375,-6.67871978851963
0.7386328125,-4.67871978851963
0.738671875,-1.67871978851963
0.7387109375,2.32128021148037
0.73875,8.32128021148037
0.7387890625,16.3212802114804
0.738828125,23.3212802114804
0.7388671875,26.3212802114804
0.73890625,29.3212802114804
0.7389453125,33.3212802114804
0.738984375,36.3212802114804
0.7390234375,36.3212802114804
0.7390625,35.3212802114804
0.7391015625,31.3212802114804
0.739140625,23.3212802114804
0.7391796875,15.3212802114804
0.73921875,7.32128021148037
0.7392578125,-1.67871978851963
0.739296875,-12.6787197885196
0.7393359375,-18.6787197885196
0.739375,-26.6787197885196
0.7394140625,-28.6787197885196
0.739453125,-26.6787197885196
0.7394921875,-19.6787197885196
0.73953125,-17.6787197885196
0.7395703125,-17.6787197885196
0.739609375,-20.6787197885196
0.7396484375,-27.6787197885196
0.7396875,-34.6787197885196
0.7397265625,-38.6787197885196
0.739765625,-40.6787197885196
0.7398046875,-43.6787197885196
0.73984375,-45.6787197885196
0.7398828125,-47.6787197885196
0.739921875,-47.6787197885196
0.7399609375,-43.6787197885196
0.74,-38.6787197885196
0.7400390625,-33.6787197885196
0.740078125,-27.6787197885196
0.7401171875,-15.6787197885196
0.74015625,-5.67871978851963
0.7401953125,4.32128021148037
0.740234375,13.3212802114804
0.7402734375,19.3212802114804
0.7403125,22.3212802114804
0.7403515625,24.3212802114804
0.740390625,25.3212802114804
0.7404296875,27.3212802114804
0.74046875,27.3212802114804
0.7405078125,26.3212802114804
0.740546875,25.3212802114804
0.7405859375,20.3212802114804
0.740625,17.3212802114804
0.7406640625,12.3212802114804
0.740703125,12.3212802114804
0.7407421875,15.3212802114804
0.74078125,19.3212802114804
0.7408203125,23.3212802114804
0.740859375,27.3212802114804
0.7408984375,27.3212802114804
0.7409375,28.3212802114804
0.7409765625,28.3212802114804
0.741015625,26.3212802114804
0.7410546875,22.3212802114804
0.74109375,18.3212802114804
0.7411328125,13.3212802114804
0.741171875,7.32128021148037
0.7412109375,-0.678719788519629
0.74125,-6.67871978851963
0.7412890625,-14.6787197885196
0.741328125,-18.6787197885196
0.7413671875,-18.6787197885196
0.74140625,-13.6787197885196
0.7414453125,-8.67871978851963
0.741484375,-3.67871978851963
0.7415234375,1.32128021148037
0.7415625,7.32128021148037
0.7416015625,10.3212802114804
0.741640625,12.3212802114804
0.7416796875,13.3212802114804
0.74171875,13.3212802114804
0.7417578125,14.3212802114804
0.741796875,13.3212802114804
0.7418359375,9.32128021148037
0.741875,5.32128021148037
0.7419140625,-0.678719788519629
0.741953125,-7.67871978851963
0.7419921875,-9.67871978851963
0.74203125,-6.67871978851963
0.7420703125,-2.67871978851963
0.742109375,-1.67871978851963
0.7421484375,0.321280211480371
0.7421875,-1.67871978851963
0.7422265625,-1.67871978851963
0.742265625,-4.67871978851963
0.7423046875,-9.67871978851963
0.74234375,-15.6787197885196
0.7423828125,-20.6787197885196
0.742421875,-24.6787197885196
0.7424609375,-29.6787197885196
0.7425,-33.6787197885196
0.7425390625,-38.6787197885196
0.742578125,-39.6787197885196
0.7426171875,-39.6787197885196
0.74265625,-35.6787197885196
0.7426953125,-25.6787197885196
0.742734375,-13.6787197885196
0.7427734375,-2.67871978851963
0.7428125,57.3212802114804
0.7428515625,119.32128021148
0.742890625,145.32128021148
0.7429296875,138.32128021148
0.74296875,113.32128021148
0.7430078125,94.3212802114804
0.743046875,76.3212802114804
0.7430859375,67.3212802114804
0.743125,80.3212802114804
0.7431640625,88.3212802114804
0.743203125,75.3212802114804
0.7432421875,49.3212802114804
0.74328125,31.3212802114804
0.7433203125,24.3212802114804
0.743359375,28.3212802114804
0.7433984375,41.3212802114804
0.7434375,44.3212802114804
0.7434765625,32.3212802114804
0.743515625,4.32128021148037
0.7435546875,-31.6787197885196
0.74359375,-72.6787197885196
0.7436328125,-115.67871978852
0.743671875,-148.67871978852
0.7437109375,-168.67871978852
0.74375,-187.67871978852
0.7437890625,-217.67871978852
0.743828125,-255.67871978852
0.7438671875,-292.67871978852
0.74390625,-319.67871978852
0.7439453125,-332.67871978852
0.743984375,-327.67871978852
0.7440234375,-305.67871978852
0.7440625,-278.67871978852
0.7441015625,-247.67871978852
0.744140625,-210.67871978852
0.7441796875,-164.67871978852
0.74421875,-109.67871978852
0.7442578125,-51.6787197885196
0.744296875,10.3212802114804
0.7443359375,76.3212802114804
0.744375,143.32128021148
0.7444140625,199.32128021148
0.744453125,239.32128021148
0.7444921875,268.32128021148
0.74453125,285.32128021148
0.7445703125,292.32128021148
0.744609375,293.32128021148
0.7446484375,290.32128021148
0.7446875,282.32128021148
0.7447265625,268.32128021148
0.744765625,249.32128021148
0.7448046875,227.32128021148
0.74484375,205.32128021148
0.7448828125,181.32128021148
0.744921875,152.32128021148
0.7449609375,121.32128021148
0.745,89.3212802114804
0.7450390625,55.3212802114804
0.745078125,23.3212802114804
0.7451171875,-7.67871978851963
0.74515625,-35.6787197885196
0.7451953125,-52.6787197885196
0.745234375,-69.6787197885196
0.7452734375,-83.6787197885196
0.7453125,-91.6787197885196
0.7453515625,-93.6787197885196
0.745390625,-95.6787197885196
0.7454296875,-96.6787197885196
0.74546875,-96.6787197885196
0.7455078125,-97.6787197885196
0.745546875,-101.67871978852
0.7455859375,-101.67871978852
0.745625,-93.6787197885196
0.7456640625,-80.6787197885196
0.745703125,-58.6787197885196
0.7457421875,-38.6787197885196
0.74578125,-19.6787197885196
0.7458203125,-1.67871978851963
0.745859375,11.3212802114804
0.7458984375,22.3212802114804
0.7459375,33.3212802114804
0.7459765625,43.3212802114804
0.746015625,49.3212802114804
0.7460546875,48.3212802114804
0.74609375,46.3212802114804
0.7461328125,45.3212802114804
0.746171875,46.3212802114804
0.7462109375,47.3212802114804
0.74625,50.3212802114804
0.7462890625,56.3212802114804
0.746328125,63.3212802114804
0.7463671875,68.3212802114804
0.74640625,72.3212802114804
0.7464453125,74.3212802114804
0.746484375,69.3212802114804
0.7465234375,59.3212802114804
0.7465625,47.3212802114804
0.7466015625,37.3212802114804
0.746640625,28.3212802114804
0.7466796875,15.3212802114804
0.74671875,3.32128021148037
0.7467578125,-7.67871978851963
0.746796875,-14.6787197885196
0.7468359375,-17.6787197885196
0.746875,-16.6787197885196
0.7469140625,-11.6787197885196
0.746953125,-5.67871978851963
0.7469921875,-1.67871978851963
0.74703125,-3.67871978851963
0.7470703125,-8.67871978851963
0.747109375,-17.6787197885196
0.7471484375,-29.6787197885196
0.7471875,-46.6787197885196
0.7472265625,-66.6787197885196
0.747265625,-84.6787197885196
0.7473046875,-98.6787197885196
0.74734375,-112.67871978852
0.7473828125,-125.67871978852
0.747421875,-134.67871978852
0.7474609375,-138.67871978852
0.7475,-136.67871978852
0.7475390625,-128.67871978852
0.747578125,-119.67871978852
0.7476171875,-107.67871978852
0.74765625,-96.6787197885196
0.7476953125,-89.6787197885196
0.747734375,-85.6787197885196
0.7477734375,-79.6787197885196
0.7478125,-76.6787197885196
0.7478515625,-71.6787197885196
0.747890625,-66.6787197885196
0.7479296875,-56.6787197885196
0.74796875,-44.6787197885196
0.7480078125,-30.6787197885196
0.748046875,-16.6787197885196
0.7480859375,-2.67871978851963
0.748125,12.3212802114804
0.7481640625,27.3212802114804
0.748203125,40.3212802114804
0.7482421875,51.3212802114804
0.74828125,59.3212802114804
0.7483203125,67.3212802114804
0.748359375,75.3212802114804
0.7483984375,83.3212802114804
0.7484375,88.3212802114804
0.7484765625,89.3212802114804
0.748515625,85.3212802114804
0.7485546875,86.3212802114804
0.74859375,94.3212802114804
0.7486328125,96.3212802114804
0.748671875,96.3212802114804
0.7487109375,93.3212802114804
0.74875,89.3212802114804
0.7487890625,84.3212802114804
0.748828125,77.3212802114804
0.7488671875,71.3212802114804
0.74890625,69.3212802114804
0.7489453125,62.3212802114804
0.748984375,52.3212802114804
0.7490234375,45.3212802114804
0.7490625,39.3212802114804
0.7491015625,30.3212802114804
0.749140625,20.3212802114804
0.7491796875,10.3212802114804
0.74921875,0.321280211480371
0.7492578125,-9.67871978851963
0.749296875,-15.6787197885196
0.7493359375,-22.6787197885196
0.749375,-29.6787197885196
0.7494140625,-35.6787197885196
0.749453125,-42.6787197885196
0.7494921875,-43.6787197885196
0.74953125,-39.6787197885196
0.7495703125,-36.6787197885196
0.749609375,-38.6787197885196
0.7496484375,-39.6787197885196
0.7496875,-43.6787197885196
0.7497265625,-48.6787197885196
0.749765625,-54.6787197885196
0.7498046875,-61.6787197885196
0.74984375,-68.6787197885196
0.7498828125,-71.6787197885196
0.749921875,-71.6787197885196
0.7499609375,-67.6787197885196
0.75,-60.6787197885196
0.7500390625,-50.6787197885196
0.750078125,-38.6787197885196
0.7501171875,-27.6787197885196
0.75015625,-13.6787197885196
0.7501953125,-2.67871978851963
0.750234375,9.32128021148037
0.7502734375,18.3212802114804
0.7503125,21.3212802114804
0.7503515625,20.3212802114804
0.750390625,18.3212802114804
0.7504296875,16.3212802114804
0.75046875,16.3212802114804
0.7505078125,15.3212802114804
0.750546875,16.3212802114804
0.7505859375,18.3212802114804
0.750625,26.3212802114804
0.7506640625,33.3212802114804
0.750703125,37.3212802114804
0.7507421875,35.3212802114804
0.75078125,30.3212802114804
0.7508203125,27.3212802114804
0.750859375,24.3212802114804
0.7508984375,19.3212802114804
0.7509375,12.3212802114804
0.7509765625,3.32128021148037
0.751015625,-6.67871978851963
0.7510546875,-12.6787197885196
0.75109375,-15.6787197885196
0.7511328125,-14.6787197885196
0.751171875,-11.6787197885196
0.7512109375,-9.67871978851963
0.75125,-8.67871978851963
0.7512890625,-6.67871978851963
0.751328125,-7.67871978851963
0.7513671875,-5.67871978851963
0.75140625,-3.67871978851963
0.7514453125,-0.678719788519629
0.751484375,3.32128021148037
0.7515234375,9.32128021148037
0.7515625,17.3212802114804
0.7516015625,28.3212802114804
0.751640625,38.3212802114804
0.7516796875,47.3212802114804
0.75171875,53.3212802114804
0.7517578125,57.3212802114804
0.751796875,60.3212802114804
0.7518359375,60.3212802114804
0.751875,58.3212802114804
0.7519140625,52.3212802114804
0.751953125,42.3212802114804
0.7519921875,29.3212802114804
0.75203125,17.3212802114804
0.7520703125,4.32128021148037
0.752109375,-4.67871978851963
0.7521484375,-9.67871978851963
0.7521875,-7.67871978851963
0.7522265625,-5.67871978851963
0.752265625,-3.67871978851963
0.7523046875,-0.678719788519629
0.75234375,-0.678719788519629
0.7523828125,-0.678719788519629
0.752421875,-1.67871978851963
0.7524609375,-3.67871978851963
0.7525,-7.67871978851963
0.7525390625,-14.6787197885196
0.752578125,-18.6787197885196
0.7526171875,-23.6787197885196
0.75265625,-27.6787197885196
0.7526953125,-33.6787197885196
0.752734375,-39.6787197885196
0.7527734375,-41.6787197885196
0.7528125,-38.6787197885196
0.7528515625,-33.6787197885196
0.752890625,-27.6787197885196
0.7529296875,-23.6787197885196
0.75296875,-22.6787197885196
0.7530078125,-23.6787197885196
0.753046875,-21.6787197885196
0.7530859375,-15.6787197885196
0.753125,-5.67871978851963
0.7531640625,4.32128021148037
0.753203125,11.3212802114804
0.7532421875,14.3212802114804
0.75328125,16.3212802114804
0.7533203125,14.3212802114804
0.753359375,12.3212802114804
0.7533984375,12.3212802114804
0.7534375,13.3212802114804
0.7534765625,14.3212802114804
0.753515625,17.3212802114804
0.7535546875,21.3212802114804
0.75359375,21.3212802114804
0.7536328125,21.3212802114804
0.753671875,18.3212802114804
0.7537109375,12.3212802114804
0.75375,3.32128021148037
0.7537890625,-6.67871978851963
0.753828125,-16.6787197885196
0.7538671875,-31.6787197885196
0.75390625,-48.6787197885196
0.7539453125,-62.6787197885196
0.753984375,-73.6787197885196
0.7540234375,-79.6787197885196
0.7540625,-80.6787197885196
0.7541015625,-74.6787197885196
0.754140625,-64.6787197885196
0.7541796875,-53.6787197885196
0.75421875,-41.6787197885196
0.7542578125,-26.6787197885196
0.754296875,-12.6787197885196
0.7543359375,0.321280211480371
0.754375,11.3212802114804
0.7544140625,22.3212802114804
0.754453125,27.3212802114804
0.7544921875,28.3212802114804
0.75453125,25.3212802114804
0.7545703125,21.3212802114804
0.754609375,14.3212802114804
0.7546484375,10.3212802114804
0.7546875,10.3212802114804
0.7547265625,13.3212802114804
0.754765625,18.3212802114804
0.7548046875,23.3212802114804
0.75484375,30.3212802114804
0.7548828125,37.3212802114804
0.754921875,45.3212802114804
0.7549609375,52.3212802114804
0.755,55.3212802114804
0.7550390625,53.3212802114804
0.755078125,49.3212802114804
0.7551171875,47.3212802114804
0.75515625,43.3212802114804
0.7551953125,35.3212802114804
0.755234375,22.3212802114804
0.7552734375,7.32128021148037
0.7553125,-5.67871978851963
0.7553515625,-16.6787197885196
0.755390625,-19.6787197885196
0.7554296875,-24.6787197885196
0.75546875,-29.6787197885196
0.7555078125,-31.6787197885196
0.755546875,-32.6787197885196
0.7555859375,-31.6787197885196
0.755625,-30.6787197885196
0.7556640625,-27.6787197885196
0.755703125,-22.6787197885196
0.7557421875,-17.6787197885196
0.75578125,-14.6787197885196
0.7558203125,-14.6787197885196
0.755859375,-11.6787197885196
0.7558984375,-9.67871978851963
0.7559375,-8.67871978851963
0.7559765625,-11.6787197885196
0.756015625,-12.6787197885196
0.7560546875,-10.6787197885196
0.75609375,-4.67871978851963
0.7561328125,0.321280211480371
0.756171875,6.32128021148037
0.7562109375,9.32128021148037
0.75625,10.3212802114804
0.7562890625,10.3212802114804
0.756328125,13.3212802114804
0.7563671875,22.3212802114804
0.75640625,29.3212802114804
0.7564453125,36.3212802114804
0.756484375,39.3212802114804
0.7565234375,38.3212802114804
0.7565625,34.3212802114804
0.7566015625,30.3212802114804
0.756640625,22.3212802114804
0.7566796875,15.3212802114804
0.75671875,9.32128021148037
0.7567578125,5.32128021148037
0.756796875,1.32128021148037
0.7568359375,-2.67871978851963
0.756875,-7.67871978851963
0.7569140625,-9.67871978851963
0.756953125,-11.6787197885196
0.7569921875,-13.6787197885196
0.75703125,-13.6787197885196
0.7570703125,-12.6787197885196
0.757109375,-13.6787197885196
0.7571484375,-15.6787197885196
0.7571875,-17.6787197885196
0.7572265625,-23.6787197885196
0.757265625,-27.6787197885196
0.7573046875,-28.6787197885196
0.75734375,-23.6787197885196
0.7573828125,-14.6787197885196
0.757421875,-4.67871978851963
0.7574609375,3.32128021148037
0.7575,9.32128021148037
0.7575390625,15.3212802114804
0.757578125,21.3212802114804
0.7576171875,27.3212802114804
0.75765625,30.3212802114804
0.7576953125,27.3212802114804
0.757734375,20.3212802114804
0.7577734375,14.3212802114804
0.7578125,4.32128021148037
0.7578515625,-4.67871978851963
0.757890625,-9.67871978851963
0.7579296875,-14.6787197885196
0.75796875,-18.6787197885196
0.7580078125,-20.6787197885196
0.758046875,-18.6787197885196
0.7580859375,-18.6787197885196
0.758125,-14.6787197885196
0.7581640625,-11.6787197885196
0.758203125,-10.6787197885196
0.7582421875,-12.6787197885196
0.75828125,-14.6787197885196
0.7583203125,-13.6787197885196
0.758359375,-10.6787197885196
0.7583984375,-10.6787197885196
0.7584375,-10.6787197885196
0.7584765625,-9.67871978851963
0.758515625,-8.67871978851963
0.7585546875,-4.67871978851963
0.75859375,2.32128021148037
0.7586328125,9.32128021148037
0.758671875,16.3212802114804
0.7587109375,24.3212802114804
0.75875,30.3212802114804
0.7587890625,34.3212802114804
0.758828125,36.3212802114804
0.7588671875,33.3212802114804
0.75890625,29.3212802114804
0.7589453125,25.3212802114804
0.758984375,22.3212802114804
0.7590234375,22.3212802114804
0.7590625,18.3212802114804
0.7591015625,13.3212802114804
0.759140625,8.32128021148037
0.7591796875,0.321280211480371
0.75921875,-6.67871978851963
0.7592578125,-15.6787197885196
0.759296875,-21.6787197885196
0.7593359375,-28.6787197885196
0.759375,-35.6787197885196
0.7594140625,-40.6787197885196
0.759453125,-44.6787197885196
0.7594921875,-47.6787197885196
0.75953125,-48.6787197885196
0.7595703125,-49.6787197885196
0.759609375,-43.6787197885196
0.7596484375,-36.6787197885196
0.7596875,-28.6787197885196
0.7597265625,-19.6787197885196
0.759765625,-10.6787197885196
0.7598046875,-1.67871978851963
0.75984375,4.32128021148037
0.7598828125,8.32128021148037
0.759921875,13.3212802114804
0.7599609375,18.3212802114804
0.76,25.3212802114804
0.7600390625,30.3212802114804
0.760078125,34.3212802114804
0.7601171875,36.3212802114804
0.76015625,35.3212802114804
0.7601953125,32.3212802114804
0.760234375,29.3212802114804
0.7602734375,26.3212802114804
0.7603125,21.3212802114804
0.7603515625,14.3212802114804
0.760390625,9.32128021148037
0.7604296875,5.32128021148037
0.76046875,3.32128021148037
0.7605078125,-0.678719788519629
0.760546875,-2.67871978851963
0.7605859375,-0.678719788519629
0.760625,-0.678719788519629
0.7606640625,0.321280211480371
0.760703125,0.321280211480371
0.7607421875,-1.67871978851963
0.76078125,-2.67871978851963
0.7608203125,-3.67871978851963
0.760859375,-4.67871978851963
0.7608984375,-6.67871978851963
0.7609375,-5.67871978851963
0.7609765625,-4.67871978851963
0.761015625,0.321280211480371
0.7610546875,1.32128021148037
0.76109375,3.32128021148037
0.7611328125,6.32128021148037
0.761171875,5.32128021148037
0.7612109375,3.32128021148037
0.76125,4.32128021148037
0.7612890625,4.32128021148037
0.761328125,1.32128021148037
0.7613671875,-2.67871978851963
0.76140625,-6.67871978851963
0.7614453125,-13.6787197885196
0.761484375,-18.6787197885196
0.7615234375,-16.6787197885196
0.7615625,-12.6787197885196
0.7616015625,-5.67871978851963
0.761640625,-0.678719788519629
0.7616796875,2.32128021148037
0.76171875,4.32128021148037
0.7617578125,4.32128021148037
0.761796875,4.32128021148037
0.7618359375,5.32128021148037
0.761875,6.32128021148037
0.7619140625,6.32128021148037
0.761953125,5.32128021148037
0.7619921875,-1.67871978851963
0.76203125,-8.67871978851963
0.7620703125,-11.6787197885196
0.762109375,-11.6787197885196
0.7621484375,-13.6787197885196
0.7621875,-12.6787197885196
0.7622265625,-6.67871978851963
0.762265625,1.32128021148037
0.7623046875,7.32128021148037
0.76234375,13.3212802114804
0.7623828125,17.3212802114804
0.762421875,19.3212802114804
0.7624609375,19.3212802114804
0.7625,16.3212802114804
0.7625390625,11.3212802114804
0.762578125,9.32128021148037
0.7626171875,1.32128021148037
0.76265625,-6.67871978851963
0.7626953125,-14.6787197885196
0.762734375,-19.6787197885196
0.7627734375,-22.6787197885196
0.7628125,-20.6787197885196
0.7628515625,-17.6787197885196
0.762890625,-10.6787197885196
0.7629296875,-0.678719788519629
0.76296875,6.32128021148037
0.7630078125,14.3212802114804
0.763046875,17.3212802114804
0.7630859375,20.3212802114804
0.763125,20.3212802114804
0.7631640625,17.3212802114804
0.763203125,12.3212802114804
0.7632421875,6.32128021148037
0.76328125,-0.678719788519629
0.7633203125,-3.67871978851963
0.763359375,-5.67871978851963
0.7633984375,-9.67871978851963
0.7634375,-15.6787197885196
0.7634765625,-20.6787197885196
0.763515625,-19.6787197885196
0.7635546875,-14.6787197885196
0.76359375,-7.67871978851963
0.7636328125,-0.678719788519629
0.763671875,4.32128021148037
0.7637109375,4.32128021148037
0.76375,3.32128021148037
0.7637890625,3.32128021148037
0.763828125,2.32128021148037
0.7638671875,1.32128021148037
0.76390625,-0.678719788519629
0.7639453125,-1.67871978851963
0.763984375,-3.67871978851963
0.7640234375,-5.67871978851963
0.7640625,-6.67871978851963
0.7641015625,-6.67871978851963
0.764140625,-6.67871978851963
0.7641796875,-3.67871978851963
0.76421875,-0.678719788519629
0.7642578125,1.32128021148037
0.764296875,4.32128021148037
0.7643359375,6.32128021148037
0.764375,5.32128021148037
0.7644140625,4.32128021148037
0.764453125,0.321280211480371
0.7644921875,-4.67871978851963
0.76453125,-7.67871978851963
0.7645703125,-10.6787197885196
0.764609375,-16.6787197885196
0.7646484375,-23.6787197885196
0.7646875,-28.6787197885196
0.7647265625,-30.6787197885196
0.764765625,-32.6787197885196
0.7648046875,-29.6787197885196
0.76484375,-23.6787197885196
0.7648828125,-14.6787197885196
0.764921875,-5.67871978851963
0.7649609375,4.32128021148037
0.765,12.3212802114804
0.7650390625,15.3212802114804
0.765078125,18.3212802114804
0.7651171875,22.3212802114804
0.76515625,25.3212802114804
0.7651953125,27.3212802114804
0.765234375,25.3212802114804
0.7652734375,22.3212802114804
0.7653125,21.3212802114804
0.7653515625,20.3212802114804
0.765390625,18.3212802114804
0.7654296875,17.3212802114804
0.76546875,20.3212802114804
0.7655078125,22.3212802114804
0.765546875,24.3212802114804
0.7655859375,22.3212802114804
0.765625,18.3212802114804
0.7656640625,11.3212802114804
0.765703125,7.32128021148037
0.7657421875,4.32128021148037
0.76578125,2.32128021148037
0.7658203125,4.32128021148037
0.765859375,7.32128021148037
0.7658984375,8.32128021148037
0.7659375,4.32128021148037
0.7659765625,0.321280211480371
0.766015625,-0.678719788519629
0.7660546875,-4.67871978851963
0.76609375,-6.67871978851963
0.7661328125,-10.6787197885196
0.766171875,-12.6787197885196
0.7662109375,-15.6787197885196
0.76625,-35.6787197885196
0.7662890625,-33.6787197885196
0.766328125,42.3212802114804
0.7663671875,124.32128021148
0.76640625,143.32128021148
0.7664453125,94.3212802114804
0.766484375,38.3212802114804
0.7665234375,3.32128021148037
0.7665625,-21.6787197885196
0.7666015625,-35.6787197885196
0.766640625,-22.6787197885196
0.7666796875,-1.67871978851963
0.76671875,-1.67871978851963
0.7667578125,-8.67871978851963
0.766796875,-4.67871978851963
0.7668359375,23.3212802114804
0.766875,42.3212802114804
0.7669140625,14.3212802114804
0.766953125,-25.6787197885196
0.7669921875,-45.6787197885196
0.76703125,-54.6787197885196
0.7670703125,-64.6787197885196
0.767109375,-77.6787197885196
0.7671484375,-81.6787197885196
0.7671875,-71.6787197885196
0.7672265625,-60.6787197885196
0.767265625,-56.6787197885196
0.7673046875,-68.6787197885196
0.76734375,-89.6787197885196
0.7673828125,-102.67871978852
0.767421875,-97.6787197885196
0.7674609375,-87.6787197885196
0.7675,-90.6787197885196
0.7675390625,-104.67871978852
0.767578125,-118.67871978852
0.7676171875,-131.67871978852
0.76765625,-137.67871978852
0.7676953125,-128.67871978852
0.767734375,-101.67871978852
0.7677734375,-68.6787197885196
0.7678125,-36.6787197885196
0.7678515625,-6.67871978851963
0.767890625,23.3212802114804
0.7679296875,44.3212802114804
0.76796875,58.3212802114804
0.7680078125,74.3212802114804
0.768046875,95.3212802114804
0.7680859375,113.32128021148
0.768125,129.32128021148
0.7681640625,148.32128021148
0.768203125,168.32128021148
0.7682421875,185.32128021148
0.76828125,197.32128021148
0.7683203125,211.32128021148
0.768359375,220.32128021148
0.7683984375,220.32128021148
0.7684375,207.32128021148
0.7684765625,188.32128021148
0.768515625,162.32128021148
0.7685546875,131.32128021148
0.76859375,99.3212802114804
0.7686328125,65.3212802114804
0.768671875,32.3212802114804
0.7687109375,2.32128021148037
0.76875,-25.6787197885196
0.7687890625,-48.6787197885196
0.768828125,-68.6787197885196
0.7688671875,-92.6787197885196
0.76890625,-114.67871978852
0.7689453125,-131.67871978852
0.768984375,-146.67871978852
0.7690234375,-159.67871978852
0.7690625,-164.67871978852
0.7691015625,-158.67871978852
0.769140625,-148.67871978852
0.7691796875,-135.67871978852
0.76921875,-122.67871978852
0.7692578125,-109.67871978852
0.769296875,-97.6787197885196
0.7693359375,-82.6787197885196
0.769375,-68.6787197885196
0.7694140625,-53.6787197885196
0.769453125,-34.6787197885196
0.7694921875,-16.6787197885196
0.76953125,6.32128021148037
0.7695703125,30.3212802114804
0.769609375,52.3212802114804
0.7696484375,67.3212802114804
0.7696875,77.3212802114804
0.7697265625,84.3212802114804
0.769765625,94.3212802114804
0.7698046875,105.32128021148
0.76984375,113.32128021148
0.7698828125,115.32128021148
0.769921875,112.32128021148
0.7699609375,103.32128021148
0.77,91.3212802114804
0.7700390625,79.3212802114804
0.770078125,66.3212802114804
0.7701171875,55.3212802114804
0.77015625,45.3212802114804
0.7701953125,34.3212802114804
0.770234375,23.3212802114804
0.7702734375,14.3212802114804
0.7703125,6.32128021148037
0.7703515625,5.32128021148037
0.770390625,9.32128021148037
0.7704296875,11.3212802114804
0.77046875,10.3212802114804
0.7705078125,5.32128021148037
0.770546875,-0.678719788519629
0.7705859375,-4.67871978851963
0.770625,-6.67871978851963
0.7706640625,-6.67871978851963
0.770703125,-9.67871978851963
0.7707421875,-12.6787197885196
0.77078125,-20.6787197885196
0.7708203125,-30.6787197885196
0.770859375,-35.6787197885196
0.7708984375,-38.6787197885196
0.7709375,-51.6787197885196
0.7709765625,-62.6787197885196
0.771015625,-74.6787197885196
0.7710546875,-87.6787197885196
0.77109375,-101.67871978852
0.7711328125,-118.67871978852
0.771171875,-130.67871978852
0.7712109375,-140.67871978852
0.77125,-152.67871978852
0.7712890625,-165.67871978852
0.771328125,-173.67871978852
0.7713671875,-178.67871978852
0.77140625,-183.67871978852
0.7714453125,-185.67871978852
0.771484375,-177.67871978852
0.7715234375,-158.67871978852
0.7715625,-135.67871978852
0.7716015625,-107.67871978852
0.771640625,-73.6787197885196
0.7716796875,-34.6787197885196
0.77171875,2.32128021148037
0.7717578125,38.3212802114804
0.771796875,72.3212802114804
0.7718359375,102.32128021148
0.771875,128.32128021148
0.7719140625,148.32128021148
0.771953125,162.32128021148
0.7719921875,173.32128021148
0.77203125,184.32128021148
0.7720703125,196.32128021148
0.772109375,202.32128021148
0.7721484375,202.32128021148
0.7721875,198.32128021148
0.7722265625,192.32128021148
0.772265625,185.32128021148
0.7723046875,176.32128021148
0.77234375,164.32128021148
0.7723828125,152.32128021148
0.772421875,133.32128021148
0.7724609375,107.32128021148
0.7725,77.3212802114804
0.7725390625,47.3212802114804
0.772578125,19.3212802114804
0.7726171875,-8.67871978851963
0.77265625,-33.6787197885196
0.7726953125,-52.6787197885196
0.772734375,-70.6787197885196
0.7727734375,-83.6787197885196
0.7728125,-89.6787197885196
0.7728515625,-88.6787197885196
0.772890625,-83.6787197885196
0.7729296875,-81.6787197885196
0.77296875,-76.6787197885196
0.7730078125,-67.6787197885196
0.773046875,-58.6787197885196
0.7730859375,-48.6787197885196
0.773125,-44.6787197885196
0.7731640625,-40.6787197885196
0.773203125,-40.6787197885196
0.7732421875,-39.6787197885196
0.77328125,-36.6787197885196
0.7733203125,-31.6787197885196
0.773359375,-28.6787197885196
0.7733984375,-29.6787197885196
0.7734375,-31.6787197885196
0.7734765625,-32.6787197885196
0.773515625,-34.6787197885196
0.7735546875,-33.6787197885196
0.77359375,-27.6787197885196
0.7736328125,-18.6787197885196
0.773671875,-12.6787197885196
0.7737109375,-9.67871978851963
0.77375,-5.67871978851963
0.7737890625,-5.67871978851963
0.773828125,-4.67871978851963
0.7738671875,-5.67871978851963
0.77390625,-10.6787197885196
0.7739453125,-14.6787197885196
0.773984375,-16.6787197885196
0.7740234375,-18.6787197885196
0.7740625,-24.6787197885196
0.7741015625,-30.6787197885196
0.774140625,-34.6787197885196
0.7741796875,-33.6787197885196
0.77421875,-30.6787197885196
0.7742578125,-21.6787197885196
0.774296875,-11.6787197885196
0.7743359375,-4.67871978851963
0.774375,1.32128021148037
0.7744140625,6.32128021148037
0.774453125,8.32128021148037
0.7744921875,10.3212802114804
0.77453125,9.32128021148037
0.7745703125,6.32128021148037
0.774609375,4.32128021148037
0.7746484375,3.32128021148037
0.7746875,6.32128021148037
0.7747265625,11.3212802114804
0.774765625,18.3212802114804
0.7748046875,23.3212802114804
0.77484375,27.3212802114804
0.7748828125,30.3212802114804
0.774921875,33.3212802114804
0.7749609375,36.3212802114804
0.775,37.3212802114804
0.7750390625,36.3212802114804
0.775078125,32.3212802114804
0.7751171875,24.3212802114804
0.77515625,14.3212802114804
0.7751953125,8.32128021148037
0.775234375,6.32128021148037
0.7752734375,8.32128021148037
0.7753125,12.3212802114804
0.7753515625,15.3212802114804
0.775390625,17.3212802114804
0.7754296875,19.3212802114804
0.77546875,20.3212802114804
0.7755078125,21.3212802114804
0.775546875,22.3212802114804
0.7755859375,23.3212802114804
0.775625,24.3212802114804
0.7756640625,25.3212802114804
0.775703125,26.3212802114804
0.7757421875,28.3212802114804
0.77578125,30.3212802114804
0.7758203125,32.3212802114804
0.775859375,32.3212802114804
0.7758984375,31.3212802114804
0.7759375,30.3212802114804
0.7759765625,30.3212802114804
0.776015625,27.3212802114804
0.7760546875,20.3212802114804
0.77609375,10.3212802114804
0.7761328125,-0.678719788519629
0.776171875,-11.6787197885196
0.7762109375,-19.6787197885196
0.77625,-21.6787197885196
0.7762890625,-19.6787197885196
0.776328125,-14.6787197885196
0.7763671875,-10.6787197885196
0.77640625,-6.67871978851963
0.7764453125,-4.67871978851963
0.776484375,-2.67871978851963
0.7765234375,2.32128021148037
0.7765625,7.32128021148037
0.7766015625,9.32128021148037
0.776640625,6.32128021148037
0.7766796875,0.321280211480371
0.77671875,-6.67871978851963
0.7767578125,-15.6787197885196
0.776796875,-28.6787197885196
0.7768359375,-42.6787197885196
0.776875,-53.6787197885196
0.7769140625,-57.6787197885196
0.776953125,-57.6787197885196
0.7769921875,-53.6787197885196
0.77703125,-50.6787197885196
0.7770703125,-43.6787197885196
0.777109375,-39.6787197885196
0.7771484375,-36.6787197885196
0.7771875,-32.6787197885196
0.7772265625,-28.6787197885196
0.777265625,-24.6787197885196
0.7773046875,-20.6787197885196
0.77734375,-15.6787197885196
0.7773828125,-14.6787197885196
0.777421875,-15.6787197885196
0.7774609375,-14.6787197885196
0.7775,-11.6787197885196
0.7775390625,-3.67871978851963
0.777578125,2.32128021148037
0.7776171875,8.32128021148037
0.77765625,13.3212802114804
0.7776953125,19.3212802114804
0.777734375,25.3212802114804
0.7777734375,31.3212802114804
0.7778125,35.3212802114804
0.7778515625,37.3212802114804
0.777890625,39.3212802114804
0.7779296875,36.3212802114804
0.77796875,30.3212802114804
0.7780078125,21.3212802114804
0.778046875,11.3212802114804
0.7780859375,1.32128021148037
0.778125,-6.67871978851963
0.7781640625,-16.6787197885196
0.778203125,-21.6787197885196
0.7782421875,-23.6787197885196
0.77828125,-26.6787197885196
0.7783203125,-25.6787197885196
0.778359375,-23.6787197885196
0.7783984375,-19.6787197885196
0.7784375,-18.6787197885196
0.7784765625,-15.6787197885196
0.778515625,-11.6787197885196
0.7785546875,-6.67871978851963
0.77859375,-3.67871978851963
0.7786328125,-3.67871978851963
0.778671875,-4.67871978851963
0.7787109375,-7.67871978851963
0.77875,-9.67871978851963
0.7787890625,-11.6787197885196
0.778828125,-9.67871978851963
0.7788671875,-5.67871978851963
0.77890625,-0.678719788519629
0.7789453125,7.32128021148037
0.778984375,14.3212802114804
0.7790234375,22.3212802114804
0.7790625,26.3212802114804
0.7791015625,31.3212802114804
0.779140625,33.3212802114804
0.7791796875,33.3212802114804
0.77921875,29.3212802114804
0.7792578125,22.3212802114804
0.779296875,14.3212802114804
0.7793359375,6.32128021148037
0.779375,1.32128021148037
0.7794140625,-3.67871978851963
0.779453125,-4.67871978851963
0.7794921875,-0.678719788519629
0.77953125,5.32128021148037
0.7795703125,12.3212802114804
0.779609375,18.3212802114804
0.7796484375,26.3212802114804
0.7796875,32.3212802114804
0.7797265625,33.3212802114804
0.779765625,31.3212802114804
0.7798046875,29.3212802114804
0.77984375,26.3212802114804
0.7798828125,21.3212802114804
0.779921875,15.3212802114804
0.7799609375,11.3212802114804
0.78,6.32128021148037
0.7800390625,1.32128021148037
0.780078125,-0.678719788519629
0.7801171875,-3.67871978851963
0.78015625,-0.678719788519629
0.7801953125,0.321280211480371
0.780234375,2.32128021148037
0.7802734375,1.32128021148037
0.7803125,-2.67871978851963
0.7803515625,-10.6787197885196
0.780390625,-14.6787197885196
0.7804296875,-17.6787197885196
0.78046875,-18.6787197885196
0.7805078125,-17.6787197885196
0.780546875,-18.6787197885196
0.7805859375,-22.6787197885196
0.780625,-26.6787197885196
0.7806640625,-29.6787197885196
0.780703125,-32.6787197885196
0.7807421875,-34.6787197885196
0.78078125,-37.6787197885196
0.7808203125,-39.6787197885196
0.780859375,-38.6787197885196
0.7808984375,-36.6787197885196
0.7809375,-34.6787197885196
0.7809765625,-32.6787197885196
0.781015625,-27.6787197885196
0.7810546875,-21.6787197885196
0.78109375,-16.6787197885196
0.7811328125,-8.67871978851963
0.781171875,1.32128021148037
0.7812109375,7.32128021148037
0.78125,12.3212802114804
0.7812890625,16.3212802114804
0.781328125,16.3212802114804
0.7813671875,18.3212802114804
0.78140625,22.3212802114804
0.7814453125,26.3212802114804
0.781484375,27.3212802114804
0.7815234375,28.3212802114804
0.7815625,28.3212802114804
0.7816015625,28.3212802114804
0.781640625,25.3212802114804
0.7816796875,21.3212802114804
0.78171875,17.3212802114804
0.7817578125,16.3212802114804
0.781796875,15.3212802114804
0.7818359375,13.3212802114804
0.781875,8.32128021148037
0.7819140625,0.321280211480371
0.781953125,-8.67871978851963
0.7819921875,-14.6787197885196
0.78203125,-21.6787197885196
0.7820703125,-23.6787197885196
0.782109375,-19.6787197885196
0.7821484375,-13.6787197885196
0.7821875,-6.67871978851963
0.7822265625,0.321280211480371
0.782265625,7.32128021148037
0.7823046875,16.3212802114804
0.78234375,23.3212802114804
0.7823828125,32.3212802114804
0.782421875,39.3212802114804
0.7824609375,42.3212802114804
0.7825,41.3212802114804
0.7825390625,38.3212802114804
0.782578125,31.3212802114804
0.7826171875,25.3212802114804
0.78265625,18.3212802114804
0.7826953125,9.32128021148037
0.782734375,-0.678719788519629
0.7827734375,-7.67871978851963
0.7828125,-12.6787197885196
0.7828515625,-17.6787197885196
0.782890625,-20.6787197885196
0.7829296875,-26.6787197885196
0.78296875,-32.6787197885196
0.7830078125,-38.6787197885196
0.783046875,-39.6787197885196
0.7830859375,-38.6787197885196
0.783125,-33.6787197885196
0.7831640625,-27.6787197885196
0.783203125,-22.6787197885196
0.7832421875,-20.6787197885196
0.78328125,-19.6787197885196
0.7833203125,-18.6787197885196
0.783359375,-18.6787197885196
0.7833984375,-14.6787197885196
0.7834375,-13.6787197885196
0.7834765625,-13.6787197885196
0.783515625,-13.6787197885196
0.7835546875,-14.6787197885196
0.78359375,-13.6787197885196
0.7836328125,-13.6787197885196
0.783671875,-10.6787197885196
0.7837109375,-1.67871978851963
0.78375,8.32128021148037
0.7837890625,20.3212802114804
0.783828125,30.3212802114804
0.7838671875,39.3212802114804
0.78390625,43.3212802114804
0.7839453125,41.3212802114804
0.783984375,36.3212802114804
0.7840234375,31.3212802114804
0.7840625,27.3212802114804
0.7841015625,22.3212802114804
0.784140625,15.3212802114804
0.7841796875,7.32128021148037
0.78421875,1.32128021148037
0.7842578125,-2.67871978851963
0.784296875,-6.67871978851963
0.7843359375,-7.67871978851963
0.784375,-7.67871978851963
0.7844140625,-5.67871978851963
0.784453125,-3.67871978851963
0.7844921875,-0.678719788519629
0.78453125,2.32128021148037
0.7845703125,2.32128021148037
0.784609375,0.321280211480371
0.7846484375,-3.67871978851963
0.7846875,-7.67871978851963
0.7847265625,-10.6787197885196
0.784765625,-13.6787197885196
0.7848046875,-15.6787197885196
0.78484375,-17.6787197885196
0.7848828125,-17.6787197885196
0.784921875,-16.6787197885196
0.7849609375,-16.6787197885196
0.785,-12.6787197885196
0.7850390625,-6.67871978851963
0.785078125,-0.678719788519629
0.7851171875,7.32128021148037
0.78515625,13.3212802114804
0.7851953125,16.3212802114804
0.785234375,14.3212802114804
0.7852734375,8.32128021148037
0.7853125,4.32128021148037
0.7853515625,1.32128021148037
0.785390625,-3.67871978851963
0.7854296875,-11.6787197885196
0.78546875,-18.6787197885196
0.7855078125,-24.6787197885196
0.785546875,-26.6787197885196
0.7855859375,-25.6787197885196
0.785625,-20.6787197885196
0.7856640625,-11.6787197885196
0.785703125,-3.67871978851963
0.7857421875,7.32128021148037
0.78578125,18.3212802114804
0.7858203125,27.3212802114804
0.785859375,33.3212802114804
0.7858984375,34.3212802114804
0.7859375,33.3212802114804
0.7859765625,31.3212802114804
0.786015625,26.3212802114804
0.7860546875,24.3212802114804
0.78609375,19.3212802114804
0.7861328125,11.3212802114804
0.786171875,3.32128021148037
0.7862109375,-1.67871978851963
0.78625,-4.67871978851963
0.7862890625,-0.678719788519629
0.786328125,5.32128021148037
0.7863671875,12.3212802114804
0.78640625,18.3212802114804
0.7864453125,21.3212802114804
0.786484375,26.3212802114804
0.7865234375,28.3212802114804
0.7865625,25.3212802114804
0.7866015625,18.3212802114804
0.786640625,8.32128021148037
0.7866796875,-3.67871978851963
0.78671875,-16.6787197885196
0.7867578125,-30.6787197885196
0.786796875,-39.6787197885196
0.7868359375,-45.6787197885196
0.786875,-48.6787197885196
0.7869140625,-48.6787197885196
0.786953125,-43.6787197885196
0.7869921875,-33.6787197885196
0.78703125,-23.6787197885196
0.7870703125,-16.6787197885196
0.787109375,-7.67871978851963
0.7871484375,-2.67871978851963
0.7871875,0.321280211480371
0.7872265625,0.321280211480371
0.787265625,-0.678719788519629
0.7873046875,-0.678719788519629
0.78734375,-3.67871978851963
0.7873828125,-7.67871978851963
0.787421875,-12.6787197885196
0.7874609375,-14.6787197885196
0.7875,-12.6787197885196
0.7875390625,-7.67871978851963
0.787578125,-2.67871978851963
0.7876171875,4.32128021148037
0.78765625,10.3212802114804
0.7876953125,17.3212802114804
0.787734375,24.3212802114804
0.7877734375,28.3212802114804
0.7878125,31.3212802114804
0.7878515625,31.3212802114804
0.787890625,26.3212802114804
0.7879296875,18.3212802114804
0.78796875,11.3212802114804
0.7880078125,8.32128021148037
0.788046875,6.32128021148037
0.7880859375,2.32128021148037
0.788125,0.321280211480371
0.7881640625,-3.67871978851963
0.788203125,-4.67871978851963
0.7882421875,-5.67871978851963
0.78828125,-0.678719788519629
0.7883203125,5.32128021148037
0.788359375,9.32128021148037
0.7883984375,9.32128021148037
0.7884375,6.32128021148037
0.7884765625,3.32128021148037
0.788515625,1.32128021148037
0.7885546875,0.321280211480371
0.78859375,1.32128021148037
0.7886328125,0.321280211480371
0.788671875,-4.67871978851963
0.7887109375,-8.67871978851963
0.78875,-11.6787197885196
0.7887890625,-14.6787197885196
0.788828125,-15.6787197885196
0.7888671875,-17.6787197885196
0.78890625,-16.6787197885196
0.7889453125,-15.6787197885196
0.788984375,-11.6787197885196
0.7890234375,-7.67871978851963
0.7890625,-3.67871978851963
0.7891015625,-4.67871978851963
0.789140625,-6.67871978851963
0.7891796875,-8.67871978851963
0.78921875,-9.67871978851963
0.7892578125,-10.6787197885196
0.789296875,-6.67871978851963
0.7893359375,-4.67871978851963
0.789375,-1.67871978851963
0.7894140625,1.32128021148037
0.789453125,4.32128021148037
0.7894921875,7.32128021148037
0.78953125,11.3212802114804
0.7895703125,15.3212802114804
0.789609375,19.3212802114804
0.7896484375,17.3212802114804
0.7896875,13.3212802114804
0.7897265625,7.32128021148037
0.789765625,2.32128021148037
0.7898046875,-3.67871978851963
0.78984375,-9.67871978851963
0.7898828125,-12.6787197885196
0.789921875,-15.6787197885196
0.7899609375,-15.6787197885196
0.79,-14.6787197885196
0.7900390625,-10.6787197885196
0.790078125,-4.67871978851963
0.7901171875,-0.678719788519629
0.79015625,-0.678719788519629
0.7901953125,1.32128021148037
0.790234375,6.32128021148037
0.7902734375,12.3212802114804
0.7903125,17.3212802114804
0.7903515625,16.3212802114804
0.790390625,13.3212802114804
0.7904296875,13.3212802114804
0.79046875,11.3212802114804
0.7905078125,12.3212802114804
0.790546875,16.3212802114804
0.7905859375,21.3212802114804
0.790625,26.3212802114804
0.7906640625,26.3212802114804
0.790703125,22.3212802114804
0.7907421875,14.3212802114804
0.79078125,7.32128021148037
0.7908203125,-11.6787197885196
0.790859375,-34.6787197885196
0.7908984375,-28.6787197885196
0.7909375,2.32128021148037
0.7909765625,24.3212802114804
0.791015625,19.3212802114804
0.7910546875,7.32128021148037
0.79109375,-3.67871978851963
0.7911328125,-16.6787197885196
0.791171875,-20.6787197885196
0.7912109375,-0.678719788519629
0.79125,32.3212802114804
0.7912890625,53.3212802114804
0.791328125,55.3212802114804
0.7913671875,47.3212802114804
0.79140625,33.3212802114804
0.7914453125,15.3212802114804
0.791484375,7.32128021148037
0.7915234375,12.3212802114804
0.7915625,19.3212802114804
0.7916015625,24.3212802114804
0.791640625,21.3212802114804
0.7916796875,10.3212802114804
0.79171875,-2.67871978851963
0.7917578125,-8.67871978851963
0.791796875,-12.6787197885196
0.7918359375,-22.6787197885196
0.791875,-35.6787197885196
0.7919140625,-47.6787197885196
0.791953125,-60.6787197885196
0.7919921875,-82.6787197885196
0.79203125,-105.67871978852
0.7920703125,-116.67871978852
0.792109375,-123.67871978852
0.7921484375,-135.67871978852
0.7921875,-147.67871978852
0.7922265625,-151.67871978852
0.792265625,-141.67871978852
0.7923046875,-125.67871978852
0.79234375,-109.67871978852
0.7923828125,-93.6787197885196
0.792421875,-70.6787197885196
0.7924609375,-43.6787197885196
0.7925,-12.6787197885196
0.7925390625,17.3212802114804
0.792578125,45.3212802114804
0.7926171875,71.3212802114804
0.79265625,95.3212802114804
0.7926953125,115.32128021148
0.792734375,136.32128021148
0.7927734375,150.32128021148
0.7928125,158.32128021148
0.7928515625,162.32128021148
0.792890625,162.32128021148
0.7929296875,157.32128021148
0.79296875,149.32128021148
0.7930078125,142.32128021148
0.793046875,131.32128021148
0.7930859375,115.32128021148
0.793125,94.3212802114804
0.7931640625,70.3212802114804
0.793203125,47.3212802114804
0.7932421875,24.3212802114804
0.79328125,0.321280211480371
0.7933203125,-24.6787197885196
0.793359375,-51.6787197885196
0.7933984375,-76.6787197885196
0.7934375,-95.6787197885196
0.7934765625,-108.67871978852
0.793515625,-110.67871978852
0.7935546875,-106.67871978852
0.79359375,-100.67871978852
0.7936328125,-90.6787197885196
0.793671875,-76.6787197885196
0.7937109375,-59.6787197885196
0.79375,-41.6787197885196
0.7937890625,-22.6787197885196
0.793828125,-4.67871978851963
0.7938671875,11.3212802114804
0.79390625,21.3212802114804
0.7939453125,24.3212802114804
0.793984375,25.3212802114804
0.7940234375,23.3212802114804
0.7940625,21.3212802114804
0.7941015625,18.3212802114804
0.794140625,15.3212802114804
0.7941796875,15.3212802114804
0.79421875,17.3212802114804
0.7942578125,20.3212802114804
0.794296875,25.3212802114804
0.7943359375,28.3212802114804
0.794375,30.3212802114804
0.7944140625,33.3212802114804
0.794453125,35.3212802114804
0.7944921875,41.3212802114804
0.79453125,44.3212802114804
0.7945703125,44.3212802114804
0.794609375,36.3212802114804
0.7946484375,26.3212802114804
0.7946875,17.3212802114804
0.7947265625,10.3212802114804
0.794765625,7.32128021148037
0.7948046875,6.32128021148037
0.79484375,8.32128021148037
0.7948828125,7.32128021148037
0.794921875,5.32128021148037
0.7949609375,3.32128021148037
0.795,2.32128021148037
0.7950390625,1.32128021148037
0.795078125,1.32128021148037
0.7951171875,2.32128021148037
0.79515625,0.321280211480371
0.7951953125,-2.67871978851963
0.795234375,-8.67871978851963
0.7952734375,-14.6787197885196
0.7953125,-18.6787197885196
0.7953515625,-25.6787197885196
0.795390625,-32.6787197885196
0.7954296875,-37.6787197885196
0.79546875,-42.6787197885196
0.7955078125,-46.6787197885196
0.795546875,-55.6787197885196
0.7955859375,-65.6787197885196
0.795625,-71.6787197885196
0.7956640625,-77.6787197885196
0.795703125,-81.6787197885196
0.7957421875,-82.6787197885196
0.79578125,-79.6787197885196
0.7958203125,-76.6787197885196
0.795859375,-72.6787197885196
0.7958984375,-69.6787197885196
0.7959375,-67.6787197885196
0.7959765625,-66.6787197885196
0.796015625,-65.6787197885196
0.7960546875,-59.6787197885196
0.79609375,-50.6787197885196
0.7961328125,-41.6787197885196
0.796171875,-35.6787197885196
0.7962109375,-26.6787197885196
0.79625,-16.6787197885196
0.7962890625,-1.67871978851963
0.796328125,13.3212802114804
0.7963671875,27.3212802114804
0.79640625,40.3212802114804
0.7964453125,52.3212802114804
0.796484375,64.3212802114804
0.7965234375,73.3212802114804
0.7965625,81.3212802114804
0.7966015625,87.3212802114804
0.796640625,89.3212802114804
0.7966796875,87.3212802114804
0.79671875,85.3212802114804
0.7967578125,88.3212802114804
0.796796875,91.3212802114804
0.7968359375,94.3212802114804
0.796875,94.3212802114804
0.7969140625,91.3212802114804
0.796953125,85.3212802114804
0.7969921875,77.3212802114804
0.79703125,73.3212802114804
0.7970703125,68.3212802114804
0.797109375,64.3212802114804
0.7971484375,53.3212802114804
0.7971875,40.3212802114804
0.7972265625,26.3212802114804
0.797265625,11.3212802114804
0.7973046875,-2.67871978851963
0.79734375,-15.6787197885196
0.7973828125,-26.6787197885196
0.797421875,-37.6787197885196
0.7974609375,-48.6787197885196
0.7975,-55.6787197885196
0.7975390625,-62.6787197885196
0.797578125,-65.6787197885196
0.7976171875,-68.6787197885196
0.79765625,-72.6787197885196
0.7976953125,-76.6787197885196
0.797734375,-74.6787197885196
0.7977734375,-68.6787197885196
0.7978125,-59.6787197885196
0.7978515625,-48.6787197885196
0.797890625,-40.6787197885196
0.7979296875,-31.6787197885196
0.79796875,-24.6787197885196
0.7980078125,-16.6787197885196
0.798046875,-6.67871978851963
0.7980859375,5.32128021148037
0.798125,14.3212802114804
0.7981640625,21.3212802114804
0.798203125,24.3212802114804
0.7982421875,26.3212802114804
0.79828125,26.3212802114804
0.7983203125,25.3212802114804
0.798359375,23.3212802114804
0.7983984375,21.3212802114804
0.7984375,17.3212802114804
0.7984765625,12.3212802114804
0.798515625,8.32128021148037
0.7985546875,4.32128021148037
0.79859375,-1.67871978851963
0.7986328125,-10.6787197885196
0.798671875,-16.6787197885196
0.7987109375,-20.6787197885196
0.79875,-24.6787197885196
0.7987890625,-28.6787197885196
0.798828125,-33.6787197885196
0.7988671875,-36.6787197885196
0.79890625,-42.6787197885196
0.7989453125,-48.6787197885196
0.798984375,-50.6787197885196
0.7990234375,-50.6787197885196
0.7990625,-50.6787197885196
0.7991015625,-49.6787197885196
0.799140625,-47.6787197885196
0.7991796875,-46.6787197885196
0.79921875,-40.6787197885196
0.7992578125,-31.6787197885196
0.799296875,-20.6787197885196
0.7993359375,-9.67871978851963
0.799375,1.32128021148037
0.7994140625,10.3212802114804
0.799453125,19.3212802114804
0.7994921875,27.3212802114804
0.79953125,37.3212802114804
0.7995703125,48.3212802114804
0.799609375,53.3212802114804
0.7996484375,57.3212802114804
0.7996875,61.3212802114804
0.7997265625,65.3212802114804
0.799765625,69.3212802114804
0.7998046875,70.3212802114804
0.79984375,71.3212802114804
0.7998828125,68.3212802114804
0.799921875,61.3212802114804
0.7999609375,49.3212802114804
0.8,41.3212802114804
0.8000390625,37.3212802114804
0.800078125,30.3212802114804
0.8001171875,24.3212802114804
0.80015625,17.3212802114804
0.8001953125,7.32128021148037
0.800234375,-0.678719788519629
0.8002734375,-4.67871978851963
0.8003125,-2.67871978851963
0.8003515625,2.32128021148037
0.800390625,5.32128021148037
0.8004296875,5.32128021148037
0.80046875,2.32128021148037
0.8005078125,-1.67871978851963
0.800546875,-7.67871978851963
0.8005859375,-8.67871978851963
0.800625,-7.67871978851963
0.8006640625,-7.67871978851963
0.800703125,-6.67871978851963
0.8007421875,-6.67871978851963
0.80078125,-5.67871978851963
0.8008203125,-5.67871978851963
0.800859375,-5.67871978851963
0.8008984375,-5.67871978851963
0.8009375,-4.67871978851963
0.8009765625,-2.67871978851963
0.801015625,3.32128021148037
0.8010546875,7.32128021148037
0.80109375,11.3212802114804
0.8011328125,15.3212802114804
0.801171875,16.3212802114804
0.8012109375,14.3212802114804
0.80125,9.32128021148037
0.8012890625,5.32128021148037
0.801328125,1.32128021148037
0.8013671875,-7.67871978851963
0.80140625,-20.6787197885196
0.8014453125,-33.6787197885196
0.801484375,-43.6787197885196
0.8015234375,-51.6787197885196
0.8015625,-54.6787197885196
0.8016015625,-56.6787197885196
0.801640625,-56.6787197885196
0.8016796875,-53.6787197885196
0.80171875,-49.6787197885196
0.8017578125,-42.6787197885196
0.801796875,-35.6787197885196
0.8018359375,-29.6787197885196
0.801875,-24.6787197885196
0.8019140625,-21.6787197885196
0.801953125,-21.6787197885196
0.8019921875,-19.6787197885196
0.80203125,-14.6787197885196
0.8020703125,-9.67871978851963
0.802109375,-5.67871978851963
0.8021484375,-0.678719788519629
0.8021875,6.32128021148037
0.8022265625,12.3212802114804
0.802265625,19.3212802114804
0.8023046875,29.3212802114804
0.80234375,39.3212802114804
0.8023828125,45.3212802114804
0.802421875,45.3212802114804
0.8024609375,41.3212802114804
0.8025,36.3212802114804
0.8025390625,27.3212802114804
0.802578125,17.3212802114804
0.8026171875,8.32128021148037
0.80265625,2.32128021148037
0.8026953125,-5.67871978851963
0.802734375,-12.6787197885196
0.8027734375,-16.6787197885196
0.8028125,-18.6787197885196
0.8028515625,-19.6787197885196
0.802890625,-17.6787197885196
0.8029296875,-14.6787197885196
0.80296875,-9.67871978851963
0.8030078125,-4.67871978851963
0.803046875,-0.678719788519629
0.8030859375,1.32128021148037
0.803125,-0.678719788519629
0.8031640625,-2.67871978851963
0.803203125,-2.67871978851963
0.8032421875,-2.67871978851963
0.80328125,0.321280211480371
0.8033203125,0.321280211480371
0.803359375,2.32128021148037
0.8033984375,1.32128021148037
0.8034375,0.321280211480371
0.8034765625,-1.67871978851963
0.803515625,-0.678719788519629
0.8035546875,2.32128021148037
0.80359375,8.32128021148037
0.8036328125,13.3212802114804
0.803671875,18.3212802114804
0.8037109375,20.3212802114804
0.80375,22.3212802114804
0.8037890625,22.3212802114804
0.803828125,22.3212802114804
0.8038671875,23.3212802114804
0.80390625,26.3212802114804
0.8039453125,25.3212802114804
0.803984375,22.3212802114804
0.8040234375,20.3212802114804
0.8040625,15.3212802114804
0.8041015625,9.32128021148037
0.804140625,4.32128021148037
0.8041796875,-0.678719788519629
0.80421875,-3.67871978851963
0.8042578125,-6.67871978851963
0.804296875,-6.67871978851963
0.8043359375,-6.67871978851963
0.804375,-8.67871978851963
0.8044140625,-11.6787197885196
0.804453125,-16.6787197885196
0.8044921875,-22.6787197885196
0.80453125,-28.6787197885196
0.8045703125,-29.6787197885196
0.804609375,-30.6787197885196
0.8046484375,-32.6787197885196
0.8046875,-32.6787197885196
0.8047265625,-29.6787197885196
0.804765625,-25.6787197885196
0.8048046875,-20.6787197885196
0.80484375,-13.6787197885196
0.8048828125,-5.67871978851963
0.804921875,0.321280211480371
0.8049609375,7.32128021148037
0.805,12.3212802114804
0.8050390625,17.3212802114804
0.805078125,24.3212802114804
0.8051171875,31.3212802114804
0.80515625,36.3212802114804
0.8051953125,41.3212802114804
0.805234375,41.3212802114804
0.8052734375,41.3212802114804
0.8053125,39.3212802114804
0.8053515625,35.3212802114804
0.805390625,27.3212802114804
0.8054296875,19.3212802114804
0.80546875,12.3212802114804
0.8055078125,5.32128021148037
0.805546875,1.32128021148037
0.8055859375,-1.67871978851963
0.805625,-6.67871978851963
0.8056640625,-8.67871978851963
0.805703125,-11.6787197885196
0.8057421875,-14.6787197885196
0.80578125,-16.6787197885196
0.8058203125,-18.6787197885196
0.805859375,-18.6787197885196
0.8058984375,-13.6787197885196
0.8059375,-9.67871978851963
0.8059765625,-7.67871978851963
0.806015625,-5.67871978851963
0.8060546875,-3.67871978851963
0.80609375,-0.678719788519629
0.8061328125,1.32128021148037
0.806171875,4.32128021148037
0.8062109375,3.32128021148037
0.80625,4.32128021148037
0.8062890625,3.32128021148037
0.806328125,1.32128021148037
0.8063671875,0.321280211480371
0.80640625,-5.67871978851963
0.8064453125,-14.6787197885196
0.806484375,-26.6787197885196
0.8065234375,-33.6787197885196
0.8065625,-34.6787197885196
0.8066015625,-33.6787197885196
0.806640625,-32.6787197885196
0.8066796875,-29.6787197885196
0.80671875,-27.6787197885196
0.8067578125,-25.6787197885196
0.806796875,-20.6787197885196
0.8068359375,-12.6787197885196
0.806875,-3.67871978851963
0.8069140625,2.32128021148037
0.806953125,4.32128021148037
0.8069921875,2.32128021148037
0.80703125,0.321280211480371
0.8070703125,-0.678719788519629
0.807109375,-0.678719788519629
0.8071484375,2.32128021148037
0.8071875,7.32128021148037
0.8072265625,11.3212802114804
0.807265625,14.3212802114804
0.8073046875,16.3212802114804
0.80734375,19.3212802114804
0.8073828125,22.3212802114804
0.807421875,24.3212802114804
0.8074609375,24.3212802114804
0.8075,23.3212802114804
0.8075390625,22.3212802114804
0.807578125,17.3212802114804
0.8076171875,13.3212802114804
0.80765625,9.32128021148037
0.8076953125,2.32128021148037
0.807734375,-6.67871978851963
0.8077734375,-12.6787197885196
0.8078125,-13.6787197885196
0.8078515625,-12.6787197885196
0.807890625,-8.67871978851963
0.8079296875,-6.67871978851963
0.80796875,-4.67871978851963
0.8080078125,-3.67871978851963
0.808046875,-3.67871978851963
0.8080859375,-2.67871978851963
0.808125,-1.67871978851963
0.8081640625,0.321280211480371
0.808203125,3.32128021148037
0.8082421875,4.32128021148037
0.80828125,2.32128021148037
0.8083203125,1.32128021148037
0.808359375,5.32128021148037
0.8083984375,9.32128021148037
0.8084375,12.3212802114804
0.8084765625,12.3212802114804
0.808515625,10.3212802114804
0.8085546875,7.32128021148037
0.80859375,5.32128021148037
0.8086328125,6.32128021148037
0.808671875,9.32128021148037
0.8087109375,6.32128021148037
0.80875,1.32128021148037
0.8087890625,-4.67871978851963
0.808828125,-7.67871978851963
0.8088671875,-9.67871978851963
0.80890625,-12.6787197885196
0.8089453125,-13.6787197885196
0.808984375,-16.6787197885196
0.8090234375,-18.6787197885196
0.8090625,-17.6787197885196
0.8091015625,-12.6787197885196
0.809140625,-4.67871978851963
0.8091796875,3.32128021148037
0.80921875,10.3212802114804
0.8092578125,15.3212802114804
0.809296875,16.3212802114804
0.8093359375,17.3212802114804
0.809375,19.3212802114804
0.8094140625,23.3212802114804
0.809453125,25.3212802114804
0.8094921875,22.3212802114804
0.80953125,18.3212802114804
0.8095703125,17.3212802114804
0.809609375,17.3212802114804
0.8096484375,14.3212802114804
0.8096875,10.3212802114804
0.8097265625,4.32128021148037
0.809765625,-2.67871978851963
0.8098046875,-5.67871978851963
0.80984375,-6.67871978851963
0.8098828125,-6.67871978851963
0.809921875,-11.6787197885196
0.8099609375,-14.6787197885196
0.81,-16.6787197885196
0.8100390625,-18.6787197885196
0.810078125,-18.6787197885196
0.8101171875,-13.6787197885196
0.81015625,-11.6787197885196
0.8101953125,-11.6787197885196
0.810234375,-10.6787197885196
0.8102734375,-10.6787197885196
0.8103125,-11.6787197885196
0.8103515625,-11.6787197885196
0.810390625,-9.67871978851963
0.8104296875,-6.67871978851963
0.81046875,-5.67871978851963
0.8105078125,-6.67871978851963
0.810546875,-6.67871978851963
0.8105859375,-8.67871978851963
0.810625,-10.6787197885196
0.8106640625,-14.6787197885196
0.810703125,-14.6787197885196
0.8107421875,-13.6787197885196
0.81078125,-12.6787197885196
0.8108203125,-14.6787197885196
0.810859375,-17.6787197885196
0.8108984375,-19.6787197885196
0.8109375,-15.6787197885196
0.8109765625,-10.6787197885196
0.811015625,-5.67871978851963
0.8110546875,3.32128021148037
0.81109375,13.3212802114804
0.8111328125,20.3212802114804
0.811171875,25.3212802114804
0.8112109375,27.3212802114804
0.81125,26.3212802114804
0.8112890625,23.3212802114804
0.811328125,18.3212802114804
0.8113671875,14.3212802114804
0.81140625,10.3212802114804
0.8114453125,7.32128021148037
0.811484375,4.32128021148037
0.8115234375,6.32128021148037
0.8115625,9.32128021148037
0.8116015625,13.3212802114804
0.811640625,18.3212802114804
0.8116796875,21.3212802114804
0.81171875,23.3212802114804
0.8117578125,23.3212802114804
0.811796875,18.3212802114804
0.8118359375,12.3212802114804
0.811875,5.32128021148037
0.8119140625,-3.67871978851963
0.811953125,-14.6787197885196
0.8119921875,-19.6787197885196
0.81203125,-20.6787197885196
0.8120703125,-18.6787197885196
0.812109375,-16.6787197885196
0.8121484375,-15.6787197885196
0.8121875,-12.6787197885196
0.8122265625,-7.67871978851963
0.812265625,-2.67871978851963
0.8123046875,0.321280211480371
0.81234375,1.32128021148037
0.8123828125,-1.67871978851963
0.812421875,-5.67871978851963
0.8124609375,-7.67871978851963
0.8125,-9.67871978851963
0.8125390625,-11.6787197885196
0.812578125,-12.6787197885196
0.8126171875,-14.6787197885196
0.81265625,-14.6787197885196
0.8126953125,-11.6787197885196
0.812734375,-2.67871978851963
0.8127734375,7.32128021148037
0.8128125,14.3212802114804
0.8128515625,17.3212802114804
0.812890625,17.3212802114804
0.8129296875,15.3212802114804
0.81296875,11.3212802114804
0.8130078125,8.32128021148037
0.813046875,6.32128021148037
0.8130859375,5.32128021148037
0.813125,2.32128021148037
0.8131640625,-1.67871978851963
0.813203125,-5.67871978851963
0.8132421875,-9.67871978851963
0.81328125,-11.6787197885196
0.8133203125,-11.6787197885196
0.813359375,-9.67871978851963
0.8133984375,-6.67871978851963
0.8134375,-4.67871978851963
0.8134765625,0.321280211480371
0.813515625,2.32128021148037
0.8135546875,5.32128021148037
0.81359375,8.32128021148037
0.8136328125,13.3212802114804
0.813671875,14.3212802114804
0.8137109375,15.3212802114804
0.81375,13.3212802114804
0.8137890625,9.32128021148037
0.813828125,4.32128021148037
0.8138671875,1.32128021148037
0.81390625,-1.67871978851963
0.8139453125,-3.67871978851963
0.813984375,-1.67871978851963
0.8140234375,3.32128021148037
0.8140625,5.32128021148037
0.8141015625,8.32128021148037
0.814140625,11.3212802114804
0.8141796875,15.3212802114804
0.81421875,16.3212802114804
0.8142578125,16.3212802114804
0.814296875,11.3212802114804
0.8143359375,4.32128021148037
0.814375,-3.67871978851963
0.8144140625,-14.6787197885196
0.814453125,-22.6787197885196
0.8144921875,-30.6787197885196
0.81453125,-35.6787197885196
0.8145703125,-34.6787197885196
0.814609375,-47.6787197885196
0.8146484375,-66.6787197885196
0.8146875,-40.6787197885196
0.8147265625,17.3212802114804
0.814765625,54.3212802114804
0.8148046875,47.3212802114804
0.81484375,27.3212802114804
0.8148828125,18.3212802114804
0.814921875,22.3212802114804
0.8149609375,22.3212802114804
0.815,25.3212802114804
0.8150390625,37.3212802114804
0.815078125,34.3212802114804
0.8151171875,12.3212802114804
0.81515625,-8.67871978851963
0.8151953125,-13.6787197885196
0.815234375,-5.67871978851963
0.8152734375,7.32128021148037
0.8153125,17.3212802114804
0.8153515625,29.3212802114804
0.815390625,35.3212802114804
0.8154296875,25.3212802114804
0.81546875,5.32128021148037
0.8155078125,-9.67871978851963
0.815546875,-17.6787197885196
0.8155859375,-20.6787197885196
0.815625,-18.6787197885196
0.8156640625,-11.6787197885196
0.815703125,-10.6787197885196
0.8157421875,-16.6787197885196
0.81578125,-23.6787197885196
0.8158203125,-23.6787197885196
0.815859375,-21.6787197885196
0.8158984375,-27.6787197885196
0.8159375,-38.6787197885196
0.8159765625,-53.6787197885196
0.816015625,-71.6787197885196
0.8160546875,-87.6787197885196
0.81609375,-102.67871978852
0.8161328125,-118.67871978852
0.816171875,-131.67871978852
0.8162109375,-132.67871978852
0.81625,-123.67871978852
0.8162890625,-108.67871978852
0.816328125,-90.6787197885196
0.8163671875,-68.6787197885196
0.81640625,-39.6787197885196
0.8164453125,-5.67871978851963
0.816484375,27.3212802114804
0.8165234375,58.3212802114804
0.8165625,87.3212802114804
0.8166015625,113.32128021148
0.816640625,139.32128021148
0.8166796875,158.32128021148
0.81671875,178.32128021148
0.8167578125,194.32128021148
0.816796875,202.32128021148
0.8168359375,199.32128021148
0.816875,185.32128021148
0.8169140625,167.32128021148
0.816953125,148.32128021148
0.8169921875,126.32128021148
0.81703125,100.32128021148
0.8170703125,70.3212802114804
0.817109375,37.3212802114804
0.8171484375,5.32128021148037
0.8171875,-23.6787197885196
0.8172265625,-49.6787197885196
0.817265625,-72.6787197885196
0.8173046875,-90.6787197885196
0.81734375,-102.67871978852
0.8173828125,-110.67871978852
0.817421875,-114.67871978852
0.8174609375,-113.67871978852
0.8175,-111.67871978852
0.8175390625,-110.67871978852
0.817578125,-110.67871978852
0.8176171875,-105.67871978852
0.81765625,-94.6787197885196
0.8176953125,-78.6787197885196
0.817734375,-59.6787197885196
0.8177734375,-43.6787197885196
0.8178125,-30.6787197885196
0.8178515625,-18.6787197885196
0.817890625,-3.67871978851963
0.8179296875,12.3212802114804
0.81796875,25.3212802114804
0.8180078125,34.3212802114804
0.818046875,39.3212802114804
0.8180859375,36.3212802114804
0.818125,31.3212802114804
0.8181640625,27.3212802114804
0.818203125,24.3212802114804
0.8182421875,25.3212802114804
0.81828125,25.3212802114804
0.8183203125,24.3212802114804
0.818359375,22.3212802114804
0.8183984375,21.3212802114804
0.8184375,27.3212802114804
0.8184765625,34.3212802114804
0.818515625,41.3212802114804
0.8185546875,46.3212802114804
0.81859375,48.3212802114804
0.8186328125,47.3212802114804
0.818671875,45.3212802114804
0.8187109375,37.3212802114804
0.81875,28.3212802114804
0.8187890625,19.3212802114804
0.818828125,13.3212802114804
0.8188671875,8.32128021148037
0.81890625,11.3212802114804
0.8189453125,19.3212802114804
0.818984375,28.3212802114804
0.8190234375,37.3212802114804
0.8190625,37.3212802114804
0.8191015625,32.3212802114804
0.819140625,27.3212802114804
0.8191796875,11.3212802114804
0.81921875,1.32128021148037
0.8192578125,0.321280211480371
0.819296875,-20.6787197885196
0.8193359375,-50.6787197885196
0.819375,-68.6787197885196
0.8194140625,-75.6787197885196
0.819453125,-81.6787197885196
0.8194921875,-87.6787197885196
0.81953125,-91.6787197885196
0.8195703125,-88.6787197885196
0.819609375,-96.6787197885196
0.8196484375,-111.67871978852
0.8196875,-119.67871978852
0.8197265625,-118.67871978852
0.819765625,-123.67871978852
0.8198046875,-127.67871978852
0.81984375,-122.67871978852
0.8198828125,-113.67871978852
0.819921875,-97.6787197885196
0.8199609375,-77.6787197885196
0.82,-56.6787197885196
0.8200390625,-32.6787197885196
0.820078125,-6.67871978851963
0.8201171875,15.3212802114804
0.82015625,41.3212802114804
0.8201953125,68.3212802114804
0.820234375,90.3212802114804
0.8202734375,105.32128021148
0.8203125,118.32128021148
0.8203515625,131.32128021148
0.820390625,138.32128021148
0.8204296875,138.32128021148
0.82046875,135.32128021148
0.8205078125,133.32128021148
0.820546875,128.32128021148
0.8205859375,121.32128021148
0.820625,112.32128021148
0.8206640625,101.32128021148
0.820703125,90.3212802114804
0.8207421875,78.3212802114804
0.82078125,63.3212802114804
0.8208203125,47.3212802114804
0.820859375,30.3212802114804
0.8208984375,15.3212802114804
0.8209375,2.32128021148037
0.8209765625,-6.67871978851963
0.821015625,-16.6787197885196
0.8210546875,-27.6787197885196
0.82109375,-36.6787197885196
0.8211328125,-45.6787197885196
0.821171875,-51.6787197885196
0.8212109375,-56.6787197885196
0.82125,-58.6787197885196
0.8212890625,-59.6787197885196
0.821328125,-62.6787197885196
0.8213671875,-66.6787197885196
0.82140625,-69.6787197885196
0.8214453125,-71.6787197885196
0.821484375,-71.6787197885196
0.8215234375,-65.6787197885196
0.8215625,-57.6787197885196
0.8216015625,-49.6787197885196
0.821640625,-43.6787197885196
0.8216796875,-36.6787197885196
0.82171875,-28.6787197885196
0.8217578125,-22.6787197885196
0.821796875,-12.6787197885196
0.8218359375,-0.678719788519629
0.821875,8.32128021148037
0.8219140625,16.3212802114804
0.821953125,24.3212802114804
0.8219921875,33.3212802114804
0.82203125,40.3212802114804
0.8220703125,47.3212802114804
0.822109375,52.3212802114804
0.8221484375,58.3212802114804
0.8221875,65.3212802114804
0.8222265625,69.3212802114804
0.822265625,71.3212802114804
0.8223046875,70.3212802114804
0.82234375,65.3212802114804
0.8223828125,54.3212802114804
0.822421875,43.3212802114804
0.8224609375,32.3212802114804
0.8225,23.3212802114804
0.8225390625,15.3212802114804
0.822578125,6.32128021148037
0.8226171875,0.321280211480371
0.82265625,-8.67871978851963
0.8226953125,-16.6787197885196
0.822734375,-22.6787197885196
0.8227734375,-26.6787197885196
0.8228125,-34.6787197885196
0.8228515625,-43.6787197885196
0.822890625,-54.6787197885196
0.8229296875,-67.6787197885196
0.82296875,-78.6787197885196
0.8230078125,-89.6787197885196
0.823046875,-99.6787197885196
0.8230859375,-109.67871978852
0.823125,-112.67871978852
0.8231640625,-110.67871978852
0.823203125,-103.67871978852
0.8232421875,-93.6787197885196
0.82328125,-81.6787197885196
0.8233203125,-67.6787197885196
0.823359375,-56.6787197885196
0.8233984375,-43.6787197885196
0.8234375,-29.6787197885196
0.8234765625,-13.6787197885196
0.823515625,2.32128021148037
0.8235546875,15.3212802114804
0.82359375,27.3212802114804
0.8236328125,40.3212802114804
0.823671875,51.3212802114804
0.8237109375,60.3212802114804
0.82375,68.3212802114804
0.8237890625,77.3212802114804
0.823828125,88.3212802114804
0.8238671875,96.3212802114804
0.82390625,101.32128021148
0.8239453125,103.32128021148
0.823984375,99.3212802114804
0.8240234375,93.3212802114804
0.8240625,90.3212802114804
0.8241015625,86.3212802114804
0.824140625,78.3212802114804
0.8241796875,67.3212802114804
0.82421875,52.3212802114804
0.8242578125,38.3212802114804
0.824296875,26.3212802114804
0.8243359375,14.3212802114804
0.824375,3.32128021148037
0.8244140625,-4.67871978851963
0.824453125,-10.6787197885196
0.8244921875,-16.6787197885196
0.82453125,-22.6787197885196
0.8245703125,-25.6787197885196
0.824609375,-29.6787197885196
0.8246484375,-32.6787197885196
0.8246875,-36.6787197885196
0.8247265625,-37.6787197885196
0.824765625,-38.6787197885196
0.8248046875,-36.6787197885196
0.82484375,-34.6787197885196
0.8248828125,-32.6787197885196
0.824921875,-27.6787197885196
0.8249609375,-24.6787197885196
0.825,-19.6787197885196
0.8250390625,-14.6787197885196
0.825078125,-11.6787197885196
0.8251171875,-9.67871978851963
0.82515625,-8.67871978851963
0.8251953125,-9.67871978851963
0.825234375,-12.6787197885196
0.8252734375,-13.6787197885196
0.8253125,-15.6787197885196
0.8253515625,-16.6787197885196
0.825390625,-16.6787197885196
0.8254296875,-17.6787197885196
0.82546875,-18.6787197885196
0.8255078125,-20.6787197885196
0.825546875,-20.6787197885196
0.8255859375,-18.6787197885196
0.825625,-16.6787197885196
0.8256640625,-12.6787197885196
0.825703125,-4.67871978851963
0.8257421875,4.32128021148037
0.82578125,14.3212802114804
0.8258203125,24.3212802114804
0.825859375,32.3212802114804
0.8258984375,37.3212802114804
0.8259375,41.3212802114804
0.8259765625,42.3212802114804
0.826015625,40.3212802114804
0.8260546875,38.3212802114804
0.82609375,37.3212802114804
0.8261328125,35.3212802114804
0.826171875,32.3212802114804
0.8262109375,31.3212802114804
0.82625,28.3212802114804
0.8262890625,25.3212802114804
0.826328125,22.3212802114804
0.8263671875,16.3212802114804
0.82640625,10.3212802114804
0.8264453125,2.32128021148037
0.826484375,-5.67871978851963
0.8265234375,-13.6787197885196
0.8265625,-22.6787197885196
0.8266015625,-33.6787197885196
0.826640625,-43.6787197885196
0.8266796875,-51.6787197885196
0.82671875,-55.6787197885196
0.8267578125,-56.6787197885196
0.826796875,-56.6787197885196
0.8268359375,-54.6787197885196
0.826875,-52.6787197885196
0.8269140625,-49.6787197885196
0.826953125,-45.6787197885196
0.8269921875,-38.6787197885196
0.82703125,-30.6787197885196
0.8270703125,-23.6787197885196
0.827109375,-19.6787197885196
0.8271484375,-17.6787197885196
0.8271875,-12.6787197885196
0.8272265625,-8.67871978851963
0.827265625,-2.67871978851963
0.8273046875,2.32128021148037
0.82734375,10.3212802114804
0.8273828125,22.3212802114804
0.827421875,34.3212802114804
0.8274609375,42.3212802114804
