timestamp,voltage
0.0,1.46748991935488
3.90625e-05,5.46748991935488
7.8125e-05,9.46748991935488
0.0001171875,13.4674899193549
0.00015625,14.4674899193549
0.0001953125,11.4674899193549
0.000234375,8.46748991935488
0.0002734375,4.46748991935488
0.0003125,1.46748991935488
0.0003515625,-0.532510080645125
0.000390625,-1.53251008064512
0.0004296875,-2.53251008064512
0.00046875,-4.53251008064512
0.0005078125,-6.53251008064512
0.000546875,-9.53251008064512
0.0005859375,-12.5325100806451
0.000625,-9.53251008064512
0.0006640625,-5.53251008064512
0.000703125,-2.53251008064512
0.0007421875,2.46748991935488
0.00078125,6.46748991935488
0.0008203125,8.46748991935488
0.000859375,10.4674899193549
0.0008984375,11.4674899193549
0.0009375,9.46748991935488
0.0009765625,10.4674899193549
0.001015625,8.46748991935488
0.0010546875,7.46748991935488
0.00109375,6.46748991935488
0.0011328125,5.46748991935488
0.001171875,4.46748991935488
0.0012109375,3.46748991935488
0.00125,3.46748991935488
0.0012890625,3.46748991935488
0.001328125,3.46748991935488
0.0013671875,0.467489919354875
0.00140625,-3.53251008064512
0.0014453125,-7.53251008064512
0.001484375,-12.5325100806451
0.0015234375,-16.5325100806451
0.0015625,-19.5325100806451
0.0016015625,-20.5325100806451
0.001640625,-18.5325100806451
0.0016796875,-15.5325100806451
0.00171875,-10.5325100806451
0.0017578125,-6.53251008064512
0.001796875,-5.53251008064512
0.0018359375,-6.53251008064512
0.001875,-4.53251008064512
0.0019140625,10.4674899193549
0.001953125,11.4674899193549
0.0019921875,11.4674899193549
0.00203125,12.4674899193549
0.0020703125,11.4674899193549
0.002109375,9.46748991935488
0.0021484375,10.4674899193549
0.0021875,11.4674899193549
0.0022265625,9.46748991935488
0.002265625,10.4674899193549
0.0023046875,11.4674899193549
0.00234375,11.4674899193549
0.0023828125,13.4674899193549
0.002421875,13.4674899193549
0.0024609375,10.4674899193549
0.0025,7.46748991935488
0.0025390625,4.46748991935488
0.002578125,0.467489919354875
0.0026171875,-3.53251008064512
0.00265625,-7.53251008064512
0.0026953125,-11.5325100806451
0.002734375,-15.5325100806451
0.0027734375,-17.5325100806451
0.0028125,-15.5325100806451
0.0028515625,-11.5325100806451
0.002890625,-6.53251008064512
0.0029296875,-3.53251008064512
0.00296875,-0.532510080645125
0.0030078125,1.46748991935488
0.003046875,-1.53251008064512
0.0030859375,-1.53251008064512
0.003125,-4.53251008064512
0.0031640625,-6.53251008064512
0.003203125,-7.53251008064512
0.0032421875,-10.5325100806451
0.00328125,-12.5325100806451
0.0033203125,-14.5325100806451
0.003359375,-13.5325100806451
0.0033984375,-13.5325100806451
0.0034375,-11.5325100806451
0.0034765625,-10.5325100806451
0.003515625,-6.53251008064512
0.0035546875,0.467489919354875
0.00359375,5.46748991935488
0.0036328125,9.46748991935488
0.003671875,12.4674899193549
0.0037109375,10.4674899193549
0.00375,6.46748991935488
0.0037890625,2.46748991935488
0.003828125,0.467489919354875
0.0038671875,-0.532510080645125
0.00390625,-1.53251008064512
0.0039453125,-5.53251008064512
0.003984375,-9.53251008064512
0.0040234375,-13.5325100806451
0.0040625,-15.5325100806451
0.0041015625,-16.5325100806451
0.004140625,-11.5325100806451
0.0041796875,-6.53251008064512
0.00421875,-2.53251008064512
0.0042578125,2.46748991935488
0.004296875,7.46748991935488
0.0043359375,11.4674899193549
0.004375,10.4674899193549
0.0044140625,8.46748991935488
0.004453125,7.46748991935488
0.0044921875,8.46748991935488
0.00453125,8.46748991935488
0.0045703125,6.46748991935488
0.004609375,4.46748991935488
0.0046484375,0.467489919354875
0.0046875,-1.53251008064512
0.0047265625,-2.53251008064512
0.004765625,-3.53251008064512
0.0048046875,-1.53251008064512
0.00484375,1.46748991935488
0.0048828125,4.46748991935488
0.004921875,6.46748991935488
0.0049609375,10.4674899193549
0.005,12.4674899193549
0.0050390625,13.4674899193549
0.005078125,15.4674899193549
0.0051171875,16.4674899193549
0.00515625,16.4674899193549
0.0051953125,15.4674899193549
0.005234375,13.4674899193549
0.0052734375,10.4674899193549
0.0053125,7.46748991935488
0.0053515625,3.46748991935488
0.005390625,1.46748991935488
0.0054296875,2.46748991935488
0.00546875,3.46748991935488
0.0055078125,2.46748991935488
0.005546875,0.467489919354875
0.0055859375,-2.53251008064512
0.005625,-3.53251008064512
0.0056640625,-9.53251008064512
0.005703125,-13.5325100806451
0.0057421875,-17.5325100806451
0.00578125,-18.5325100806451
0.0058203125,-20.5325100806451
0.005859375,-19.5325100806451
0.0058984375,-15.5325100806451
0.0059375,-10.5325100806451
0.0059765625,-8.53251008064512
0.006015625,-5.53251008064512
0.0060546875,-2.53251008064512
0.00609375,2.46748991935488
0.0061328125,5.46748991935488
0.006171875,7.46748991935488
0.0062109375,6.46748991935488
0.00625,4.46748991935488
0.0062890625,-0.532510080645125
0.006328125,-3.53251008064512
0.0063671875,-7.53251008064512
0.00640625,-9.53251008064512
0.0064453125,-12.5325100806451
0.006484375,-14.5325100806451
0.0065234375,-15.5325100806451
0.0065625,-16.5325100806451
0.0066015625,-15.5325100806451
0.006640625,-11.5325100806451
0.0066796875,-6.53251008064512
0.00671875,0.467489919354875
0.0067578125,8.46748991935488
0.006796875,14.4674899193549
0.0068359375,20.4674899193549
0.006875,22.4674899193549
0.0069140625,20.4674899193549
0.006953125,16.4674899193549
0.0069921875,8.46748991935488
0.00703125,2.46748991935488
0.0070703125,-1.53251008064512
0.007109375,-3.53251008064512
0.0071484375,-5.53251008064512
0.0071875,-7.53251008064512
0.0072265625,-6.53251008064512
0.007265625,-5.53251008064512
0.0073046875,-7.53251008064512
0.00734375,-7.53251008064512
0.0073828125,-7.53251008064512
0.007421875,-2.53251008064512
0.0074609375,3.46748991935488
0.0075,7.46748991935488
0.0075390625,10.4674899193549
0.007578125,11.4674899193549
0.0076171875,9.46748991935488
0.00765625,8.46748991935488
0.0076953125,6.46748991935488
0.007734375,4.46748991935488
0.0077734375,3.46748991935488
0.0078125,1.46748991935488
0.0078515625,0.467489919354875
0.007890625,0.467489919354875
0.0079296875,-3.53251008064512
0.00796875,-7.53251008064512
0.0080078125,-10.5325100806451
0.008046875,-8.53251008064512
0.0080859375,-6.53251008064512
0.008125,-3.53251008064512
0.0081640625,1.46748991935488
0.008203125,4.46748991935488
0.0082421875,5.46748991935488
0.00828125,5.46748991935488
0.0083203125,6.46748991935488
0.008359375,9.46748991935488
0.0083984375,11.4674899193549
0.0084375,10.4674899193549
0.0084765625,7.46748991935488
0.008515625,3.46748991935488
0.0085546875,-1.53251008064512
0.00859375,-6.53251008064512
0.0086328125,-8.53251008064512
0.008671875,-8.53251008064512
0.0087109375,-5.53251008064512
0.00875,-0.532510080645125
0.0087890625,6.46748991935488
0.008828125,10.4674899193549
0.0088671875,14.4674899193549
0.00890625,16.4674899193549
0.0089453125,13.4674899193549
0.008984375,11.4674899193549
0.0090234375,8.46748991935488
0.0090625,8.46748991935488
0.0091015625,7.46748991935488
0.009140625,5.46748991935488
0.0091796875,1.46748991935488
0.00921875,-4.53251008064512
0.0092578125,-10.5325100806451
0.009296875,-12.5325100806451
0.0093359375,-13.5325100806451
0.009375,-10.5325100806451
0.0094140625,-7.53251008064512
0.009453125,-6.53251008064512
0.0094921875,-8.53251008064512
0.00953125,-11.5325100806451
0.0095703125,-14.5325100806451
0.009609375,-16.5325100806451
0.0096484375,-15.5325100806451
0.0096875,-12.5325100806451
0.0097265625,-9.53251008064512
0.009765625,-6.53251008064512
0.0098046875,-2.53251008064512
0.00984375,0.467489919354875
0.0098828125,-0.532510080645125
0.009921875,-3.53251008064512
0.0099609375,-6.53251008064512
0.01,-9.53251008064512
0.0100390625,-11.5325100806451
0.010078125,-12.5325100806451
0.0101171875,-12.5325100806451
0.01015625,-11.5325100806451
0.0101953125,-8.53251008064512
0.010234375,-5.53251008064512
0.0102734375,-2.53251008064512
0.0103125,2.46748991935488
0.0103515625,9.46748991935488
0.010390625,15.4674899193549
0.0104296875,21.4674899193549
0.01046875,26.4674899193549
0.0105078125,26.4674899193549
0.010546875,25.4674899193549
0.0105859375,22.4674899193549
0.010625,19.4674899193549
0.0106640625,13.4674899193549
0.010703125,5.46748991935488
0.0107421875,-1.53251008064512
0.01078125,-10.5325100806451
0.0108203125,-17.5325100806451
0.010859375,-21.5325100806451
0.0108984375,-23.5325100806451
0.0109375,-23.5325100806451
0.0109765625,-17.5325100806451
0.011015625,-6.53251008064512
0.0110546875,3.46748991935488
0.01109375,13.4674899193549
0.0111328125,21.4674899193549
0.011171875,26.4674899193549
0.0112109375,27.4674899193549
0.01125,27.4674899193549
0.0112890625,25.4674899193549
0.011328125,21.4674899193549
0.0113671875,13.4674899193549
0.01140625,6.46748991935488
0.0114453125,1.46748991935488
0.011484375,-3.53251008064512
0.0115234375,-6.53251008064512
0.0115625,-9.53251008064512
0.0116015625,-10.5325100806451
0.011640625,-9.53251008064512
0.0116796875,-8.53251008064512
0.01171875,-8.53251008064512
0.0117578125,-6.53251008064512
0.011796875,-4.53251008064512
0.0118359375,-5.53251008064512
0.011875,-7.53251008064512
0.0119140625,-8.53251008064512
0.011953125,-7.53251008064512
0.0119921875,-6.53251008064512
0.01203125,-7.53251008064512
0.0120703125,-10.5325100806451
0.012109375,-11.5325100806451
0.0121484375,-11.5325100806451
0.0121875,-11.5325100806451
0.0122265625,-10.5325100806451
0.012265625,-8.53251008064512
0.0123046875,-6.53251008064512
0.01234375,-6.53251008064512
0.0123828125,-6.53251008064512
0.012421875,-5.53251008064512
0.0124609375,-6.53251008064512
0.0125,-6.53251008064512
0.0125390625,-7.53251008064512
0.012578125,-6.53251008064512
0.0126171875,-5.53251008064512
0.01265625,-1.53251008064512
0.0126953125,1.46748991935488
0.012734375,6.46748991935488
0.0127734375,7.46748991935488
0.0128125,6.46748991935488
0.0128515625,4.46748991935488
0.012890625,3.46748991935488
0.0129296875,6.46748991935488
0.01296875,9.46748991935488
0.0130078125,11.4674899193549
0.013046875,13.4674899193549
0.0130859375,14.4674899193549
0.013125,12.4674899193549
0.0131640625,7.46748991935488
0.013203125,3.46748991935488
0.0132421875,0.467489919354875
0.01328125,0.467489919354875
0.0133203125,-0.532510080645125
0.013359375,0.467489919354875
0.0133984375,1.46748991935488
0.0134375,2.46748991935488
0.0134765625,4.46748991935488
0.013515625,4.46748991935488
0.0135546875,5.46748991935488
0.01359375,7.46748991935488
0.0136328125,9.46748991935488
0.013671875,10.4674899193549
0.0137109375,8.46748991935488
0.01375,6.46748991935488
0.0137890625,4.46748991935488
0.013828125,-0.532510080645125
0.0138671875,-5.53251008064512
0.01390625,-9.53251008064512
0.0139453125,-8.53251008064512
0.013984375,-6.53251008064512
0.0140234375,-3.53251008064512
0.0140625,-1.53251008064512
0.0141015625,1.46748991935488
0.014140625,3.46748991935488
0.0141796875,3.46748991935488
0.01421875,6.46748991935488
0.0142578125,6.46748991935488
0.014296875,6.46748991935488
0.0143359375,5.46748991935488
0.014375,3.46748991935488
0.0144140625,0.467489919354875
0.014453125,-3.53251008064512
0.0144921875,-6.53251008064512
0.01453125,-10.5325100806451
0.0145703125,-11.5325100806451
0.014609375,-10.5325100806451
0.0146484375,-8.53251008064512
0.0146875,-5.53251008064512
0.0147265625,-2.53251008064512
0.014765625,0.467489919354875
0.0148046875,1.46748991935488
0.01484375,3.46748991935488
0.0148828125,5.46748991935488
0.014921875,5.46748991935488
0.0149609375,5.46748991935488
0.015,3.46748991935488
0.0150390625,2.46748991935488
0.015078125,-0.532510080645125
0.0151171875,-4.53251008064512
0.01515625,-8.53251008064512
0.0151953125,-8.53251008064512
0.015234375,-7.53251008064512
0.0152734375,-2.53251008064512
0.0153125,-0.532510080645125
0.0153515625,1.46748991935488
0.015390625,1.46748991935488
0.0154296875,-1.53251008064512
0.01546875,-2.53251008064512
0.0155078125,-1.53251008064512
0.015546875,2.46748991935488
0.0155859375,4.46748991935488
0.015625,7.46748991935488
0.0156640625,10.4674899193549
0.015703125,8.46748991935488
0.0157421875,4.46748991935488
0.01578125,-0.532510080645125
0.0158203125,-5.53251008064512
0.015859375,-7.53251008064512
0.0158984375,-8.53251008064512
0.0159375,-11.5325100806451
0.0159765625,-14.5325100806451
0.016015625,-18.5325100806451
0.0160546875,-19.5325100806451
0.01609375,-19.5325100806451
0.0161328125,-16.5325100806451
0.016171875,-11.5325100806451
0.0162109375,-6.53251008064512
0.01625,-2.53251008064512
0.0162890625,1.46748991935488
0.016328125,3.46748991935488
0.0163671875,4.46748991935488
0.01640625,4.46748991935488
0.0164453125,3.46748991935488
0.016484375,2.46748991935488
0.0165234375,1.46748991935488
0.0165625,-0.532510080645125
0.0166015625,-2.53251008064512
0.016640625,-3.53251008064512
0.0166796875,-2.53251008064512
0.01671875,-0.532510080645125
0.0167578125,-0.532510080645125
0.016796875,2.46748991935488
0.0168359375,8.46748991935488
0.016875,11.4674899193549
0.0169140625,15.4674899193549
0.016953125,16.4674899193549
0.0169921875,17.4674899193549
0.01703125,16.4674899193549
0.0170703125,11.4674899193549
0.017109375,6.46748991935488
0.0171484375,1.46748991935488
0.0171875,-0.532510080645125
0.0172265625,1.46748991935488
0.017265625,4.46748991935488
0.0173046875,5.46748991935488
0.01734375,6.46748991935488
0.0173828125,5.46748991935488
0.017421875,4.46748991935488
0.0174609375,3.46748991935488
0.0175,3.46748991935488
0.0175390625,3.46748991935488
0.017578125,2.46748991935488
0.0176171875,0.467489919354875
0.01765625,1.46748991935488
0.0176953125,-0.532510080645125
0.017734375,0.467489919354875
0.0177734375,0.467489919354875
0.0178125,3.46748991935488
0.0178515625,8.46748991935488
0.017890625,10.4674899193549
0.0179296875,14.4674899193549
0.01796875,16.4674899193549
0.0180078125,15.4674899193549
0.018046875,11.4674899193549
0.0180859375,4.46748991935488
0.018125,-0.532510080645125
0.0181640625,-4.53251008064512
0.018203125,-7.53251008064512
0.0182421875,-9.53251008064512
0.01828125,-11.5325100806451
0.0183203125,-10.5325100806451
0.018359375,-12.5325100806451
0.0183984375,-12.5325100806451
0.0184375,-10.5325100806451
0.0184765625,-8.53251008064512
0.018515625,-7.53251008064512
0.0185546875,-5.53251008064512
0.01859375,-6.53251008064512
0.0186328125,-9.53251008064512
0.018671875,-14.5325100806451
0.0187109375,-16.5325100806451
0.01875,-20.5325100806451
0.0187890625,-20.5325100806451
0.018828125,-20.5325100806451
0.0188671875,-17.5325100806451
0.01890625,-12.5325100806451
0.0189453125,-7.53251008064512
0.018984375,-2.53251008064512
0.0190234375,1.46748991935488
0.0190625,6.46748991935488
0.0191015625,12.4674899193549
0.019140625,14.4674899193549
0.0191796875,13.4674899193549
0.01921875,9.46748991935488
0.0192578125,5.46748991935488
0.019296875,-0.532510080645125
0.0193359375,-6.53251008064512
0.019375,-9.53251008064512
0.0194140625,-7.53251008064512
0.019453125,-3.53251008064512
0.0194921875,2.46748991935488
0.01953125,9.46748991935488
0.0195703125,13.4674899193549
0.019609375,15.4674899193549
0.0196484375,15.4674899193549
0.0196875,14.4674899193549
0.0197265625,12.4674899193549
0.019765625,9.46748991935488
0.0198046875,9.46748991935488
0.01984375,7.46748991935488
0.0198828125,7.46748991935488
0.019921875,6.46748991935488
0.0199609375,4.46748991935488
0.02,-0.532510080645125
0.0200390625,-3.53251008064512
0.020078125,-5.53251008064512
0.0201171875,-7.53251008064512
0.02015625,-7.53251008064512
0.0201953125,-7.53251008064512
0.020234375,-5.53251008064512
0.0202734375,-5.53251008064512
0.0203125,-3.53251008064512
0.0203515625,-2.53251008064512
0.020390625,-1.53251008064512
0.0204296875,0.467489919354875
0.02046875,1.46748991935488
0.0205078125,2.46748991935488
0.020546875,2.46748991935488
0.0205859375,2.46748991935488
0.020625,2.46748991935488
0.0206640625,-2.53251008064512
0.020703125,-7.53251008064512
0.0207421875,-10.5325100806451
0.02078125,-9.53251008064512
0.0208203125,-8.53251008064512
0.020859375,-6.53251008064512
0.0208984375,-2.53251008064512
0.0209375,1.46748991935488
0.0209765625,4.46748991935488
0.021015625,9.46748991935488
0.0210546875,15.4674899193549
0.02109375,18.4674899193549
0.0211328125,19.4674899193549
0.021171875,18.4674899193549
0.0212109375,14.4674899193549
0.02125,9.46748991935488
0.0212890625,0.467489919354875
0.021328125,-8.53251008064512
0.0213671875,-16.5325100806451
0.02140625,-19.5325100806451
0.0214453125,-18.5325100806451
0.021484375,-15.5325100806451
0.0215234375,-8.53251008064512
0.0215625,0.467489919354875
0.0216015625,7.46748991935488
0.021640625,11.4674899193549
0.0216796875,15.4674899193549
0.02171875,17.4674899193549
0.0217578125,16.4674899193549
0.021796875,15.4674899193549
0.0218359375,12.4674899193549
0.021875,9.46748991935488
0.0219140625,4.46748991935488
0.021953125,-2.53251008064512
0.0219921875,-7.53251008064512
0.02203125,-10.5325100806451
0.0220703125,-8.53251008064512
0.022109375,-7.53251008064512
0.0221484375,-6.53251008064512
0.0221875,-5.53251008064512
0.0222265625,-5.53251008064512
0.022265625,-9.53251008064512
0.0223046875,-14.5325100806451
0.02234375,-16.5325100806451
0.0223828125,-19.5325100806451
0.022421875,-21.5325100806451
0.0224609375,-22.5325100806451
0.0225,-22.5325100806451
0.0225390625,-20.5325100806451
0.022578125,-20.5325100806451
0.0226171875,-20.5325100806451
0.02265625,-16.5325100806451
0.0226953125,-11.5325100806451
0.022734375,-4.53251008064512
0.0227734375,1.46748991935488
0.0228125,9.46748991935488
0.0228515625,17.4674899193549
0.022890625,21.4674899193549
0.0229296875,19.4674899193549
0.02296875,13.4674899193549
0.0230078125,7.46748991935488
0.023046875,3.46748991935488
0.0230859375,-0.532510080645125
0.023125,-0.532510080645125
0.0231640625,2.46748991935488
0.023203125,5.46748991935488
0.0232421875,9.46748991935488
0.02328125,14.4674899193549
0.0233203125,19.4674899193549
0.023359375,22.4674899193549
0.0233984375,26.4674899193549
0.0234375,26.4674899193549
0.0234765625,28.4674899193549
0.023515625,27.4674899193549
0.0235546875,23.4674899193549
0.02359375,18.4674899193549
0.0236328125,12.4674899193549
0.023671875,6.46748991935488
0.0237109375,3.46748991935488
0.02375,-0.532510080645125
0.0237890625,-6.53251008064512
0.023828125,-11.5325100806451
0.0238671875,-17.5325100806451
0.02390625,-21.5325100806451
0.0239453125,-20.5325100806451
0.023984375,-17.5325100806451
0.0240234375,-14.5325100806451
0.0240625,-10.5325100806451
0.0241015625,-4.53251008064512
0.024140625,0.467489919354875
0.0241796875,3.46748991935488
0.02421875,3.46748991935488
0.0242578125,0.467489919354875
0.024296875,-1.53251008064512
0.0243359375,-3.53251008064512
0.024375,-4.53251008064512
0.0244140625,-3.53251008064512
0.024453125,-3.53251008064512
0.0244921875,-3.53251008064512
0.02453125,-4.53251008064512
0.0245703125,-6.53251008064512
0.024609375,-6.53251008064512
0.0246484375,-4.53251008064512
0.0246875,-0.532510080645125
0.0247265625,1.46748991935488
0.024765625,6.46748991935488
0.0248046875,11.4674899193549
0.02484375,16.4674899193549
0.0248828125,16.4674899193549
0.024921875,18.4674899193549
0.0249609375,17.4674899193549
0.025,17.4674899193549
0.0250390625,16.4674899193549
0.025078125,11.4674899193549
0.0251171875,5.46748991935488
0.02515625,-2.53251008064512
0.0251953125,-11.5325100806451
0.025234375,-16.5325100806451
0.0252734375,-20.5325100806451
0.0253125,-23.5325100806451
0.0253515625,-23.5325100806451
0.025390625,-22.5325100806451
0.0254296875,-22.5325100806451
0.02546875,-21.5325100806451
0.0255078125,-23.5325100806451
0.025546875,-25.5325100806451
0.0255859375,-25.5325100806451
0.025625,-24.5325100806451
0.0256640625,-21.5325100806451
0.025703125,-13.5325100806451
0.0257421875,-6.53251008064512
0.02578125,1.46748991935488
0.0258203125,6.46748991935488
0.025859375,10.4674899193549
0.0258984375,11.4674899193549
0.0259375,11.4674899193549
0.0259765625,12.4674899193549
0.026015625,12.4674899193549
0.0260546875,12.4674899193549
0.02609375,10.4674899193549
0.0261328125,6.46748991935488
0.026171875,0.467489919354875
0.0262109375,-2.53251008064512
0.02625,-0.532510080645125
0.0262890625,3.46748991935488
0.026328125,10.4674899193549
0.0263671875,15.4674899193549
0.02640625,17.4674899193549
0.0264453125,18.4674899193549
0.026484375,14.4674899193549
0.0265234375,8.46748991935488
0.0265625,3.46748991935488
0.0266015625,-0.532510080645125
0.026640625,-3.53251008064512
0.0266796875,-5.53251008064512
0.02671875,-3.53251008064512
0.0267578125,-1.53251008064512
0.026796875,-1.53251008064512
0.0268359375,-2.53251008064512
0.026875,-2.53251008064512
0.0269140625,-0.532510080645125
0.026953125,2.46748991935488
0.0269921875,6.46748991935488
0.02703125,9.46748991935488
0.0270703125,11.4674899193549
0.027109375,11.4674899193549
0.0271484375,9.46748991935488
0.0271875,4.46748991935488
0.0272265625,-1.53251008064512
0.027265625,-5.53251008064512
0.0273046875,-7.53251008064512
0.02734375,-9.53251008064512
0.0273828125,-9.53251008064512
0.027421875,-10.5325100806451
0.0274609375,-8.53251008064512
0.0275,-5.53251008064512
0.0275390625,-1.53251008064512
0.027578125,3.46748991935488
0.0276171875,8.46748991935488
0.02765625,9.46748991935488
0.0276953125,8.46748991935488
0.027734375,7.46748991935488
0.0277734375,5.46748991935488
0.0278125,3.46748991935488
0.0278515625,0.467489919354875
0.027890625,1.46748991935488
0.0279296875,6.46748991935488
0.02796875,9.46748991935488
0.0280078125,10.4674899193549
0.028046875,14.4674899193549
0.0280859375,14.4674899193549
0.028125,11.4674899193549
0.0281640625,6.46748991935488
0.028203125,1.46748991935488
0.0282421875,-2.53251008064512
0.02828125,-5.53251008064512
0.0283203125,-6.53251008064512
0.028359375,-8.53251008064512
0.0283984375,-10.5325100806451
0.0284375,-12.5325100806451
0.0284765625,-16.5325100806451
0.028515625,-15.5325100806451
0.0285546875,-15.5325100806451
0.02859375,-15.5325100806451
0.0286328125,-14.5325100806451
0.028671875,-14.5325100806451
0.0287109375,-11.5325100806451
0.02875,-10.5325100806451
0.0287890625,-11.5325100806451
0.028828125,-12.5325100806451
0.0288671875,-9.53251008064512
0.02890625,-5.53251008064512
0.0289453125,-1.53251008064512
0.028984375,3.46748991935488
0.0290234375,9.46748991935488
0.0290625,14.4674899193549
0.0291015625,12.4674899193549
0.029140625,10.4674899193549
0.0291796875,9.46748991935488
0.02921875,6.46748991935488
0.0292578125,3.46748991935488
0.029296875,-0.532510080645125
0.0293359375,-6.53251008064512
0.029375,-9.53251008064512
0.0294140625,-11.5325100806451
0.029453125,-12.5325100806451
0.0294921875,-8.53251008064512
0.02953125,-2.53251008064512
0.0295703125,2.46748991935488
0.029609375,5.46748991935488
0.0296484375,9.46748991935488
0.0296875,11.4674899193549
0.0297265625,11.4674899193549
0.029765625,8.46748991935488
0.0298046875,4.46748991935488
0.02984375,1.46748991935488
0.0298828125,1.46748991935488
0.029921875,3.46748991935488
0.0299609375,6.46748991935488
0.03,10.4674899193549
0.0300390625,11.4674899193549
0.030078125,12.4674899193549
0.0301171875,12.4674899193549
0.03015625,13.4674899193549
0.0301953125,15.4674899193549
0.030234375,16.4674899193549
0.0302734375,14.4674899193549
0.0303125,9.46748991935488
0.0303515625,6.46748991935488
0.030390625,1.46748991935488
0.0304296875,-1.53251008064512
0.03046875,-4.53251008064512
0.0305078125,-7.53251008064512
0.030546875,-9.53251008064512
0.0305859375,-12.5325100806451
0.030625,-12.5325100806451
0.0306640625,-11.5325100806451
0.030703125,-10.5325100806451
0.0307421875,-10.5325100806451
0.03078125,-11.5325100806451
0.0308203125,-9.53251008064512
0.030859375,-7.53251008064512
0.0308984375,-4.53251008064512
0.0309375,-4.53251008064512
0.0309765625,-4.53251008064512
0.031015625,-6.53251008064512
0.0310546875,-9.53251008064512
0.03109375,-11.5325100806451
0.0311328125,-13.5325100806451
0.031171875,-12.5325100806451
0.0312109375,-9.53251008064512
0.03125,-6.53251008064512
0.0312890625,-4.53251008064512
0.031328125,-1.53251008064512
0.0313671875,-1.53251008064512
0.03140625,-5.53251008064512
0.0314453125,-5.53251008064512
0.031484375,-4.53251008064512
0.0315234375,-0.532510080645125
0.0315625,0.467489919354875
0.0316015625,2.46748991935488
0.031640625,3.46748991935488
0.0316796875,6.46748991935488
0.03171875,8.46748991935488
0.0317578125,10.4674899193549
0.031796875,9.46748991935488
0.0318359375,11.4674899193549
0.031875,12.4674899193549
0.0319140625,11.4674899193549
0.031953125,10.4674899193549
0.0319921875,5.46748991935488
0.03203125,1.46748991935488
0.0320703125,-2.53251008064512
0.032109375,-6.53251008064512
0.0321484375,-7.53251008064512
0.0321875,-5.53251008064512
0.0322265625,-3.53251008064512
0.032265625,-1.53251008064512
0.0323046875,0.467489919354875
0.03234375,1.46748991935488
0.0323828125,2.46748991935488
0.032421875,7.46748991935488
0.0324609375,12.4674899193549
0.0325,16.4674899193549
0.0325390625,20.4674899193549
0.032578125,22.4674899193549
0.0326171875,22.4674899193549
0.03265625,19.4674899193549
0.0326953125,16.4674899193549
0.032734375,13.4674899193549
0.0327734375,10.4674899193549
0.0328125,8.46748991935488
0.0328515625,5.46748991935488
0.032890625,1.46748991935488
0.0329296875,-0.532510080645125
0.03296875,-4.53251008064512
0.0330078125,-6.53251008064512
0.033046875,-7.53251008064512
0.0330859375,-7.53251008064512
0.033125,-6.53251008064512
0.0331640625,-3.53251008064512
0.033203125,-2.53251008064512
0.0332421875,-0.532510080645125
0.03328125,0.467489919354875
0.0333203125,1.46748991935488
0.033359375,1.46748991935488
0.0333984375,-0.532510080645125
0.0334375,-2.53251008064512
0.0334765625,-4.53251008064512
0.033515625,-7.53251008064512
0.0335546875,-13.5325100806451
0.03359375,-19.5325100806451
0.0336328125,-24.5325100806451
0.033671875,-29.5325100806451
0.0337109375,-31.5325100806451
0.03375,-33.5325100806451
0.0337890625,-32.5325100806451
0.033828125,-29.5325100806451
0.0338671875,-22.5325100806451
0.03390625,-11.5325100806451
0.0339453125,-1.53251008064512
0.033984375,5.46748991935488
0.0340234375,8.46748991935488
0.0340625,13.4674899193549
0.0341015625,17.4674899193549
0.034140625,23.4674899193549
0.0341796875,26.4674899193549
0.03421875,26.4674899193549
0.0342578125,24.4674899193549
0.034296875,19.4674899193549
0.0343359375,10.4674899193549
0.034375,1.46748991935488
0.0344140625,-4.53251008064512
0.034453125,-4.53251008064512
0.0344921875,-2.53251008064512
0.03453125,-3.53251008064512
0.0345703125,-6.53251008064512
0.034609375,-11.5325100806451
0.0346484375,-16.5325100806451
0.0346875,-17.5325100806451
0.0347265625,-13.5325100806451
0.034765625,-6.53251008064512
0.0348046875,-1.53251008064512
0.03484375,-1.53251008064512
0.0348828125,0.467489919354875
0.034921875,1.46748991935488
0.0349609375,2.46748991935488
0.035,2.46748991935488
0.0350390625,2.46748991935488
0.035078125,3.46748991935488
0.0351171875,4.46748991935488
0.03515625,4.46748991935488
0.0351953125,8.46748991935488
0.035234375,11.4674899193549
0.0352734375,8.46748991935488
0.0353125,2.46748991935488
0.0353515625,-1.53251008064512
0.035390625,-4.53251008064512
0.0354296875,-3.53251008064512
0.03546875,-0.532510080645125
0.0355078125,3.46748991935488
0.035546875,8.46748991935488
0.0355859375,12.4674899193549
0.035625,15.4674899193549
0.0356640625,18.4674899193549
0.035703125,20.4674899193549
0.0357421875,24.4674899193549
0.03578125,25.4674899193549
0.0358203125,22.4674899193549
0.035859375,16.4674899193549
0.0358984375,6.46748991935488
0.0359375,-5.53251008064512
0.0359765625,-14.5325100806451
0.036015625,-16.5325100806451
0.0360546875,-16.5325100806451
0.03609375,-16.5325100806451
0.0361328125,-16.5325100806451
0.036171875,-15.5325100806451
0.0362109375,-13.5325100806451
0.03625,-10.5325100806451
0.0362890625,-6.53251008064512
0.036328125,-4.53251008064512
0.0363671875,-0.532510080645125
0.03640625,3.46748991935488
0.0364453125,5.46748991935488
0.036484375,5.46748991935488
0.0365234375,10.4674899193549
0.0365625,11.4674899193549
0.0366015625,8.46748991935488
0.036640625,6.46748991935488
0.0366796875,4.46748991935488
0.03671875,3.46748991935488
0.0367578125,3.46748991935488
0.036796875,4.46748991935488
0.0368359375,6.46748991935488
0.036875,4.46748991935488
0.0369140625,0.467489919354875
0.036953125,-6.53251008064512
0.0369921875,-11.5325100806451
0.03703125,-12.5325100806451
0.0370703125,-12.5325100806451
0.037109375,-11.5325100806451
0.0371484375,-12.5325100806451
0.0371875,-12.5325100806451
0.0372265625,-15.5325100806451
0.037265625,-16.5325100806451
0.0373046875,-17.5325100806451
0.03734375,-15.5325100806451
0.0373828125,-12.5325100806451
0.037421875,-10.5325100806451
0.0374609375,-10.5325100806451
0.0375,-9.53251008064512
0.0375390625,-5.53251008064512
0.037578125,-2.53251008064512
0.0376171875,1.46748991935488
0.03765625,5.46748991935488
0.0376953125,8.46748991935488
0.037734375,8.46748991935488
0.0377734375,9.46748991935488
0.0378125,9.46748991935488
0.0378515625,5.46748991935488
0.037890625,1.46748991935488
0.0379296875,-2.53251008064512
0.03796875,-4.53251008064512
0.0380078125,-3.53251008064512
0.038046875,0.467489919354875
0.0380859375,3.46748991935488
0.038125,4.46748991935488
0.0381640625,6.46748991935488
0.038203125,9.46748991935488
0.0382421875,11.4674899193549
0.03828125,13.4674899193549
0.0383203125,14.4674899193549
0.038359375,16.4674899193549
0.0383984375,18.4674899193549
0.0384375,16.4674899193549
0.0384765625,12.4674899193549
0.038515625,6.46748991935488
0.0385546875,0.467489919354875
0.03859375,-3.53251008064512
0.0386328125,-1.53251008064512
0.038671875,0.467489919354875
0.0387109375,2.46748991935488
0.03875,4.46748991935488
0.0387890625,4.46748991935488
0.038828125,3.46748991935488
0.0388671875,0.467489919354875
0.03890625,-2.53251008064512
0.0389453125,-4.53251008064512
0.038984375,-5.53251008064512
0.0390234375,-6.53251008064512
0.0390625,-6.53251008064512
0.0391015625,-4.53251008064512
0.039140625,-1.53251008064512
0.0391796875,1.46748991935488
0.03921875,0.467489919354875
0.0392578125,0.467489919354875
0.039296875,6.46748991935488
0.0393359375,11.4674899193549
0.039375,15.4674899193549
0.0394140625,17.4674899193549
0.039453125,19.4674899193549
0.0394921875,19.4674899193549
0.03953125,15.4674899193549
0.0395703125,8.46748991935488
0.039609375,2.46748991935488
0.0396484375,-4.53251008064512
0.0396875,-10.5325100806451
0.0397265625,-14.5325100806451
0.039765625,-15.5325100806451
0.0398046875,-15.5325100806451
0.03984375,-18.5325100806451
0.0398828125,-19.5325100806451
0.039921875,-18.5325100806451
0.0399609375,-19.5325100806451
0.04,-15.5325100806451
0.0400390625,-13.5325100806451
0.040078125,-14.5325100806451
0.0401171875,-12.5325100806451
0.04015625,-15.5325100806451
0.0401953125,-19.5325100806451
0.040234375,-21.5325100806451
0.0402734375,-21.5325100806451
0.0403125,-21.5325100806451
0.0403515625,-21.5325100806451
0.040390625,-19.5325100806451
0.0404296875,-17.5325100806451
0.04046875,-13.5325100806451
0.0405078125,-8.53251008064512
0.040546875,0.467489919354875
0.0405859375,9.46748991935488
0.040625,18.4674899193549
0.0406640625,23.4674899193549
0.040703125,28.4674899193549
0.0407421875,27.4674899193549
0.04078125,26.4674899193549
0.0408203125,25.4674899193549
0.040859375,22.4674899193549
0.0408984375,19.4674899193549
0.0409375,17.4674899193549
0.0409765625,15.4674899193549
0.041015625,13.4674899193549
0.0410546875,13.4674899193549
0.04109375,13.4674899193549
0.0411328125,12.4674899193549
0.041171875,11.4674899193549
0.0412109375,10.4674899193549
0.04125,10.4674899193549
0.0412890625,8.46748991935488
0.041328125,3.46748991935488
0.0413671875,-0.532510080645125
0.04140625,-3.53251008064512
0.0414453125,-8.53251008064512
0.041484375,-13.5325100806451
0.0415234375,-15.5325100806451
0.0415625,-14.5325100806451
0.0416015625,-12.5325100806451
0.041640625,-9.53251008064512
0.0416796875,-8.53251008064512
0.04171875,-5.53251008064512
0.0417578125,-4.53251008064512
0.041796875,-4.53251008064512
0.0418359375,-5.53251008064512
0.041875,-3.53251008064512
0.0419140625,-2.53251008064512
0.041953125,0.467489919354875
0.0419921875,4.46748991935488
0.04203125,7.46748991935488
0.0420703125,8.46748991935488
0.042109375,8.46748991935488
0.0421484375,5.46748991935488
0.0421875,3.46748991935488
0.0422265625,3.46748991935488
0.042265625,3.46748991935488
0.0423046875,4.46748991935488
0.04234375,6.46748991935488
0.0423828125,8.46748991935488
0.042421875,9.46748991935488
0.0424609375,7.46748991935488
0.0425,3.46748991935488
0.0425390625,0.467489919354875
0.042578125,0.467489919354875
0.0426171875,2.46748991935488
0.04265625,2.46748991935488
0.0426953125,3.46748991935488
0.042734375,0.467489919354875
0.0427734375,-1.53251008064512
0.0428125,-6.53251008064512
0.0428515625,-10.5325100806451
0.042890625,-14.5325100806451
0.0429296875,-16.5325100806451
0.04296875,-17.5325100806451
0.0430078125,-18.5325100806451
0.043046875,-16.5325100806451
0.0430859375,-15.5325100806451
0.043125,-14.5325100806451
0.0431640625,-9.53251008064512
0.043203125,-5.53251008064512
0.0432421875,-2.53251008064512
0.04328125,1.46748991935488
0.0433203125,4.46748991935488
0.043359375,7.46748991935488
0.0433984375,7.46748991935488
0.0434375,7.46748991935488
0.0434765625,3.46748991935488
0.043515625,0.467489919354875
0.0435546875,-4.53251008064512
0.04359375,-6.53251008064512
0.0436328125,-3.53251008064512
0.043671875,-1.53251008064512
0.0437109375,-0.532510080645125
0.04375,-3.53251008064512
0.0437890625,-5.53251008064512
0.043828125,-7.53251008064512
0.0438671875,-7.53251008064512
0.04390625,-6.53251008064512
0.0439453125,-3.53251008064512
0.043984375,-4.53251008064512
0.0440234375,-4.53251008064512
0.0440625,-7.53251008064512
0.0441015625,-8.53251008064512
0.044140625,-6.53251008064512
0.0441796875,-4.53251008064512
0.04421875,-2.53251008064512
0.0442578125,-0.532510080645125
0.044296875,-0.532510080645125
0.0443359375,1.46748991935488
0.044375,3.46748991935488
0.0444140625,5.46748991935488
0.044453125,6.46748991935488
0.0444921875,6.46748991935488
0.04453125,6.46748991935488
0.0445703125,6.46748991935488
0.044609375,9.46748991935488
0.0446484375,15.4674899193549
0.0446875,23.4674899193549
0.0447265625,27.4674899193549
0.044765625,29.4674899193549
0.0448046875,28.4674899193549
0.04484375,29.4674899193549
0.0448828125,27.4674899193549
0.044921875,27.4674899193549
0.0449609375,25.4674899193549
0.045,20.4674899193549
0.0450390625,12.4674899193549
0.045078125,3.46748991935488
0.0451171875,-3.53251008064512
0.04515625,-8.53251008064512
0.0451953125,-8.53251008064512
0.045234375,-9.53251008064512
0.0452734375,-8.53251008064512
0.0453125,-9.53251008064512
0.0453515625,-10.5325100806451
0.045390625,-10.5325100806451
0.0454296875,-11.5325100806451
0.04546875,-12.5325100806451
0.0455078125,-12.5325100806451
0.045546875,-13.5325100806451
0.0455859375,-12.5325100806451
0.045625,-10.5325100806451
0.0456640625,-9.53251008064512
0.045703125,-7.53251008064512
0.0457421875,-4.53251008064512
0.04578125,-2.53251008064512
0.0458203125,-2.53251008064512
0.045859375,-2.53251008064512
0.0458984375,-2.53251008064512
0.0459375,-3.53251008064512
0.0459765625,-4.53251008064512
0.046015625,-5.53251008064512
0.0460546875,-4.53251008064512
0.04609375,-2.53251008064512
0.0461328125,1.46748991935488
0.046171875,5.46748991935488
0.0462109375,6.46748991935488
0.04625,7.46748991935488
0.0462890625,7.46748991935488
0.046328125,9.46748991935488
0.0463671875,6.46748991935488
0.04640625,3.46748991935488
0.0464453125,-0.532510080645125
0.046484375,-4.53251008064512
0.0465234375,-7.53251008064512
0.0465625,-11.5325100806451
0.0466015625,-14.5325100806451
0.046640625,-16.5325100806451
0.0466796875,-19.5325100806451
0.04671875,-21.5325100806451
0.0467578125,-23.5325100806451
0.046796875,-21.5325100806451
0.0468359375,-17.5325100806451
0.046875,-12.5325100806451
0.0469140625,-6.53251008064512
0.046953125,-2.53251008064512
0.0469921875,0.467489919354875
0.04703125,3.46748991935488
0.0470703125,4.46748991935488
0.047109375,4.46748991935488
0.0471484375,2.46748991935488
0.0471875,1.46748991935488
0.0472265625,-1.53251008064512
0.047265625,-2.53251008064512
0.0473046875,-1.53251008064512
0.04734375,-1.53251008064512
0.0473828125,0.467489919354875
0.047421875,5.46748991935488
0.0474609375,10.4674899193549
0.0475,13.4674899193549
0.0475390625,15.4674899193549
0.047578125,15.4674899193549
0.0476171875,14.4674899193549
0.04765625,11.4674899193549
0.0476953125,6.46748991935488
0.047734375,2.46748991935488
0.0477734375,1.46748991935488
0.0478125,1.46748991935488
0.0478515625,2.46748991935488
0.047890625,3.46748991935488
0.0479296875,6.46748991935488
0.04796875,10.4674899193549
0.0480078125,12.4674899193549
0.048046875,10.4674899193549
0.0480859375,10.4674899193549
0.048125,12.4674899193549
0.0481640625,16.4674899193549
0.048203125,17.4674899193549
0.0482421875,16.4674899193549
0.04828125,11.4674899193549
0.0483203125,5.46748991935488
0.048359375,1.46748991935488
0.0483984375,1.46748991935488
0.0484375,2.46748991935488
0.0484765625,4.46748991935488
0.048515625,5.46748991935488
0.0485546875,5.46748991935488
0.04859375,5.46748991935488
0.0486328125,6.46748991935488
0.048671875,5.46748991935488
0.0487109375,7.46748991935488
0.04875,7.46748991935488
0.0487890625,5.46748991935488
0.048828125,2.46748991935488
0.0488671875,-1.53251008064512
0.04890625,-3.53251008064512
0.0489453125,-7.53251008064512
0.048984375,-14.5325100806451
0.0490234375,-23.5325100806451
0.0490625,-26.5325100806451
0.0491015625,-26.5325100806451
0.049140625,-25.5325100806451
0.0491796875,-22.5325100806451
0.04921875,-19.5325100806451
0.0492578125,-18.5325100806451
0.049296875,-18.5325100806451
0.0493359375,-19.5325100806451
0.049375,-16.5325100806451
0.0494140625,-11.5325100806451
0.049453125,-7.53251008064512
0.0494921875,-4.53251008064512
0.04953125,-3.53251008064512
0.0495703125,-3.53251008064512
0.049609375,-5.53251008064512
0.0496484375,-7.53251008064512
0.0496875,-7.53251008064512
0.0497265625,-4.53251008064512
0.049765625,-2.53251008064512
0.0498046875,0.467489919354875
0.04984375,6.46748991935488
0.0498828125,11.4674899193549
0.049921875,15.4674899193549
0.0499609375,18.4674899193549
0.05,19.4674899193549
0.0500390625,19.4674899193549
0.050078125,18.4674899193549
0.0501171875,16.4674899193549
0.05015625,14.4674899193549
0.0501953125,12.4674899193549
0.050234375,9.46748991935488
0.0502734375,4.46748991935488
0.0503125,-0.532510080645125
0.0503515625,-0.532510080645125
0.050390625,0.467489919354875
0.0504296875,4.46748991935488
0.05046875,9.46748991935488
0.0505078125,11.4674899193549
0.050546875,8.46748991935488
0.0505859375,0.467489919354875
0.050625,-5.53251008064512
0.0506640625,-7.53251008064512
0.050703125,-10.5325100806451
0.0507421875,-10.5325100806451
0.05078125,-13.5325100806451
0.0508203125,-16.5325100806451
0.050859375,-16.5325100806451
0.0508984375,-15.5325100806451
0.0509375,-15.5325100806451
0.0509765625,-12.5325100806451
0.051015625,-8.53251008064512
0.0510546875,-1.53251008064512
0.05109375,5.46748991935488
0.0511328125,14.4674899193549
0.051171875,22.4674899193549
0.0512109375,26.4674899193549
0.05125,25.4674899193549
0.0512890625,18.4674899193549
0.051328125,12.4674899193549
0.0513671875,8.46748991935488
0.05140625,5.46748991935488
0.0514453125,4.46748991935488
0.051484375,2.46748991935488
0.0515234375,2.46748991935488
0.0515625,0.467489919354875
0.0516015625,2.46748991935488
0.051640625,5.46748991935488
0.0516796875,8.46748991935488
0.05171875,8.46748991935488
0.0517578125,5.46748991935488
0.051796875,0.467489919354875
0.0518359375,-6.53251008064512
0.051875,-12.5325100806451
0.0519140625,-22.5325100806451
0.051953125,-27.5325100806451
0.0519921875,-29.5325100806451
0.05203125,-28.5325100806451
0.0520703125,-24.5325100806451
0.052109375,-17.5325100806451
0.0521484375,-10.5325100806451
0.0521875,-5.53251008064512
0.0522265625,-4.53251008064512
0.052265625,-7.53251008064512
0.0523046875,-6.53251008064512
0.05234375,-5.53251008064512
0.0523828125,-3.53251008064512
0.052421875,-3.53251008064512
0.0524609375,-2.53251008064512
0.0525,-4.53251008064512
0.0525390625,-8.53251008064512
0.052578125,-10.5325100806451
0.0526171875,-8.53251008064512
0.05265625,-2.53251008064512
0.0526953125,5.46748991935488
0.052734375,9.46748991935488
0.0527734375,10.4674899193549
0.0528125,11.4674899193549
0.0528515625,10.4674899193549
0.052890625,12.4674899193549
0.0529296875,14.4674899193549
0.05296875,17.4674899193549
0.0530078125,19.4674899193549
0.053046875,19.4674899193549
0.0530859375,18.4674899193549
0.053125,17.4674899193549
0.0531640625,13.4674899193549
0.053203125,6.46748991935488
0.0532421875,0.467489919354875
0.05328125,-3.53251008064512
0.0533203125,-6.53251008064512
0.053359375,-4.53251008064512
0.0533984375,-2.53251008064512
0.0534375,-0.532510080645125
0.0534765625,2.46748991935488
0.053515625,0.467489919354875
0.0535546875,-0.532510080645125
0.05359375,2.46748991935488
0.0536328125,4.46748991935488
0.053671875,7.46748991935488
0.0537109375,7.46748991935488
0.05375,8.46748991935488
0.0537890625,7.46748991935488
0.053828125,6.46748991935488
0.0538671875,2.46748991935488
0.05390625,-0.532510080645125
0.0539453125,-4.53251008064512
0.053984375,-5.53251008064512
0.0540234375,-6.53251008064512
0.0540625,-2.53251008064512
0.0541015625,3.46748991935488
0.054140625,6.46748991935488
0.0541796875,8.46748991935488
0.05421875,8.46748991935488
0.0542578125,8.46748991935488
0.054296875,6.46748991935488
0.0543359375,2.46748991935488
0.054375,-0.532510080645125
0.0544140625,-2.53251008064512
0.054453125,-3.53251008064512
0.0544921875,-6.53251008064512
0.05453125,-9.53251008064512
0.0545703125,-13.5325100806451
0.054609375,-12.5325100806451
0.0546484375,-7.53251008064512
0.0546875,-2.53251008064512
0.0547265625,1.46748991935488
0.054765625,4.46748991935488
0.0548046875,4.46748991935488
0.05484375,0.467489919354875
0.0548828125,-4.53251008064512
0.054921875,-9.53251008064512
0.0549609375,-15.5325100806451
0.055,-19.5325100806451
0.0550390625,-23.5325100806451
0.055078125,-21.5325100806451
0.0551171875,-20.5325100806451
0.05515625,-19.5325100806451
0.0551953125,-18.5325100806451
0.055234375,-13.5325100806451
0.0552734375,-5.53251008064512
0.0553125,2.46748991935488
0.0553515625,6.46748991935488
0.055390625,11.4674899193549
0.0554296875,13.4674899193549
0.05546875,12.4674899193549
0.0555078125,12.4674899193549
0.055546875,11.4674899193549
0.0555859375,10.4674899193549
0.055625,7.46748991935488
0.0556640625,2.46748991935488
0.055703125,-2.53251008064512
0.0557421875,-7.53251008064512
0.05578125,-12.5325100806451
0.0558203125,-12.5325100806451
0.055859375,-12.5325100806451
0.0558984375,-9.53251008064512
0.0559375,-5.53251008064512
0.0559765625,-1.53251008064512
0.056015625,0.467489919354875
0.0560546875,2.46748991935488
0.05609375,1.46748991935488
0.0561328125,-1.53251008064512
0.056171875,-3.53251008064512
0.0562109375,-3.53251008064512
0.05625,-0.532510080645125
0.0562890625,4.46748991935488
0.056328125,7.46748991935488
0.0563671875,12.4674899193549
0.05640625,17.4674899193549
0.0564453125,20.4674899193549
0.056484375,17.4674899193549
0.0565234375,15.4674899193549
0.0565625,13.4674899193549
0.0566015625,11.4674899193549
0.056640625,9.46748991935488
0.0566796875,8.46748991935488
0.05671875,5.46748991935488
0.0567578125,3.46748991935488
0.056796875,2.46748991935488
0.0568359375,2.46748991935488
0.056875,2.46748991935488
0.0569140625,4.46748991935488
0.056953125,4.46748991935488
0.0569921875,7.46748991935488
0.05703125,11.4674899193549
0.0570703125,12.4674899193549
0.057109375,11.4674899193549
0.0571484375,8.46748991935488
0.0571875,10.4674899193549
0.0572265625,9.46748991935488
0.057265625,9.46748991935488
0.0573046875,8.46748991935488
0.05734375,7.46748991935488
0.0573828125,5.46748991935488
0.057421875,0.467489919354875
0.0574609375,-7.53251008064512
0.0575,-10.5325100806451
0.0575390625,-12.5325100806451
0.057578125,-12.5325100806451
0.0576171875,-13.5325100806451
0.05765625,-15.5325100806451
0.0576953125,-16.5325100806451
0.057734375,-17.5325100806451
0.0577734375,-17.5325100806451
0.0578125,-16.5325100806451
0.0578515625,-16.5325100806451
0.057890625,-13.5325100806451
0.0579296875,-8.53251008064512
0.05796875,-4.53251008064512
0.0580078125,-1.53251008064512
0.058046875,-2.53251008064512
0.0580859375,-4.53251008064512
0.058125,-6.53251008064512
0.0581640625,-8.53251008064512
0.058203125,-10.5325100806451
0.0582421875,-12.5325100806451
0.05828125,-13.5325100806451
0.0583203125,-10.5325100806451
0.058359375,-7.53251008064512
0.0583984375,-4.53251008064512
0.0584375,-2.53251008064512
0.0584765625,1.46748991935488
0.058515625,4.46748991935488
0.0585546875,7.46748991935488
0.05859375,10.4674899193549
0.0586328125,7.46748991935488
0.058671875,4.46748991935488
0.0587109375,0.467489919354875
0.05875,-0.532510080645125
0.0587890625,-1.53251008064512
0.058828125,-0.532510080645125
0.0588671875,3.46748991935488
0.05890625,4.46748991935488
0.0589453125,4.46748991935488
0.058984375,3.46748991935488
0.0590234375,2.46748991935488
0.0590625,0.467489919354875
0.0591015625,-0.532510080645125
0.059140625,-2.53251008064512
0.0591796875,-1.53251008064512
0.05921875,0.467489919354875
0.0592578125,1.46748991935488
0.059296875,3.46748991935488
0.0593359375,5.46748991935488
0.059375,5.46748991935488
0.0594140625,2.46748991935488
0.059453125,2.46748991935488
0.0594921875,3.46748991935488
0.05953125,6.46748991935488
0.0595703125,9.46748991935488
0.059609375,13.4674899193549
0.0596484375,16.4674899193549
0.0596875,17.4674899193549
0.0597265625,15.4674899193549
0.059765625,13.4674899193549
0.0598046875,12.4674899193549
0.05984375,9.46748991935488
0.0598828125,6.46748991935488
0.059921875,1.46748991935488
0.0599609375,-3.53251008064512
0.06,-10.5325100806451
0.0600390625,-15.5325100806451
0.060078125,-17.5325100806451
0.0601171875,-16.5325100806451
0.06015625,-12.5325100806451
0.0601953125,-3.53251008064512
0.060234375,5.46748991935488
0.0602734375,15.4674899193549
0.0603125,20.4674899193549
0.0603515625,20.4674899193549
0.060390625,18.4674899193549
0.0604296875,15.4674899193549
0.06046875,12.4674899193549
0.0605078125,10.4674899193549
0.060546875,9.46748991935488
0.0605859375,4.46748991935488
0.060625,-0.532510080645125
0.0606640625,-6.53251008064512
0.060703125,-13.5325100806451
0.0607421875,-17.5325100806451
0.06078125,-17.5325100806451
0.0608203125,-15.5325100806451
0.060859375,-12.5325100806451
0.0608984375,-9.53251008064512
0.0609375,-7.53251008064512
0.0609765625,-4.53251008064512
0.061015625,-3.53251008064512
0.0610546875,-5.53251008064512
0.06109375,-7.53251008064512
0.0611328125,-7.53251008064512
0.061171875,-9.53251008064512
0.0612109375,-13.5325100806451
0.06125,-17.5325100806451
0.0612890625,-21.5325100806451
0.061328125,-25.5325100806451
0.0613671875,-27.5325100806451
0.06140625,-28.5325100806451
0.0614453125,-26.5325100806451
0.061484375,-19.5325100806451
0.0615234375,-11.5325100806451
0.0615625,-3.53251008064512
0.0616015625,1.46748991935488
0.061640625,3.46748991935488
0.0616796875,5.46748991935488
0.06171875,5.46748991935488
0.0617578125,7.46748991935488
0.061796875,12.4674899193549
0.0618359375,15.4674899193549
0.061875,14.4674899193549
0.0619140625,13.4674899193549
0.061953125,11.4674899193549
0.0619921875,5.46748991935488
0.06203125,3.46748991935488
0.0620703125,3.46748991935488
0.062109375,5.46748991935488
0.0621484375,11.4674899193549
0.0621875,15.4674899193549
0.0622265625,19.4674899193549
0.062265625,24.4674899193549
0.0623046875,28.4674899193549
0.06234375,27.4674899193549
0.0623828125,23.4674899193549
0.062421875,19.4674899193549
0.0624609375,12.4674899193549
0.0625,7.46748991935488
0.0625390625,2.46748991935488
0.062578125,-0.532510080645125
0.0626171875,-3.53251008064512
0.06265625,-5.53251008064512
0.0626953125,-7.53251008064512
0.062734375,-6.53251008064512
0.0627734375,-0.532510080645125
0.0628125,7.46748991935488
0.0628515625,14.4674899193549
0.062890625,19.4674899193549
0.0629296875,17.4674899193549
0.06296875,11.4674899193549
0.0630078125,4.46748991935488
0.063046875,-3.53251008064512
0.0630859375,-7.53251008064512
0.063125,-12.5325100806451
0.0631640625,-15.5325100806451
0.063203125,-16.5325100806451
0.0632421875,-15.5325100806451
0.06328125,-16.5325100806451
0.0633203125,-16.5325100806451
0.063359375,-15.5325100806451
0.0633984375,-9.53251008064512
0.0634375,-0.532510080645125
0.0634765625,9.46748991935488
0.063515625,15.4674899193549
0.0635546875,16.4674899193549
0.06359375,11.4674899193549
0.0636328125,2.46748991935488
0.063671875,-9.53251008064512
0.0637109375,-16.5325100806451
0.06375,-19.5325100806451
0.0637890625,-17.5325100806451
0.063828125,-14.5325100806451
0.0638671875,-10.5325100806451
0.06390625,-10.5325100806451
0.0639453125,-9.53251008064512
0.063984375,-8.53251008064512
0.0640234375,-7.53251008064512
0.0640625,-7.53251008064512
0.0641015625,-6.53251008064512
0.064140625,-7.53251008064512
0.0641796875,-7.53251008064512
0.06421875,-8.53251008064512
0.0642578125,-7.53251008064512
0.064296875,-8.53251008064512
0.0643359375,-6.53251008064512
0.064375,-5.53251008064512
0.0644140625,-4.53251008064512
0.064453125,-0.532510080645125
0.0644921875,5.46748991935488
0.06453125,9.46748991935488
0.0645703125,8.46748991935488
0.064609375,5.46748991935488
0.0646484375,0.467489919354875
0.0646875,-0.532510080645125
0.0647265625,1.46748991935488
0.064765625,4.46748991935488
0.0648046875,4.46748991935488
0.06484375,3.46748991935488
0.0648828125,1.46748991935488
0.064921875,-3.53251008064512
0.0649609375,-7.53251008064512
0.065,-8.53251008064512
0.0650390625,-7.53251008064512
0.065078125,-3.53251008064512
0.0651171875,0.467489919354875
0.06515625,4.46748991935488
0.0651953125,8.46748991935488
0.065234375,14.4674899193549
0.0652734375,18.4674899193549
0.0653125,22.4674899193549
0.0653515625,23.4674899193549
0.065390625,22.4674899193549
0.0654296875,21.4674899193549
0.06546875,19.4674899193549
0.0655078125,17.4674899193549
0.065546875,16.4674899193549
0.0655859375,12.4674899193549
0.065625,5.46748991935488
0.0656640625,1.46748991935488
0.065703125,-1.53251008064512
0.0657421875,-0.532510080645125
0.06578125,2.46748991935488
0.0658203125,6.46748991935488
0.065859375,6.46748991935488
0.0658984375,1.46748991935488
0.0659375,-6.53251008064512
0.0659765625,-11.5325100806451
0.066015625,-11.5325100806451
0.0660546875,-10.5325100806451
0.06609375,-7.53251008064512
0.0661328125,-6.53251008064512
0.066171875,-5.53251008064512
0.0662109375,-7.53251008064512
0.06625,-8.53251008064512
0.0662890625,-5.53251008064512
0.066328125,-1.53251008064512
0.0663671875,5.46748991935488
0.06640625,8.46748991935488
0.0664453125,8.46748991935488
0.066484375,7.46748991935488
0.0665234375,2.46748991935488
0.0665625,-2.53251008064512
0.0666015625,-4.53251008064512
0.066640625,-6.53251008064512
0.0666796875,-9.53251008064512
0.06671875,-13.5325100806451
0.0667578125,-12.5325100806451
0.066796875,-7.53251008064512
0.0668359375,-4.53251008064512
0.066875,-3.53251008064512
0.0669140625,-2.53251008064512
0.066953125,-0.532510080645125
0.0669921875,4.46748991935488
0.06703125,8.46748991935488
0.0670703125,13.4674899193549
0.067109375,15.4674899193549
0.0671484375,12.4674899193549
0.0671875,6.46748991935488
0.0672265625,-2.53251008064512
0.067265625,-9.53251008064512
0.0673046875,-16.5325100806451
0.06734375,-19.5325100806451
0.0673828125,-21.5325100806451
0.067421875,-22.5325100806451
0.0674609375,-19.5325100806451
0.0675,-16.5325100806451
0.0675390625,-10.5325100806451
0.067578125,-3.53251008064512
0.0676171875,3.46748991935488
0.06765625,9.46748991935488
0.0676953125,14.4674899193549
0.067734375,17.4674899193549
0.0677734375,18.4674899193549
0.0678125,13.4674899193549
0.0678515625,6.46748991935488
0.067890625,-4.53251008064512
0.0679296875,-13.5325100806451
0.06796875,-20.5325100806451
0.0680078125,-21.5325100806451
0.068046875,-18.5325100806451
0.0680859375,-14.5325100806451
0.068125,-8.53251008064512
0.0681640625,-3.53251008064512
0.068203125,0.467489919354875
0.0682421875,4.46748991935488
0.06828125,9.46748991935488
0.0683203125,12.4674899193549
0.068359375,13.4674899193549
0.0683984375,11.4674899193549
0.0684375,8.46748991935488
0.0684765625,3.46748991935488
0.068515625,-0.532510080645125
0.0685546875,-5.53251008064512
0.06859375,-7.53251008064512
0.0686328125,-8.53251008064512
0.068671875,-7.53251008064512
0.0687109375,-0.532510080645125
0.06875,7.46748991935488
0.0687890625,14.4674899193549
0.068828125,19.4674899193549
0.0688671875,22.4674899193549
0.06890625,20.4674899193549
0.0689453125,18.4674899193549
0.068984375,17.4674899193549
0.0690234375,16.4674899193549
0.0690625,15.4674899193549
0.0691015625,10.4674899193549
0.069140625,2.46748991935488
0.0691796875,-3.53251008064512
0.06921875,-4.53251008064512
0.0692578125,-3.53251008064512
0.069296875,0.467489919354875
0.0693359375,1.46748991935488
0.069375,0.467489919354875
0.0694140625,-1.53251008064512
0.069453125,-6.53251008064512
0.0694921875,-8.53251008064512
0.06953125,-5.53251008064512
0.0695703125,-1.53251008064512
0.069609375,3.46748991935488
0.0696484375,4.46748991935488
0.0696875,3.46748991935488
0.0697265625,-2.53251008064512
0.069765625,-7.53251008064512
0.0698046875,-15.5325100806451
0.06984375,-21.5325100806451
0.0698828125,-23.5325100806451
0.069921875,-22.5325100806451
0.0699609375,-18.5325100806451
0.07,-15.5325100806451
0.0700390625,-11.5325100806451
0.070078125,-6.53251008064512
0.0701171875,-4.53251008064512
0.07015625,-2.53251008064512
0.0701953125,0.467489919354875
0.070234375,4.46748991935488
0.0702734375,8.46748991935488
0.0703125,10.4674899193549
0.0703515625,12.4674899193549
0.070390625,14.4674899193549
0.0704296875,12.4674899193549
0.07046875,10.4674899193549
0.0705078125,9.46748991935488
0.070546875,11.4674899193549
0.0705859375,8.46748991935488
0.070625,5.46748991935488
0.0706640625,3.46748991935488
0.070703125,-0.532510080645125
0.0707421875,-4.53251008064512
0.07078125,-6.53251008064512
0.0708203125,-7.53251008064512
0.070859375,-6.53251008064512
0.0708984375,-3.53251008064512
0.0709375,0.467489919354875
0.0709765625,3.46748991935488
0.071015625,5.46748991935488
0.0710546875,8.46748991935488
0.07109375,6.46748991935488
0.0711328125,5.46748991935488
0.071171875,4.46748991935488
0.0712109375,3.46748991935488
0.07125,3.46748991935488
0.0712890625,4.46748991935488
0.071328125,4.46748991935488
0.0713671875,4.46748991935488
0.07140625,0.467489919354875
0.0714453125,-4.53251008064512
0.071484375,-6.53251008064512
0.0715234375,-5.53251008064512
0.0715625,-1.53251008064512
0.0716015625,-1.53251008064512
0.071640625,-0.532510080645125
0.0716796875,-0.532510080645125
0.07171875,-1.53251008064512
0.0717578125,-3.53251008064512
0.071796875,-6.53251008064512
0.0718359375,-7.53251008064512
0.071875,-4.53251008064512
0.0719140625,-0.532510080645125
0.071953125,3.46748991935488
0.0719921875,8.46748991935488
0.07203125,8.46748991935488
0.0720703125,4.46748991935488
0.072109375,-0.532510080645125
0.0721484375,-3.53251008064512
0.0721875,-4.53251008064512
0.0722265625,-1.53251008064512
0.072265625,1.46748991935488
0.0723046875,2.46748991935488
0.07234375,3.46748991935488
0.0723828125,0.467489919354875
0.072421875,-3.53251008064512
0.0724609375,-3.53251008064512
0.0725,-0.532510080645125
0.0725390625,2.46748991935488
0.072578125,2.46748991935488
0.0726171875,-1.53251008064512
0.07265625,-6.53251008064512
0.0726953125,-11.5325100806451
0.072734375,-14.5325100806451
0.0727734375,-18.5325100806451
0.0728125,-19.5325100806451
0.0728515625,-16.5325100806451
0.072890625,-11.5325100806451
0.0729296875,-6.53251008064512
0.07296875,1.46748991935488
0.0730078125,7.46748991935488
0.073046875,9.46748991935488
0.0730859375,8.46748991935488
0.073125,6.46748991935488
0.0731640625,6.46748991935488
0.073203125,3.46748991935488
0.0732421875,3.46748991935488
0.07328125,3.46748991935488
0.0733203125,1.46748991935488
0.073359375,-3.53251008064512
0.0733984375,-9.53251008064512
0.0734375,-13.5325100806451
0.0734765625,-11.5325100806451
0.073515625,-6.53251008064512
0.0735546875,0.467489919354875
0.07359375,7.46748991935488
0.0736328125,11.4674899193549
0.073671875,13.4674899193549
0.0737109375,13.4674899193549
0.07375,13.4674899193549
0.0737890625,11.4674899193549
0.073828125,7.46748991935488
0.0738671875,2.46748991935488
0.07390625,0.467489919354875
0.0739453125,-2.53251008064512
0.073984375,-4.53251008064512
0.0740234375,-7.53251008064512
0.0740625,-8.53251008064512
0.0741015625,-8.53251008064512
0.074140625,-8.53251008064512
0.0741796875,-4.53251008064512
0.07421875,-0.532510080645125
0.0742578125,2.46748991935488
0.074296875,6.46748991935488
0.0743359375,8.46748991935488
0.074375,5.46748991935488
0.0744140625,1.46748991935488
0.074453125,-1.53251008064512
0.0744921875,-1.53251008064512
0.07453125,0.467489919354875
0.0745703125,1.46748991935488
0.074609375,3.46748991935488
0.0746484375,2.46748991935488
0.0746875,2.46748991935488
0.0747265625,2.46748991935488
0.074765625,4.46748991935488
0.0748046875,8.46748991935488
0.07484375,10.4674899193549
0.0748828125,10.4674899193549
0.074921875,9.46748991935488
0.0749609375,9.46748991935488
0.075,7.46748991935488
0.0750390625,8.46748991935488
0.075078125,8.46748991935488
0.0751171875,9.46748991935488
0.07515625,9.46748991935488
0.0751953125,8.46748991935488
0.075234375,6.46748991935488
0.0752734375,2.46748991935488
0.0753125,-1.53251008064512
0.0753515625,-8.53251008064512
0.075390625,-11.5325100806451
0.0754296875,-12.5325100806451
0.07546875,-13.5325100806451
0.0755078125,-13.5325100806451
0.075546875,-15.5325100806451
0.0755859375,-14.5325100806451
0.075625,-10.5325100806451
0.0756640625,-6.53251008064512
0.075703125,-2.53251008064512
0.0757421875,-1.53251008064512
0.07578125,-1.53251008064512
0.0758203125,-4.53251008064512
0.075859375,-6.53251008064512
0.0758984375,-6.53251008064512
0.0759375,-4.53251008064512
0.0759765625,-4.53251008064512
0.076015625,-7.53251008064512
0.0760546875,-8.53251008064512
0.07609375,-7.53251008064512
0.0761328125,-3.53251008064512
0.076171875,-0.532510080645125
0.0762109375,4.46748991935488
0.07625,9.46748991935488
0.0762890625,14.4674899193549
0.076328125,15.4674899193549
0.0763671875,16.4674899193549
0.07640625,16.4674899193549
0.0764453125,17.4674899193549
0.076484375,15.4674899193549
0.0765234375,10.4674899193549
0.0765625,4.46748991935488
0.0766015625,-1.53251008064512
0.076640625,-8.53251008064512
0.0766796875,-12.5325100806451
0.07671875,-15.5325100806451
0.0767578125,-16.5325100806451
0.076796875,-15.5325100806451
0.0768359375,-16.5325100806451
0.076875,-14.5325100806451
0.0769140625,-10.5325100806451
0.076953125,-8.53251008064512
0.0769921875,-7.53251008064512
0.07703125,-4.53251008064512
0.0770703125,-2.53251008064512
0.077109375,-0.532510080645125
0.0771484375,1.46748991935488
0.0771875,3.46748991935488
0.0772265625,5.46748991935488
0.077265625,5.46748991935488
0.0773046875,6.46748991935488
0.07734375,5.46748991935488
0.0773828125,6.46748991935488
0.077421875,9.46748991935488
0.0774609375,8.46748991935488
0.0775,11.4674899193549
0.0775390625,12.4674899193549
0.077578125,14.4674899193549
0.0776171875,14.4674899193549
0.07765625,13.4674899193549
0.0776953125,13.4674899193549
0.077734375,12.4674899193549
0.0777734375,11.4674899193549
0.0778125,8.46748991935488
0.0778515625,6.46748991935488
0.077890625,4.46748991935488
0.0779296875,0.467489919354875
0.07796875,-0.532510080645125
0.0780078125,-3.53251008064512
0.078046875,-5.53251008064512
0.0780859375,-4.53251008064512
0.078125,-4.53251008064512
0.0781640625,-5.53251008064512
0.078203125,-6.53251008064512
0.0782421875,-10.5325100806451
0.07828125,-14.5325100806451
0.0783203125,-16.5325100806451
0.078359375,-17.5325100806451
0.0783984375,-18.5325100806451
0.0784375,-15.5325100806451
0.0784765625,-15.5325100806451
0.078515625,-15.5325100806451
0.0785546875,-15.5325100806451
0.07859375,-15.5325100806451
0.0786328125,-11.5325100806451
0.078671875,-8.53251008064512
0.0787109375,-6.53251008064512
0.07875,-0.532510080645125
0.0787890625,1.46748991935488
0.078828125,10.4674899193549
0.0788671875,13.4674899193549
0.07890625,12.4674899193549
0.0789453125,13.4674899193549
0.078984375,11.4674899193549
0.0790234375,19.4674899193549
0.0790625,23.4674899193549
0.0791015625,17.4674899193549
0.079140625,13.4674899193549
0.0791796875,5.46748991935488
0.07921875,-1.53251008064512
0.0792578125,-7.53251008064512
0.079296875,-11.5325100806451
0.0793359375,-7.53251008064512
0.079375,-4.53251008064512
0.0794140625,-6.53251008064512
0.079453125,-6.53251008064512
0.0794921875,-3.53251008064512
0.07953125,4.46748991935488
0.0795703125,8.46748991935488
0.079609375,8.46748991935488
0.0796484375,-0.532510080645125
0.0796875,-0.532510080645125
0.0797265625,4.46748991935488
0.079765625,7.46748991935488
0.0798046875,5.46748991935488
0.07984375,3.46748991935488
0.0798828125,-1.53251008064512
0.079921875,-1.53251008064512
0.0799609375,-6.53251008064512
0.08,-5.53251008064512
0.0800390625,-3.53251008064512
0.080078125,-1.53251008064512
0.0801171875,0.467489919354875
0.08015625,2.46748991935488
0.0801953125,1.46748991935488
0.080234375,2.46748991935488
0.0802734375,3.46748991935488
0.0803125,2.46748991935488
0.0803515625,1.46748991935488
0.080390625,1.46748991935488
0.0804296875,9.46748991935488
0.08046875,16.4674899193549
0.0805078125,16.4674899193549
0.080546875,15.4674899193549
0.0805859375,16.4674899193549
0.080625,15.4674899193549
0.0806640625,9.46748991935488
0.080703125,0.467489919354875
0.0807421875,-13.5325100806451
0.08078125,-25.5325100806451
0.0808203125,-31.5325100806451
0.080859375,-32.5325100806451
0.0808984375,-30.5325100806451
0.0809375,-27.5325100806451
0.0809765625,-21.5325100806451
0.081015625,-10.5325100806451
0.0810546875,-0.532510080645125
0.08109375,5.46748991935488
0.0811328125,10.4674899193549
0.081171875,13.4674899193549
0.0812109375,14.4674899193549
0.08125,14.4674899193549
0.0812890625,15.4674899193549
0.081328125,13.4674899193549
0.0813671875,12.4674899193549
0.08140625,12.4674899193549
0.0814453125,7.46748991935488
0.081484375,1.46748991935488
0.0815234375,-8.53251008064512
0.0815625,-13.5325100806451
0.0816015625,-11.5325100806451
0.081640625,-7.53251008064512
0.0816796875,-1.53251008064512
0.08171875,5.46748991935488
0.0817578125,8.46748991935488
0.081796875,9.46748991935488
0.0818359375,10.4674899193549
0.081875,7.46748991935488
0.0819140625,5.46748991935488
0.081953125,5.46748991935488
0.0819921875,6.46748991935488
0.08203125,6.46748991935488
0.0820703125,2.46748991935488
0.082109375,-2.53251008064512
0.0821484375,-7.53251008064512
0.0821875,-13.5325100806451
0.0822265625,-19.5325100806451
0.082265625,-24.5325100806451
0.0823046875,-23.5325100806451
0.08234375,-18.5325100806451
0.0823828125,-11.5325100806451
0.082421875,-8.53251008064512
0.0824609375,-4.53251008064512
0.0825,-2.53251008064512
0.0825390625,-4.53251008064512
0.082578125,-4.53251008064512
0.0826171875,-5.53251008064512
0.08265625,-4.53251008064512
0.0826953125,-2.53251008064512
0.082734375,-1.53251008064512
0.0827734375,0.467489919354875
0.0828125,0.467489919354875
0.0828515625,2.46748991935488
0.082890625,7.46748991935488
0.0829296875,13.4674899193549
0.08296875,19.4674899193549
0.0830078125,20.4674899193549
0.083046875,21.4674899193549
0.0830859375,19.4674899193549
0.083125,17.4674899193549
0.0831640625,14.4674899193549
0.083203125,11.4674899193549
0.0832421875,7.46748991935488
0.08328125,1.46748991935488
0.0833203125,-3.53251008064512
0.083359375,-5.53251008064512
0.0833984375,-4.53251008064512
0.0834375,-2.53251008064512
0.0834765625,-0.532510080645125
0.083515625,1.46748991935488
0.0835546875,4.46748991935488
0.08359375,9.46748991935488
0.0836328125,14.4674899193549
0.083671875,17.4674899193549
0.0837109375,17.4674899193549
0.08375,19.4674899193549
0.0837890625,19.4674899193549
0.083828125,14.4674899193549
0.0838671875,16.4674899193549
0.08390625,15.4674899193549
0.0839453125,19.4674899193549
0.083984375,22.4674899193549
0.0840234375,5.46748991935488
0.0840625,-21.5325100806451
0.0841015625,-51.5325100806451
0.084140625,-69.5325100806451
0.0841796875,-73.5325100806451
0.08421875,-67.5325100806451
0.0842578125,-56.5325100806451
0.084296875,-44.5325100806451
0.0843359375,-28.5325100806451
0.084375,-11.5325100806451
0.0844140625,7.46748991935488
0.084453125,16.4674899193549
0.0844921875,13.4674899193549
0.08453125,8.46748991935488
0.0845703125,8.46748991935488
0.084609375,12.4674899193549
0.0846484375,16.4674899193549
0.0846875,18.4674899193549
0.0847265625,17.4674899193549
0.084765625,9.46748991935488
0.0848046875,2.46748991935488
0.08484375,0.467489919354875
0.0848828125,2.46748991935488
0.084921875,1.46748991935488
0.0849609375,3.46748991935488
0.085,8.46748991935488
0.0850390625,19.4674899193549
0.085078125,26.4674899193549
0.0851171875,30.4674899193549
0.08515625,32.4674899193549
0.0851953125,31.4674899193549
0.085234375,26.4674899193549
0.0852734375,20.4674899193549
0.0853125,13.4674899193549
0.0853515625,3.46748991935488
0.085390625,-6.53251008064512
0.0854296875,-14.5325100806451
0.08546875,-22.5325100806451
0.0855078125,-27.5325100806451
0.085546875,-29.5325100806451
0.0855859375,-26.5325100806451
0.085625,-21.5325100806451
0.0856640625,-15.5325100806451
0.085703125,-9.53251008064512
0.0857421875,-7.53251008064512
0.08578125,-11.5325100806451
0.0858203125,-13.5325100806451
0.085859375,-16.5325100806451
0.0858984375,-14.5325100806451
0.0859375,-14.5325100806451
0.0859765625,-13.5325100806451
0.086015625,-13.5325100806451
0.0860546875,-12.5325100806451
0.08609375,-11.5325100806451
0.0861328125,-12.5325100806451
0.086171875,-12.5325100806451
0.0862109375,-13.5325100806451
0.08625,-13.5325100806451
0.0862890625,-12.5325100806451
0.086328125,-4.53251008064512
0.0863671875,3.46748991935488
0.08640625,12.4674899193549
0.0864453125,22.4674899193549
0.086484375,30.4674899193549
0.0865234375,35.4674899193549
0.0865625,37.4674899193549
0.0866015625,36.4674899193549
0.086640625,35.4674899193549
0.0866796875,34.4674899193549
0.08671875,28.4674899193549
0.0867578125,22.4674899193549
0.086796875,18.4674899193549
0.0868359375,19.4674899193549
0.086875,21.4674899193549
0.0869140625,23.4674899193549
0.086953125,22.4674899193549
0.0869921875,19.4674899193549
0.08703125,14.4674899193549
0.0870703125,6.46748991935488
0.087109375,-1.53251008064512
0.0871484375,-5.53251008064512
0.0871875,-6.53251008064512
0.0872265625,-9.53251008064512
0.087265625,-15.5325100806451
0.0873046875,-25.5325100806451
0.08734375,-32.5325100806451
0.0873828125,-37.5325100806451
0.087421875,-39.5325100806451
0.0874609375,-42.5325100806451
0.0875,-42.5325100806451
0.0875390625,-41.5325100806451
0.087578125,-37.5325100806451
0.0876171875,-26.5325100806451
0.08765625,-12.5325100806451
0.0876953125,-1.53251008064512
0.087734375,2.46748991935488
0.0877734375,3.46748991935488
0.0878125,2.46748991935488
0.0878515625,4.46748991935488
0.087890625,7.46748991935488
0.0879296875,13.4674899193549
0.08796875,21.4674899193549
0.0880078125,27.4674899193549
0.088046875,30.4674899193549
0.0880859375,31.4674899193549
0.088125,29.4674899193549
0.0881640625,29.4674899193549
0.088203125,27.4674899193549
0.0882421875,21.4674899193549
0.08828125,16.4674899193549
0.0883203125,11.4674899193549
0.088359375,7.46748991935488
0.0883984375,4.46748991935488
0.0884375,2.46748991935488
0.0884765625,1.46748991935488
0.088515625,0.467489919354875
0.0885546875,-6.53251008064512
0.08859375,-10.5325100806451
0.0886328125,-16.5325100806451
0.088671875,-22.5325100806451
0.0887109375,-28.5325100806451
0.08875,-32.5325100806451
0.0887890625,-33.5325100806451
0.088828125,-33.5325100806451
0.0888671875,-29.5325100806451
0.08890625,-22.5325100806451
0.0889453125,-15.5325100806451
0.088984375,-9.53251008064512
0.0890234375,-7.53251008064512
0.0890625,-9.53251008064512
0.0891015625,-11.5325100806451
0.089140625,-12.5325100806451
0.0891796875,-10.5325100806451
0.08921875,-6.53251008064512
0.0892578125,-3.53251008064512
0.089296875,-3.53251008064512
0.0893359375,-2.53251008064512
0.089375,-3.53251008064512
0.0894140625,0.467489919354875
0.089453125,7.46748991935488
0.0894921875,15.4674899193549
0.08953125,21.4674899193549
0.0895703125,26.4674899193549
0.089609375,27.4674899193549
0.0896484375,28.4674899193549
0.0896875,26.4674899193549
0.0897265625,26.4674899193549
0.089765625,28.4674899193549
0.0898046875,28.4674899193549
0.08984375,25.4674899193549
0.0898828125,20.4674899193549
0.089921875,17.4674899193549
0.0899609375,11.4674899193549
0.09,2.46748991935488
0.0900390625,-7.53251008064512
0.090078125,-15.5325100806451
0.0901171875,-21.5325100806451
0.09015625,-22.5325100806451
0.0901953125,-21.5325100806451
0.090234375,-20.5325100806451
0.0902734375,-19.5325100806451
0.0903125,-19.5325100806451
0.0903515625,-18.5325100806451
0.090390625,-11.5325100806451
0.0904296875,-2.53251008064512
0.09046875,4.46748991935488
0.0905078125,10.4674899193549
0.090546875,15.4674899193549
0.0905859375,18.4674899193549
0.090625,20.4674899193549
0.0906640625,17.4674899193549
0.090703125,11.4674899193549
0.0907421875,6.46748991935488
0.09078125,1.46748991935488
0.0908203125,-1.53251008064512
0.090859375,-2.53251008064512
0.0908984375,-1.53251008064512
0.0909375,1.46748991935488
0.0909765625,2.46748991935488
0.091015625,6.46748991935488
0.0910546875,8.46748991935488
0.09109375,13.4674899193549
0.0911328125,17.4674899193549
0.091171875,19.4674899193549
0.0912109375,18.4674899193549
0.09125,11.4674899193549
0.0912890625,-0.532510080645125
0.091328125,-15.5325100806451
0.0913671875,-29.5325100806451
0.09140625,-36.5325100806451
0.0914453125,-40.5325100806451
0.091484375,-42.5325100806451
0.0915234375,-40.5325100806451
0.0915625,-36.5325100806451
0.0916015625,-31.5325100806451
0.091640625,-25.5325100806451
0.0916796875,-17.5325100806451
0.09171875,-9.53251008064512
0.0917578125,-4.53251008064512
0.091796875,-1.53251008064512
0.0918359375,1.46748991935488
0.091875,4.46748991935488
0.0919140625,7.46748991935488
0.091953125,11.4674899193549
0.0919921875,13.4674899193549
0.09203125,17.4674899193549
0.0920703125,20.4674899193549
0.092109375,22.4674899193549
0.0921484375,25.4674899193549
0.0921875,28.4674899193549
0.0922265625,29.4674899193549
0.092265625,29.4674899193549
0.0923046875,26.4674899193549
0.09234375,21.4674899193549
0.0923828125,17.4674899193549
0.092421875,13.4674899193549
0.0924609375,11.4674899193549
0.0925,9.46748991935488
0.0925390625,5.46748991935488
0.092578125,1.46748991935488
0.0926171875,-3.53251008064512
0.09265625,-7.53251008064512
0.0926953125,-12.5325100806451
0.092734375,-13.5325100806451
0.0927734375,-13.5325100806451
0.0928125,-14.5325100806451
0.0928515625,-14.5325100806451
0.092890625,-17.5325100806451
0.0929296875,-21.5325100806451
0.09296875,-25.5325100806451
0.0930078125,-24.5325100806451
0.093046875,-20.5325100806451
0.0930859375,-15.5325100806451
0.093125,-10.5325100806451
0.0931640625,-6.53251008064512
0.093203125,-3.53251008064512
0.0932421875,-1.53251008064512
0.09328125,-1.53251008064512
0.0933203125,-0.532510080645125
0.093359375,2.46748991935488
0.0933984375,3.46748991935488
0.0934375,6.46748991935488
0.0934765625,8.46748991935488
0.093515625,10.4674899193549
0.0935546875,9.46748991935488
0.09359375,8.46748991935488
0.0936328125,10.4674899193549
0.093671875,14.4674899193549
0.0937109375,15.4674899193549
0.09375,16.4674899193549
0.0937890625,17.4674899193549
0.093828125,15.4674899193549
0.0938671875,11.4674899193549
0.09390625,4.46748991935488
0.0939453125,-1.53251008064512
0.093984375,-7.53251008064512
0.0940234375,-10.5325100806451
0.0940625,-10.5325100806451
0.0941015625,-10.5325100806451
0.094140625,-8.53251008064512
0.0941796875,-5.53251008064512
0.09421875,-6.53251008064512
0.0942578125,-6.53251008064512
0.094296875,-3.53251008064512
0.0943359375,1.46748991935488
0.094375,5.46748991935488
0.0944140625,5.46748991935488
0.094453125,4.46748991935488
0.0944921875,2.46748991935488
0.09453125,-1.53251008064512
0.0945703125,-7.53251008064512
0.094609375,-9.53251008064512
0.0946484375,-10.5325100806451
0.0946875,-12.5325100806451
0.0947265625,-9.53251008064512
0.094765625,-5.53251008064512
0.0948046875,-0.532510080645125
0.09484375,3.46748991935488
0.0948828125,4.46748991935488
0.094921875,6.46748991935488
0.0949609375,8.46748991935488
0.095,11.4674899193549
0.0950390625,12.4674899193549
0.095078125,11.4674899193549
0.0951171875,7.46748991935488
0.09515625,5.46748991935488
0.0951953125,1.46748991935488
0.095234375,-4.53251008064512
0.0952734375,-8.53251008064512
0.0953125,-7.53251008064512
0.0953515625,-3.53251008064512
0.095390625,-0.532510080645125
0.0954296875,0.467489919354875
0.09546875,0.467489919354875
0.0955078125,-2.53251008064512
0.095546875,-7.53251008064512
0.0955859375,-10.5325100806451
0.095625,-8.53251008064512
0.0956640625,-4.53251008064512
0.095703125,2.46748991935488
0.0957421875,5.46748991935488
0.09578125,12.4674899193549
0.0958203125,19.4674899193549
0.095859375,19.4674899193549
0.0958984375,18.4674899193549
0.0959375,15.4674899193549
0.0959765625,10.4674899193549
0.096015625,6.46748991935488
0.0960546875,2.46748991935488
0.09609375,-1.53251008064512
0.0961328125,-5.53251008064512
0.096171875,-8.53251008064512
0.0962109375,-11.5325100806451
0.09625,-12.5325100806451
0.0962890625,-11.5325100806451
0.096328125,-8.53251008064512
0.0963671875,-4.53251008064512
0.09640625,0.467489919354875
0.0964453125,5.46748991935488
0.096484375,7.46748991935488
0.0965234375,8.46748991935488
0.0965625,12.4674899193549
0.0966015625,23.4674899193549
0.096640625,26.4674899193549
0.0966796875,12.4674899193549
0.09671875,-8.53251008064512
0.0967578125,-22.5325100806451
0.096796875,-27.5325100806451
0.0968359375,-25.5325100806451
0.096875,-25.5325100806451
0.0969140625,-25.5325100806451
0.096953125,-23.5325100806451
0.0969921875,-16.5325100806451
0.09703125,-7.53251008064512
0.0970703125,5.46748991935488
0.097109375,12.4674899193549
0.0971484375,8.46748991935488
0.0971875,0.467489919354875
0.0972265625,-4.53251008064512
0.097265625,-3.53251008064512
0.0973046875,2.46748991935488
0.09734375,5.46748991935488
0.0973828125,7.46748991935488
0.097421875,7.46748991935488
0.0974609375,4.46748991935488
0.0975,3.46748991935488
0.0975390625,4.46748991935488
0.097578125,1.46748991935488
0.0976171875,-2.53251008064512
0.09765625,-5.53251008064512
0.0976953125,-5.53251008064512
0.097734375,-2.53251008064512
0.0977734375,-2.53251008064512
0.0978125,-5.53251008064512
0.0978515625,-8.53251008064512
0.097890625,-9.53251008064512
0.0979296875,-7.53251008064512
0.09796875,-4.53251008064512
0.0980078125,1.46748991935488
0.098046875,5.46748991935488
0.0980859375,6.46748991935488
0.098125,0.467489919354875
0.0981640625,-7.53251008064512
0.098203125,-9.53251008064512
0.0982421875,-7.53251008064512
0.09828125,1.46748991935488
0.0983203125,10.4674899193549
0.098359375,16.4674899193549
0.0983984375,16.4674899193549
0.0984375,12.4674899193549
0.0984765625,8.46748991935488
0.098515625,7.46748991935488
0.0985546875,6.46748991935488
0.09859375,5.46748991935488
0.0986328125,1.46748991935488
0.098671875,-1.53251008064512
0.0987109375,-1.53251008064512
0.09875,-1.53251008064512
0.0987890625,-2.53251008064512
0.098828125,-4.53251008064512
0.0988671875,-5.53251008064512
0.09890625,-4.53251008064512
0.0989453125,-2.53251008064512
0.098984375,3.46748991935488
0.0990234375,12.4674899193549
0.0990625,17.4674899193549
0.0991015625,16.4674899193549
0.099140625,10.4674899193549
0.0991796875,4.46748991935488
0.09921875,-1.53251008064512
0.0992578125,-7.53251008064512
0.099296875,-11.5325100806451
0.0993359375,-16.5325100806451
0.099375,-21.5325100806451
0.0994140625,-23.5325100806451
0.099453125,-22.5325100806451
0.0994921875,-16.5325100806451
0.09953125,-6.53251008064512
0.0995703125,6.46748991935488
0.099609375,17.4674899193549
0.0996484375,27.4674899193549
0.0996875,31.4674899193549
0.0997265625,35.4674899193549
0.099765625,34.4674899193549
0.0998046875,31.4674899193549
0.09984375,28.4674899193549
0.0998828125,24.4674899193549
0.099921875,20.4674899193549
0.0999609375,14.4674899193549
0.1,9.46748991935488
0.1000390625,2.46748991935488
0.100078125,-7.53251008064512
0.1001171875,-14.5325100806451
0.10015625,-15.5325100806451
0.1001953125,-10.5325100806451
0.100234375,6.46748991935488
0.1002734375,15.4674899193549
0.1003125,16.4674899193549
0.1003515625,5.46748991935488
0.100390625,-16.5325100806451
0.1004296875,-41.5325100806451
0.10046875,-50.5325100806451
0.1005078125,-43.5325100806451
0.100546875,-27.5325100806451
0.1005859375,-15.5325100806451
0.100625,-10.5325100806451
0.1006640625,-7.53251008064512
0.100703125,-3.53251008064512
0.1007421875,-2.53251008064512
0.10078125,-5.53251008064512
0.1008203125,-11.5325100806451
0.100859375,-18.5325100806451
0.1008984375,-28.5325100806451
0.1009375,-33.5325100806451
0.1009765625,-33.5325100806451
0.101015625,-33.5325100806451
0.1010546875,-34.5325100806451
0.10109375,-32.5325100806451
0.1011328125,-24.5325100806451
0.101171875,-17.5325100806451
0.1012109375,-10.5325100806451
0.10125,-4.53251008064512
0.1012890625,2.46748991935488
0.101328125,8.46748991935488
0.1013671875,11.4674899193549
0.10140625,14.4674899193549
0.1014453125,19.4674899193549
0.101484375,23.4674899193549
0.1015234375,26.4674899193549
0.1015625,31.4674899193549
0.1016015625,34.4674899193549
0.101640625,38.4674899193549
0.1016796875,39.4674899193549
0.10171875,37.4674899193549
0.1017578125,33.4674899193549
0.101796875,28.4674899193549
0.1018359375,24.4674899193549
0.101875,20.4674899193549
0.1019140625,19.4674899193549
0.101953125,20.4674899193549
0.1019921875,22.4674899193549
0.10203125,22.4674899193549
0.1020703125,18.4674899193549
0.102109375,16.4674899193549
0.1021484375,10.4674899193549
0.1021875,3.46748991935488
0.1022265625,-4.53251008064512
0.102265625,-12.5325100806451
0.1023046875,-19.5325100806451
0.10234375,-28.5325100806451
0.1023828125,-35.5325100806451
0.102421875,-42.5325100806451
0.1024609375,-44.5325100806451
0.1025,-43.5325100806451
0.1025390625,-31.5325100806451
0.102578125,-19.5325100806451
0.1026171875,-5.53251008064512
0.10265625,2.46748991935488
0.1026953125,6.46748991935488
0.102734375,8.46748991935488
0.1027734375,12.4674899193549
0.1028125,17.4674899193549
0.1028515625,21.4674899193549
0.102890625,24.4674899193549
0.1029296875,26.4674899193549
0.10296875,25.4674899193549
0.1030078125,23.4674899193549
0.103046875,20.4674899193549
0.1030859375,19.4674899193549
0.103125,20.4674899193549
0.1031640625,23.4674899193549
0.103203125,24.4674899193549
0.1032421875,22.4674899193549
0.10328125,21.4674899193549
0.1033203125,19.4674899193549
0.103359375,12.4674899193549
0.1033984375,3.46748991935488
0.1034375,-6.53251008064512
0.1034765625,-19.5325100806451
0.103515625,-33.5325100806451
0.1035546875,-45.5325100806451
0.10359375,-54.5325100806451
0.1036328125,-62.5325100806451
0.103671875,-67.5325100806451
0.1037109375,-67.5325100806451
0.10375,-63.5325100806451
0.1037890625,-54.5325100806451
0.103828125,-45.5325100806451
0.1038671875,-34.5325100806451
0.10390625,-23.5325100806451
0.1039453125,-15.5325100806451
0.103984375,-10.5325100806451
0.1040234375,-5.53251008064512
0.1040625,0.467489919354875
0.1041015625,6.46748991935488
0.104140625,10.4674899193549
0.1041796875,13.4674899193549
0.10421875,16.4674899193549
0.1042578125,17.4674899193549
0.104296875,16.4674899193549
0.1043359375,14.4674899193549
0.104375,14.4674899193549
0.1044140625,18.4674899193549
0.104453125,24.4674899193549
0.1044921875,29.4674899193549
0.10453125,37.4674899193549
0.1045703125,44.4674899193549
0.104609375,51.4674899193549
0.1046484375,53.4674899193549
0.1046875,53.4674899193549
0.1047265625,48.4674899193549
0.104765625,41.4674899193549
0.1048046875,32.4674899193549
0.10484375,22.4674899193549
0.1048828125,13.4674899193549
0.104921875,3.46748991935488
0.1049609375,-7.53251008064512
0.105,-16.5325100806451
0.1050390625,-21.5325100806451
0.105078125,-23.5325100806451
0.1051171875,-22.5325100806451
0.10515625,-20.5325100806451
0.1051953125,-19.5325100806451
0.105234375,-18.5325100806451
0.1052734375,-18.5325100806451
0.1053125,-19.5325100806451
0.1053515625,-21.5325100806451
0.105390625,-22.5325100806451
0.1054296875,-20.5325100806451
0.10546875,-17.5325100806451
0.1055078125,-15.5325100806451
0.105546875,-8.53251008064512
0.1055859375,-1.53251008064512
0.105625,3.46748991935488
0.1056640625,9.46748991935488
0.105703125,14.4674899193549
0.1057421875,18.4674899193549
0.10578125,18.4674899193549
0.1058203125,17.4674899193549
0.105859375,18.4674899193549
0.1058984375,18.4674899193549
0.1059375,15.4674899193549
0.1059765625,10.4674899193549
0.106015625,6.46748991935488
0.1060546875,0.467489919354875
0.10609375,-5.53251008064512
0.1061328125,-9.53251008064512
0.106171875,-10.5325100806451
0.1062109375,-13.5325100806451
0.10625,-17.5325100806451
0.1062890625,-19.5325100806451
0.106328125,-18.5325100806451
0.1063671875,-15.5325100806451
0.10640625,-8.53251008064512
0.1064453125,-3.53251008064512
0.106484375,-0.532510080645125
0.1065234375,-3.53251008064512
0.1065625,-6.53251008064512
0.1066015625,-13.5325100806451
0.106640625,-19.5325100806451
0.1066796875,-22.5325100806451
0.10671875,-20.5325100806451
0.1067578125,-19.5325100806451
0.106796875,-16.5325100806451
0.1068359375,-16.5325100806451
0.106875,-18.5325100806451
0.1069140625,-21.5325100806451
0.106953125,-20.5325100806451
0.1069921875,-17.5325100806451
0.10703125,-14.5325100806451
0.1070703125,-4.53251008064512
0.107109375,4.46748991935488
0.1071484375,13.4674899193549
0.1071875,21.4674899193549
0.1072265625,25.4674899193549
0.107265625,26.4674899193549
0.1073046875,25.4674899193549
0.10734375,23.4674899193549
0.1073828125,24.4674899193549
0.107421875,23.4674899193549
0.1074609375,23.4674899193549
0.1075,23.4674899193549
0.1075390625,24.4674899193549
0.107578125,22.4674899193549
0.1076171875,20.4674899193549
0.10765625,18.4674899193549
0.1076953125,16.4674899193549
0.107734375,12.4674899193549
0.1077734375,12.4674899193549
0.1078125,10.4674899193549
0.1078515625,6.46748991935488
0.107890625,1.46748991935488
0.1079296875,-5.53251008064512
0.10796875,-9.53251008064512
0.1080078125,-9.53251008064512
0.108046875,-6.53251008064512
0.1080859375,-2.53251008064512
0.108125,-0.532510080645125
0.1081640625,-0.532510080645125
0.108203125,-4.53251008064512
0.1082421875,-8.53251008064512
0.10828125,-11.5325100806451
0.1083203125,-13.5325100806451
0.108359375,-12.5325100806451
0.1083984375,-13.5325100806451
0.1084375,-15.5325100806451
0.1084765625,-18.5325100806451
0.108515625,-20.5325100806451
0.1085546875,-21.5325100806451
0.10859375,-21.5325100806451
0.1086328125,-18.5325100806451
0.108671875,-13.5325100806451
0.1087109375,-4.53251008064512
0.10875,6.46748991935488
0.1087890625,18.4674899193549
0.108828125,29.4674899193549
0.1088671875,33.4674899193549
0.10890625,31.4674899193549
0.1089453125,27.4674899193549
0.108984375,24.4674899193549
0.1090234375,20.4674899193549
0.1090625,15.4674899193549
0.1091015625,7.46748991935488
0.109140625,-0.532510080645125
0.1091796875,-9.53251008064512
0.10921875,-17.5325100806451
0.1092578125,-20.5325100806451
0.109296875,-16.5325100806451
0.1093359375,-9.53251008064512
0.109375,-2.53251008064512
0.1094140625,1.46748991935488
0.109453125,3.46748991935488
0.1094921875,2.46748991935488
0.10953125,0.467489919354875
0.1095703125,-1.53251008064512
0.109609375,-0.532510080645125
0.1096484375,2.46748991935488
0.1096875,2.46748991935488
0.1097265625,0.467489919354875
0.109765625,-0.532510080645125
0.1098046875,-2.53251008064512
0.10984375,-4.53251008064512
0.1098828125,-9.53251008064512
0.109921875,-14.5325100806451
0.1099609375,-16.5325100806451
0.11,-14.5325100806451
0.1100390625,-13.5325100806451
0.110078125,-9.53251008064512
0.1101171875,-7.53251008064512
0.11015625,-8.53251008064512
0.1101953125,-13.5325100806451
0.110234375,-17.5325100806451
0.1102734375,-18.5325100806451
0.1103125,-14.5325100806451
0.1103515625,-10.5325100806451
0.110390625,-7.53251008064512
0.1104296875,-4.53251008064512
0.11046875,-1.53251008064512
0.1105078125,0.467489919354875
0.110546875,3.46748991935488
0.1105859375,6.46748991935488
0.110625,8.46748991935488
0.1106640625,9.46748991935488
0.110703125,10.4674899193549
0.1107421875,9.46748991935488
0.11078125,6.46748991935488
0.1108203125,2.46748991935488
0.110859375,0.467489919354875
0.1108984375,5.46748991935488
0.1109375,10.4674899193549
0.1109765625,5.46748991935488
0.111015625,-5.53251008064512
0.1110546875,-10.5325100806451
0.11109375,-1.53251008064512
0.1111328125,8.46748991935488
0.111171875,11.4674899193549
0.1112109375,14.4674899193549
0.11125,18.4674899193549
0.1112890625,24.4674899193549
0.111328125,31.4674899193549
0.1113671875,34.4674899193549
0.11140625,34.4674899193549
0.1114453125,33.4674899193549
0.111484375,25.4674899193549
0.1115234375,15.4674899193549
0.1115625,5.46748991935488
0.1116015625,-2.53251008064512
0.111640625,-11.5325100806451
0.1116796875,-16.5325100806451
0.11171875,-17.5325100806451
0.1117578125,-17.5325100806451
0.111796875,-18.5325100806451
0.1118359375,-17.5325100806451
0.111875,-12.5325100806451
0.1119140625,-6.53251008064512
0.111953125,0.467489919354875
0.1119921875,6.46748991935488
0.11203125,13.4674899193549
0.1120703125,18.4674899193549
0.112109375,19.4674899193549
0.1121484375,14.4674899193549
0.1121875,7.46748991935488
0.1122265625,1.46748991935488
0.112265625,-3.53251008064512
0.1123046875,-7.53251008064512
0.11234375,-11.5325100806451
0.1123828125,-15.5325100806451
0.112421875,-19.5325100806451
0.1124609375,-26.5325100806451
0.1125,-31.5325100806451
0.1125390625,-29.5325100806451
0.112578125,-20.5325100806451
0.1126171875,-11.5325100806451
0.11265625,-4.53251008064512
0.1126953125,-7.53251008064512
0.112734375,-9.53251008064512
0.1127734375,-12.5325100806451
0.1128125,-13.5325100806451
0.1128515625,-12.5325100806451
0.112890625,-10.5325100806451
0.1129296875,-8.53251008064512
0.11296875,-10.5325100806451
0.1130078125,-8.53251008064512
0.113046875,-5.53251008064512
0.1130859375,-3.53251008064512
0.113125,-3.53251008064512
0.1131640625,-4.53251008064512
0.113203125,-6.53251008064512
0.1132421875,-4.53251008064512
0.11328125,-4.53251008064512
0.1133203125,-0.532510080645125
0.113359375,2.46748991935488
0.1133984375,6.46748991935488
0.1134375,7.46748991935488
0.1134765625,9.46748991935488
0.113515625,14.4674899193549
0.1135546875,21.4674899193549
0.11359375,29.4674899193549
0.1136328125,34.4674899193549
0.113671875,33.4674899193549
0.1137109375,25.4674899193549
0.11375,15.4674899193549
0.1137890625,8.46748991935488
0.113828125,9.46748991935488
0.1138671875,11.4674899193549
0.11390625,11.4674899193549
0.1139453125,6.46748991935488
0.113984375,3.46748991935488
0.1140234375,0.467489919354875
0.1140625,-4.53251008064512
0.1141015625,-14.5325100806451
0.114140625,-26.5325100806451
0.1141796875,-34.5325100806451
0.11421875,-35.5325100806451
0.1142578125,-35.5325100806451
0.114296875,-30.5325100806451
0.1143359375,-21.5325100806451
0.114375,-11.5325100806451
0.1144140625,-4.53251008064512
0.114453125,1.46748991935488
0.1144921875,9.46748991935488
0.11453125,13.4674899193549
0.1145703125,15.4674899193549
0.114609375,17.4674899193549
0.1146484375,19.4674899193549
0.1146875,21.4674899193549
0.1147265625,19.4674899193549
0.114765625,14.4674899193549
0.1148046875,12.4674899193549
0.11484375,10.4674899193549
0.1148828125,10.4674899193549
0.114921875,11.4674899193549
0.1149609375,12.4674899193549
0.115,12.4674899193549
0.1150390625,9.46748991935488
0.115078125,7.46748991935488
0.1151171875,8.46748991935488
0.11515625,12.4674899193549
0.1151953125,18.4674899193549
0.115234375,24.4674899193549
0.1152734375,28.4674899193549
0.1153125,32.4674899193549
0.1153515625,31.4674899193549
0.115390625,25.4674899193549
0.1154296875,16.4674899193549
0.11546875,8.46748991935488
0.1155078125,3.46748991935488
0.115546875,2.46748991935488
0.1155859375,-2.53251008064512
0.115625,-8.53251008064512
0.1156640625,-10.5325100806451
0.115703125,-5.53251008064512
0.1157421875,5.46748991935488
0.11578125,10.4674899193549
0.1158203125,9.46748991935488
0.115859375,-6.53251008064512
0.1158984375,-30.5325100806451
0.1159375,-49.5325100806451
0.1159765625,-59.5325100806451
0.116015625,-62.5325100806451
0.1160546875,-61.5325100806451
0.11609375,-60.5325100806451
0.1161328125,-63.5325100806451
0.116171875,-63.5325100806451
0.1162109375,-57.5325100806451
0.11625,-48.5325100806451
0.1162890625,-45.5325100806451
0.116328125,-46.5325100806451
0.1163671875,-49.5325100806451
0.11640625,-51.5325100806451
0.1164453125,-46.5325100806451
0.116484375,-35.5325100806451
0.1165234375,-22.5325100806451
0.1165625,-10.5325100806451
0.1166015625,1.46748991935488
0.116640625,12.4674899193549
0.1166796875,19.4674899193549
0.11671875,29.4674899193549
0.1167578125,40.4674899193549
0.116796875,50.4674899193549
0.1168359375,62.4674899193549
0.116875,70.4674899193549
0.1169140625,74.4674899193549
0.116953125,75.4674899193549
0.1169921875,75.4674899193549
0.11703125,74.4674899193549
0.1170703125,72.4674899193549
0.117109375,69.4674899193549
0.1171484375,63.4674899193549
0.1171875,56.4674899193549
0.1172265625,48.4674899193549
0.117265625,39.4674899193549
0.1173046875,27.4674899193549
0.11734375,13.4674899193549
0.1173828125,0.467489919354875
0.117421875,-9.53251008064512
0.1174609375,-11.5325100806451
0.1175,-5.53251008064512
0.1175390625,4.46748991935488
0.117578125,7.46748991935488
0.1176171875,-0.532510080645125
0.11765625,-17.5325100806451
0.1176953125,-32.5325100806451
0.117734375,-40.5325100806451
0.1177734375,-46.5325100806451
0.1178125,-48.5325100806451
0.1178515625,-45.5325100806451
0.117890625,-41.5325100806451
0.1179296875,-38.5325100806451
0.11796875,-37.5325100806451
0.1180078125,-37.5325100806451
0.118046875,-38.5325100806451
0.1180859375,-40.5325100806451
0.118125,-41.5325100806451
0.1181640625,-40.5325100806451
0.118203125,-36.5325100806451
0.1182421875,-32.5325100806451
0.11828125,-27.5325100806451
0.1183203125,-19.5325100806451
0.118359375,-11.5325100806451
0.1183984375,-1.53251008064512
0.1184375,7.46748991935488
0.1184765625,17.4674899193549
0.118515625,25.4674899193549
0.1185546875,31.4674899193549
0.11859375,32.4674899193549
0.1186328125,33.4674899193549
0.118671875,33.4674899193549
0.1187109375,34.4674899193549
0.11875,34.4674899193549
0.1187890625,36.4674899193549
0.118828125,37.4674899193549
0.1188671875,34.4674899193549
0.11890625,31.4674899193549
0.1189453125,24.4674899193549
0.118984375,17.4674899193549
0.1190234375,11.4674899193549
0.1190625,-0.532510080645125
0.1191015625,-12.5325100806451
0.119140625,-24.5325100806451
0.1191796875,-35.5325100806451
0.11921875,-39.5325100806451
0.1192578125,-41.5325100806451
0.119296875,-41.5325100806451
0.1193359375,-38.5325100806451
0.119375,-35.5325100806451
0.1194140625,-30.5325100806451
0.119453125,-21.5325100806451
0.1194921875,-12.5325100806451
0.11953125,-6.53251008064512
0.1195703125,-2.53251008064512
0.119609375,0.467489919354875
0.1196484375,2.46748991935488
0.1196875,6.46748991935488
0.1197265625,9.46748991935488
0.119765625,14.4674899193549
0.1198046875,17.4674899193549
0.11984375,21.4674899193549
0.1198828125,27.4674899193549
0.119921875,34.4674899193549
0.1199609375,39.4674899193549
0.12,42.4674899193549
0.1200390625,46.4674899193549
0.120078125,48.4674899193549
0.1201171875,45.4674899193549
0.12015625,42.4674899193549
0.1201953125,35.4674899193549
0.120234375,25.4674899193549
0.1202734375,16.4674899193549
0.1203125,6.46748991935488
0.1203515625,0.467489919354875
0.120390625,-3.53251008064512
0.1204296875,-5.53251008064512
0.12046875,-9.53251008064512
0.1205078125,-11.5325100806451
0.120546875,-12.5325100806451
0.1205859375,-18.5325100806451
0.120625,-25.5325100806451
0.1206640625,-31.5325100806451
0.120703125,-37.5325100806451
0.1207421875,-39.5325100806451
0.12078125,-41.5325100806451
0.1208203125,-41.5325100806451
0.120859375,-39.5325100806451
0.1208984375,-37.5325100806451
0.1209375,-34.5325100806451
0.1209765625,-27.5325100806451
0.121015625,-16.5325100806451
0.1210546875,-3.53251008064512
0.12109375,7.46748991935488
0.1211328125,15.4674899193549
0.121171875,21.4674899193549
0.1212109375,22.4674899193549
0.12125,17.4674899193549
0.1212890625,9.46748991935488
0.121328125,3.46748991935488
0.1213671875,-2.53251008064512
0.12140625,-5.53251008064512
0.1214453125,-5.53251008064512
0.121484375,-5.53251008064512
0.1215234375,-4.53251008064512
0.1215625,-5.53251008064512
0.1216015625,-8.53251008064512
0.121640625,-7.53251008064512
0.1216796875,-1.53251008064512
0.12171875,2.46748991935488
0.1217578125,5.46748991935488
0.121796875,4.46748991935488
0.1218359375,4.46748991935488
0.121875,0.467489919354875
0.1219140625,-3.53251008064512
0.121953125,-5.53251008064512
0.1219921875,-5.53251008064512
0.12203125,-7.53251008064512
0.1220703125,-8.53251008064512
0.122109375,-7.53251008064512
0.1221484375,-2.53251008064512
0.1221875,-0.532510080645125
0.1222265625,-0.532510080645125
0.122265625,-2.53251008064512
0.1223046875,-3.53251008064512
0.12234375,-2.53251008064512
0.1223828125,-1.53251008064512
0.122421875,2.46748991935488
0.1224609375,7.46748991935488
0.1225,13.4674899193549
0.1225390625,18.4674899193549
0.122578125,19.4674899193549
0.1226171875,23.4674899193549
0.12265625,26.4674899193549
0.1226953125,31.4674899193549
0.122734375,35.4674899193549
0.1227734375,36.4674899193549
0.1228125,35.4674899193549
0.1228515625,30.4674899193549
0.122890625,22.4674899193549
0.1229296875,15.4674899193549
0.12296875,9.46748991935488
0.1230078125,5.46748991935488
0.123046875,2.46748991935488
0.1230859375,-0.532510080645125
0.123125,-2.53251008064512
0.1231640625,-2.53251008064512
0.123203125,-4.53251008064512
0.1232421875,-8.53251008064512
0.12328125,-14.5325100806451
0.1233203125,-21.5325100806451
0.123359375,-24.5325100806451
0.1233984375,-25.5325100806451
0.1234375,-23.5325100806451
0.1234765625,-20.5325100806451
0.123515625,-20.5325100806451
0.1235546875,-21.5325100806451
0.12359375,-24.5325100806451
0.1236328125,-23.5325100806451
0.123671875,-20.5325100806451
0.1237109375,-17.5325100806451
0.12375,-12.5325100806451
0.1237890625,-7.53251008064512
0.123828125,-5.53251008064512
0.1238671875,-7.53251008064512
0.12390625,-9.53251008064512
0.1239453125,-8.53251008064512
0.123984375,-5.53251008064512
0.1240234375,-0.532510080645125
0.1240625,6.46748991935488
0.1241015625,12.4674899193549
0.124140625,16.4674899193549
0.1241796875,16.4674899193549
0.12421875,17.4674899193549
0.1242578125,17.4674899193549
0.124296875,20.4674899193549
0.1243359375,22.4674899193549
0.124375,23.4674899193549
0.1244140625,24.4674899193549
0.124453125,23.4674899193549
0.1244921875,19.4674899193549
0.12453125,13.4674899193549
0.1245703125,9.46748991935488
0.124609375,4.46748991935488
0.1246484375,2.46748991935488
0.1246875,-1.53251008064512
0.1247265625,-2.53251008064512
0.124765625,-5.53251008064512
0.1248046875,-10.5325100806451
0.12484375,-15.5325100806451
0.1248828125,-19.5325100806451
0.124921875,-20.5325100806451
0.1249609375,-19.5325100806451
0.125,-17.5325100806451
0.1250390625,-15.5325100806451
0.125078125,-13.5325100806451
0.1251171875,-11.5325100806451
0.12515625,-9.53251008064512
0.1251953125,-4.53251008064512
0.125234375,-0.532510080645125
0.1252734375,5.46748991935488
0.1253125,9.46748991935488
0.1253515625,10.4674899193549
0.125390625,6.46748991935488
0.1254296875,1.46748991935488
0.12546875,-4.53251008064512
0.1255078125,-12.5325100806451
0.125546875,-18.5325100806451
0.1255859375,-23.5325100806451
0.125625,-26.5325100806451
0.1256640625,-27.5325100806451
0.125703125,-26.5325100806451
0.1257421875,-23.5325100806451
0.12578125,-22.5325100806451
0.1258203125,-20.5325100806451
0.125859375,-15.5325100806451
0.1258984375,-7.53251008064512
0.1259375,3.46748991935488
0.1259765625,14.4674899193549
0.126015625,24.4674899193549
0.1260546875,32.4674899193549
0.12609375,35.4674899193549
0.1261328125,36.4674899193549
0.126171875,35.4674899193549
0.1262109375,35.4674899193549
0.12625,36.4674899193549
0.1262890625,36.4674899193549
0.126328125,34.4674899193549
0.1263671875,29.4674899193549
0.12640625,23.4674899193549
0.1264453125,16.4674899193549
0.126484375,8.46748991935488
0.1265234375,1.46748991935488
0.1265625,-2.53251008064512
0.1266015625,-3.53251008064512
0.126640625,-4.53251008064512
0.1266796875,-0.532510080645125
0.12671875,3.46748991935488
0.1267578125,4.46748991935488
0.126796875,1.46748991935488
0.1268359375,-1.53251008064512
0.126875,-5.53251008064512
0.1269140625,-7.53251008064512
0.126953125,-6.53251008064512
0.1269921875,-5.53251008064512
0.12703125,-6.53251008064512
0.1270703125,-8.53251008064512
0.127109375,-13.5325100806451
0.1271484375,-16.5325100806451
0.1271875,-17.5325100806451
0.1272265625,-18.5325100806451
0.127265625,-17.5325100806451
0.1273046875,-16.5325100806451
0.12734375,-13.5325100806451
0.1273828125,-13.5325100806451
0.127421875,-14.5325100806451
0.1274609375,-18.5325100806451
0.1275,-21.5325100806451
0.1275390625,-19.5325100806451
0.127578125,-16.5325100806451
0.1276171875,-11.5325100806451
0.12765625,-5.53251008064512
0.1276953125,0.467489919354875
0.127734375,6.46748991935488
0.1277734375,9.46748991935488
0.1278125,12.4674899193549
0.1278515625,16.4674899193549
0.127890625,19.4674899193549
0.1279296875,21.4674899193549
0.12796875,17.4674899193549
0.1280078125,12.4674899193549
0.128046875,4.46748991935488
0.1280859375,-3.53251008064512
0.128125,-11.5325100806451
0.1281640625,-15.5325100806451
0.128203125,-16.5325100806451
0.1282421875,-13.5325100806451
0.12828125,-9.53251008064512
0.1283203125,-5.53251008064512
0.128359375,-0.532510080645125
0.1283984375,0.467489919354875
0.1284375,-2.53251008064512
0.1284765625,-5.53251008064512
0.128515625,-7.53251008064512
0.1285546875,-6.53251008064512
0.12859375,-3.53251008064512
0.1286328125,-0.532510080645125
0.128671875,6.46748991935488
0.1287109375,18.4674899193549
0.12875,13.4674899193549
0.1287890625,-1.53251008064512
0.128828125,-11.5325100806451
0.1288671875,-14.5325100806451
0.12890625,-10.5325100806451
0.1289453125,-1.53251008064512
0.128984375,4.46748991935488
0.1290234375,4.46748991935488
0.1290625,4.46748991935488
0.1291015625,9.46748991935488
0.129140625,21.4674899193549
0.1291796875,31.4674899193549
0.12921875,35.4674899193549
0.1292578125,32.4674899193549
0.129296875,24.4674899193549
0.1293359375,17.4674899193549
0.129375,11.4674899193549
0.1294140625,9.46748991935488
0.129453125,2.46748991935488
0.1294921875,-4.53251008064512
0.12953125,-9.53251008064512
0.1295703125,-11.5325100806451
0.129609375,-12.5325100806451
0.1296484375,-11.5325100806451
0.1296875,-13.5325100806451
0.1297265625,-17.5325100806451
0.129765625,-18.5325100806451
0.1298046875,-12.5325100806451
0.12984375,-1.53251008064512
0.1298828125,9.46748991935488
0.129921875,5.46748991935488
0.1299609375,-3.53251008064512
0.13,-13.5325100806451
0.1300390625,-19.5325100806451
0.130078125,-21.5325100806451
0.1301171875,-19.5325100806451
0.13015625,-15.5325100806451
0.1301953125,-10.5325100806451
0.130234375,-5.53251008064512
0.1302734375,1.46748991935488
0.1303125,9.46748991935488
0.1303515625,14.4674899193549
0.130390625,18.4674899193549
0.1304296875,21.4674899193549
0.13046875,25.4674899193549
0.1305078125,26.4674899193549
0.130546875,24.4674899193549
0.1305859375,22.4674899193549
0.130625,19.4674899193549
0.1306640625,10.4674899193549
0.130703125,-0.532510080645125
0.1307421875,-10.5325100806451
0.13078125,-15.5325100806451
0.1308203125,-15.5325100806451
0.130859375,-13.5325100806451
0.1308984375,-7.53251008064512
0.1309375,-3.53251008064512
0.1309765625,4.46748991935488
0.131015625,8.46748991935488
0.1310546875,10.4674899193549
0.13109375,8.46748991935488
0.1311328125,3.46748991935488
0.131171875,0.467489919354875
0.1312109375,-3.53251008064512
0.13125,-2.53251008064512
0.1312890625,2.46748991935488
0.131328125,4.46748991935488
0.1313671875,2.46748991935488
0.13140625,0.467489919354875
0.1314453125,-2.53251008064512
0.131484375,-3.53251008064512
0.1315234375,-3.53251008064512
0.1315625,-0.532510080645125
0.1316015625,-1.53251008064512
0.131640625,-2.53251008064512
0.1316796875,-4.53251008064512
0.13171875,-1.53251008064512
0.1317578125,2.46748991935488
0.131796875,4.46748991935488
0.1318359375,3.46748991935488
0.131875,0.467489919354875
0.1319140625,-3.53251008064512
0.131953125,-7.53251008064512
0.1319921875,-14.5325100806451
0.13203125,-18.5325100806451
0.1320703125,-20.5325100806451
0.132109375,-18.5325100806451
0.1321484375,-14.5325100806451
0.1321875,-11.5325100806451
0.1322265625,-8.53251008064512
0.132265625,-8.53251008064512
0.1323046875,-9.53251008064512
0.13234375,-7.53251008064512
0.1323828125,-6.53251008064512
0.132421875,-4.53251008064512
0.1324609375,0.467489919354875
0.1325,4.46748991935488
0.1325390625,8.46748991935488
0.132578125,16.4674899193549
0.1326171875,23.4674899193549
0.13265625,26.4674899193549
0.1326953125,25.4674899193549
0.132734375,21.4674899193549
0.1327734375,13.4674899193549
0.1328125,7.46748991935488
0.1328515625,10.4674899193549
0.132890625,12.4674899193549
0.1329296875,-2.53251008064512
0.13296875,-23.5325100806451
0.1330078125,-43.5325100806451
0.133046875,-60.5325100806451
0.1330859375,-63.5325100806451
0.133125,-54.5325100806451
0.1331640625,-44.5325100806451
0.133203125,-37.5325100806451
0.1332421875,-28.5325100806451
0.13328125,-18.5325100806451
0.1333203125,-7.53251008064512
0.133359375,-0.532510080645125
0.1333984375,9.46748991935488
0.1334375,19.4674899193549
0.1334765625,26.4674899193549
0.133515625,34.4674899193549
0.1335546875,41.4674899193549
0.13359375,43.4674899193549
0.1336328125,40.4674899193549
0.133671875,36.4674899193549
0.1337109375,30.4674899193549
0.13375,26.4674899193549
0.1337890625,26.4674899193549
0.133828125,24.4674899193549
0.1338671875,24.4674899193549
0.13390625,24.4674899193549
0.1339453125,24.4674899193549
0.133984375,23.4674899193549
0.1340234375,27.4674899193549
0.1340625,28.4674899193549
0.1341015625,28.4674899193549
0.134140625,23.4674899193549
0.1341796875,17.4674899193549
0.13421875,11.4674899193549
0.1342578125,6.46748991935488
0.134296875,1.46748991935488
0.1343359375,-8.53251008064512
0.134375,-17.5325100806451
0.1344140625,-27.5325100806451
0.134453125,-36.5325100806451
0.1344921875,-41.5325100806451
0.13453125,-41.5325100806451
0.1345703125,-38.5325100806451
0.134609375,-31.5325100806451
0.1346484375,-22.5325100806451
0.1346875,-16.5325100806451
0.1347265625,-9.53251008064512
0.134765625,-5.53251008064512
0.1348046875,-3.53251008064512
0.13484375,-3.53251008064512
0.1348828125,-5.53251008064512
0.134921875,-9.53251008064512
0.1349609375,-12.5325100806451
0.135,-15.5325100806451
0.1350390625,-15.5325100806451
0.135078125,-12.5325100806451
0.1351171875,-7.53251008064512
0.13515625,0.467489919354875
0.1351953125,6.46748991935488
0.135234375,10.4674899193549
0.1352734375,11.4674899193549
0.1353125,9.46748991935488
0.1353515625,7.46748991935488
0.135390625,3.46748991935488
0.1354296875,-0.532510080645125
0.13546875,-5.53251008064512
0.1355078125,-11.5325100806451
0.135546875,-13.5325100806451
0.1355859375,-15.5325100806451
0.135625,-12.5325100806451
0.1356640625,-6.53251008064512
0.135703125,0.467489919354875
0.1357421875,6.46748991935488
0.13578125,13.4674899193549
0.1358203125,20.4674899193549
0.135859375,22.4674899193549
0.1358984375,22.4674899193549
0.1359375,20.4674899193549
0.1359765625,16.4674899193549
0.136015625,12.4674899193549
0.1360546875,9.46748991935488
0.13609375,5.46748991935488
0.1361328125,1.46748991935488
0.136171875,-3.53251008064512
0.1362109375,-6.53251008064512
0.13625,-10.5325100806451
0.1362890625,-10.5325100806451
0.136328125,-7.53251008064512
0.1363671875,-0.532510080645125
0.13640625,4.46748991935488
0.1364453125,6.46748991935488
0.136484375,7.46748991935488
0.1365234375,5.46748991935488
0.1365625,2.46748991935488
0.1366015625,-4.53251008064512
0.136640625,-9.53251008064512
0.1366796875,-11.5325100806451
0.13671875,-13.5325100806451
0.1367578125,-13.5325100806451
0.136796875,-10.5325100806451
0.1368359375,-6.53251008064512
0.136875,0.467489919354875
0.1369140625,7.46748991935488
0.136953125,12.4674899193549
0.1369921875,17.4674899193549
0.13703125,20.4674899193549
0.1370703125,21.4674899193549
0.137109375,18.4674899193549
0.1371484375,16.4674899193549
0.1371875,9.46748991935488
0.1372265625,3.46748991935488
0.137265625,-0.532510080645125
0.1373046875,-2.53251008064512
0.13734375,-4.53251008064512
0.1373828125,-4.53251008064512
0.137421875,-6.53251008064512
0.1374609375,-8.53251008064512
0.1375,-11.5325100806451
0.1375390625,-15.5325100806451
0.137578125,-22.5325100806451
0.1376171875,-25.5325100806451
0.13765625,-23.5325100806451
0.1376953125,-17.5325100806451
0.137734375,-12.5325100806451
0.1377734375,-7.53251008064512
0.1378125,-2.53251008064512
0.1378515625,1.46748991935488
0.137890625,7.46748991935488
0.1379296875,11.4674899193549
0.13796875,15.4674899193549
0.1380078125,16.4674899193549
0.138046875,15.4674899193549
0.1380859375,12.4674899193549
0.138125,11.4674899193549
0.1381640625,7.46748991935488
0.138203125,2.46748991935488
0.1382421875,-1.53251008064512
0.13828125,-1.53251008064512
0.1383203125,0.467489919354875
0.138359375,1.46748991935488
0.1383984375,3.46748991935488
0.1384375,4.46748991935488
0.1384765625,3.46748991935488
0.138515625,0.467489919354875
0.1385546875,0.467489919354875
0.13859375,0.467489919354875
0.1386328125,-0.532510080645125
0.138671875,-0.532510080645125
0.1387109375,-1.53251008064512
0.13875,-3.53251008064512
0.1387890625,-7.53251008064512
0.138828125,-11.5325100806451
0.1388671875,-14.5325100806451
0.13890625,-13.5325100806451
0.1389453125,-11.5325100806451
0.138984375,-9.53251008064512
0.1390234375,-8.53251008064512
0.1390625,-11.5325100806451
0.1391015625,-13.5325100806451
0.139140625,-13.5325100806451
0.1391796875,-16.5325100806451
0.13921875,-17.5325100806451
0.1392578125,-14.5325100806451
0.139296875,-8.53251008064512
0.1393359375,-0.532510080645125
0.139375,7.46748991935488
0.1394140625,13.4674899193549
0.139453125,15.4674899193549
0.1394921875,15.4674899193549
0.13953125,16.4674899193549
0.1395703125,15.4674899193549
0.139609375,16.4674899193549
0.1396484375,19.4674899193549
0.1396875,19.4674899193549
0.1397265625,15.4674899193549
0.139765625,13.4674899193549
0.1398046875,14.4674899193549
0.13984375,15.4674899193549
0.1398828125,19.4674899193549
0.139921875,20.4674899193549
0.1399609375,21.4674899193549
0.14,20.4674899193549
0.1400390625,17.4674899193549
0.140078125,12.4674899193549
0.1401171875,6.46748991935488
0.14015625,-1.53251008064512
0.1401953125,-8.53251008064512
0.140234375,-15.5325100806451
0.1402734375,-18.5325100806451
0.1403125,-18.5325100806451
0.1403515625,-17.5325100806451
0.140390625,-18.5325100806451
0.1404296875,-19.5325100806451
0.14046875,-19.5325100806451
0.1405078125,-19.5325100806451
0.140546875,-17.5325100806451
0.1405859375,-11.5325100806451
0.140625,-4.53251008064512
0.1406640625,-1.53251008064512
0.140703125,0.467489919354875
0.1407421875,-4.53251008064512
0.14078125,-11.5325100806451
0.1408203125,-19.5325100806451
0.140859375,-24.5325100806451
0.1408984375,-21.5325100806451
0.1409375,-16.5325100806451
0.1409765625,-12.5325100806451
0.141015625,-6.53251008064512
0.1410546875,-1.53251008064512
0.14109375,4.46748991935488
0.1411328125,8.46748991935488
0.141171875,12.4674899193549
0.1412109375,14.4674899193549
0.14125,17.4674899193549
0.1412890625,17.4674899193549
0.141328125,19.4674899193549
0.1413671875,22.4674899193549
0.14140625,23.4674899193549
0.1414453125,21.4674899193549
0.141484375,19.4674899193549
0.1415234375,17.4674899193549
0.1415625,16.4674899193549
0.1416015625,15.4674899193549
0.141640625,13.4674899193549
0.1416796875,10.4674899193549
0.14171875,3.46748991935488
0.1417578125,-4.53251008064512
0.141796875,-11.5325100806451
0.1418359375,-14.5325100806451
0.141875,-13.5325100806451
0.1419140625,-11.5325100806451
0.141953125,-9.53251008064512
0.1419921875,-4.53251008064512
0.14203125,-1.53251008064512
0.1420703125,-1.53251008064512
0.142109375,-3.53251008064512
0.1421484375,-3.53251008064512
0.1421875,-3.53251008064512
0.1422265625,-2.53251008064512
0.142265625,-4.53251008064512
0.1423046875,-5.53251008064512
0.14234375,-7.53251008064512
0.1423828125,-7.53251008064512
0.142421875,-9.53251008064512
0.1424609375,-11.5325100806451
0.1425,-11.5325100806451
0.1425390625,-10.5325100806451
0.142578125,-6.53251008064512
0.1426171875,-3.53251008064512
0.14265625,-2.53251008064512
0.1426953125,-1.53251008064512
0.142734375,-5.53251008064512
0.1427734375,-9.53251008064512
0.1428125,-11.5325100806451
0.1428515625,-11.5325100806451
0.142890625,-9.53251008064512
0.1429296875,-5.53251008064512
0.14296875,-1.53251008064512
0.1430078125,0.467489919354875
0.143046875,3.46748991935488
0.1430859375,6.46748991935488
0.143125,9.46748991935488
0.1431640625,13.4674899193549
0.143203125,16.4674899193549
0.1432421875,15.4674899193549
0.14328125,14.4674899193549
0.1433203125,12.4674899193549
0.143359375,10.4674899193549
0.1433984375,7.46748991935488
0.1434375,13.4674899193549
0.1434765625,7.46748991935488
0.143515625,-7.53251008064512
0.1435546875,-19.5325100806451
0.14359375,-20.5325100806451
0.1436328125,-15.5325100806451
0.143671875,-7.53251008064512
0.1437109375,-1.53251008064512
0.14375,1.46748991935488
0.1437890625,2.46748991935488
0.143828125,3.46748991935488
0.1438671875,8.46748991935488
0.14390625,16.4674899193549
0.1439453125,18.4674899193549
0.143984375,17.4674899193549
0.1440234375,14.4674899193549
0.1440625,14.4674899193549
0.1441015625,15.4674899193549
0.144140625,13.4674899193549
0.1441796875,7.46748991935488
0.14421875,0.467489919354875
0.1442578125,-7.53251008064512
0.144296875,-15.5325100806451
0.1443359375,-25.5325100806451
0.144375,-30.5325100806451
0.1444140625,-30.5325100806451
0.144453125,-26.5325100806451
0.1444921875,-21.5325100806451
0.14453125,-17.5325100806451
0.1445703125,-11.5325100806451
0.144609375,-3.53251008064512
0.1446484375,4.46748991935488
0.1446875,10.4674899193549
0.1447265625,14.4674899193549
0.144765625,13.4674899193549
0.1448046875,10.4674899193549
0.14484375,6.46748991935488
0.1448828125,7.46748991935488
0.144921875,13.4674899193549
0.1449609375,23.4674899193549
0.145,15.4674899193549
0.1450390625,-2.53251008064512
0.145078125,-12.5325100806451
0.1451171875,-12.5325100806451
0.14515625,-5.53251008064512
0.1451953125,-1.53251008064512
0.145234375,6.46748991935488
0.1452734375,15.4674899193549
0.1453125,19.4674899193549
0.1453515625,22.4674899193549
0.145390625,24.4674899193549
0.1454296875,25.4674899193549
0.14546875,22.4674899193549
0.1455078125,18.4674899193549
0.145546875,14.4674899193549
0.1455859375,10.4674899193549
0.145625,5.46748991935488
0.1456640625,-4.53251008064512
0.145703125,-11.5325100806451
0.1457421875,-8.53251008064512
0.14578125,-3.53251008064512
0.1458203125,1.46748991935488
0.145859375,2.46748991935488
0.1458984375,2.46748991935488
0.1459375,-2.53251008064512
0.1459765625,-10.5325100806451
0.146015625,-19.5325100806451
0.1460546875,-22.5325100806451
0.14609375,-20.5325100806451
0.1461328125,-17.5325100806451
0.146171875,-10.5325100806451
0.1462109375,-1.53251008064512
0.14625,9.46748991935488
0.1462890625,14.4674899193549
0.146328125,13.4674899193549
0.1463671875,11.4674899193549
0.14640625,9.46748991935488
0.1464453125,7.46748991935488
0.146484375,6.46748991935488
0.1465234375,3.46748991935488
0.1465625,1.46748991935488
0.1466015625,-3.53251008064512
0.146640625,-9.53251008064512
0.1466796875,-18.5325100806451
0.14671875,-27.5325100806451
0.1467578125,-31.5325100806451
0.146796875,-33.5325100806451
0.1468359375,-32.5325100806451
0.146875,-32.5325100806451
0.1469140625,-32.5325100806451
0.146953125,-32.5325100806451
0.1469921875,-30.5325100806451
0.14703125,-29.5325100806451
0.1470703125,-26.5325100806451
0.147109375,-22.5325100806451
0.1471484375,-19.5325100806451
0.1471875,-17.5325100806451
0.1472265625,-17.5325100806451
0.147265625,-14.5325100806451
0.1473046875,-12.5325100806451
0.14734375,-9.53251008064512
0.1473828125,-8.53251008064512
0.147421875,13.4674899193549
0.1474609375,38.4674899193549
0.1475,13.4674899193549
0.1475390625,7.46748991935488
0.147578125,42.4674899193549
0.1476171875,21.4674899193549
0.14765625,-42.5325100806451
0.1476953125,-53.5325100806451
0.147734375,-22.5325100806451
0.1477734375,-2.53251008064512
0.1478125,8.46748991935488
0.1478515625,22.4674899193549
0.147890625,53.4674899193549
0.1479296875,81.4674899193549
0.14796875,83.4674899193549
0.1480078125,63.4674899193549
0.148046875,60.4674899193549
0.1480859375,61.4674899193549
0.148125,41.4674899193549
0.1481640625,22.4674899193549
0.148203125,24.4674899193549
0.1482421875,26.4674899193549
0.14828125,11.4674899193549
0.1483203125,-3.53251008064512
0.148359375,-0.532510080645125
0.1483984375,3.46748991935488
0.1484375,-12.5325100806451
0.1484765625,-34.5325100806451
0.148515625,-39.5325100806451
0.1485546875,-32.5325100806451
0.14859375,-21.5325100806451
0.1486328125,-14.5325100806451
0.148671875,-3.53251008064512
0.1487109375,15.4674899193549
0.14875,26.4674899193549
0.1487890625,28.4674899193549
0.148828125,35.4674899193549
0.1488671875,46.4674899193549
0.14890625,40.4674899193549
0.1489453125,29.4674899193549
0.148984375,28.4674899193549
0.1490234375,26.4674899193549
0.1490625,22.4674899193549
0.1491015625,22.4674899193549
0.149140625,21.4674899193549
0.1491796875,14.4674899193549
0.14921875,10.4674899193549
0.1492578125,8.46748991935488
0.149296875,0.467489919354875
0.1493359375,-12.5325100806451
0.149375,-28.5325100806451
0.1494140625,-47.5325100806451
0.149453125,-59.5325100806451
0.1494921875,-62.5325100806451
0.14953125,-72.5325100806451
0.1495703125,-81.5325100806451
0.149609375,-84.5325100806451
0.1496484375,-84.5325100806451
0.1496875,-79.5325100806451
0.1497265625,-70.5325100806451
0.149765625,-61.5325100806451
0.1498046875,-51.5325100806451
0.14984375,-38.5325100806451
0.1498828125,-30.5325100806451
0.149921875,-24.5325100806451
0.1499609375,-19.5325100806451
0.15,-6.53251008064512
0.1500390625,4.46748991935488
0.150078125,10.4674899193549
0.1501171875,9.46748991935488
0.15015625,8.46748991935488
0.1501953125,4.46748991935488
0.150234375,4.46748991935488
0.1502734375,9.46748991935488
0.1503125,18.4674899193549
0.1503515625,34.4674899193549
0.150390625,48.4674899193549
0.1504296875,65.4674899193549
0.15046875,80.4674899193549
0.1505078125,94.4674899193549
0.150546875,98.4674899193549
0.1505859375,97.4674899193549
0.150625,91.4674899193549
0.1506640625,82.4674899193549
0.150703125,67.4674899193549
0.1507421875,51.4674899193549
0.15078125,33.4674899193549
0.1508203125,11.4674899193549
0.150859375,-17.5325100806451
0.1508984375,-47.5325100806451
0.1509375,-72.5325100806451
0.1509765625,-82.5325100806451
0.151015625,-85.5325100806451
0.1510546875,-85.5325100806451
0.15109375,-79.5325100806451
0.1511328125,-68.5325100806451
0.151171875,-58.5325100806451
0.1512109375,-51.5325100806451
0.15125,-41.5325100806451
0.1512890625,-31.5325100806451
0.151328125,-20.5325100806451
0.1513671875,-8.53251008064512
0.15140625,1.46748991935488
0.1514453125,11.4674899193549
0.151484375,18.4674899193549
0.1515234375,25.4674899193549
0.1515625,29.4674899193549
0.1516015625,33.4674899193549
0.151640625,35.4674899193549
0.1516796875,37.4674899193549
0.15171875,41.4674899193549
0.1517578125,43.4674899193549
0.151796875,40.4674899193549
0.1518359375,35.4674899193549
0.151875,32.4674899193549
0.1519140625,32.4674899193549
0.151953125,32.4674899193549
0.1519921875,32.4674899193549
0.15203125,31.4674899193549
0.1520703125,27.4674899193549
0.152109375,20.4674899193549
0.1521484375,11.4674899193549
0.1521875,-1.53251008064512
0.1522265625,-15.5325100806451
0.152265625,-26.5325100806451
0.1523046875,-33.5325100806451
0.15234375,-40.5325100806451
0.1523828125,-43.5325100806451
0.152421875,-42.5325100806451
0.1524609375,-41.5325100806451
0.1525,-41.5325100806451
0.1525390625,-38.5325100806451
0.152578125,-35.5325100806451
0.1526171875,-32.5325100806451
0.15265625,-28.5325100806451
0.1526953125,-25.5325100806451
0.152734375,-26.5325100806451
0.1527734375,-25.5325100806451
0.1528125,-23.5325100806451
0.1528515625,-18.5325100806451
0.152890625,-14.5325100806451
0.1529296875,-5.53251008064512
0.15296875,6.46748991935488
0.1530078125,17.4674899193549
0.153046875,26.4674899193549
0.1530859375,36.4674899193549
0.153125,44.4674899193549
0.1531640625,45.4674899193549
0.153203125,48.4674899193549
0.1532421875,51.4674899193549
0.15328125,54.4674899193549
0.1533203125,53.4674899193549
0.153359375,47.4674899193549
0.1533984375,41.4674899193549
0.1534375,33.4674899193549
0.1534765625,24.4674899193549
0.153515625,10.4674899193549
0.1535546875,-0.532510080645125
0.15359375,-7.53251008064512
0.1536328125,-9.53251008064512
0.153671875,-12.5325100806451
0.1537109375,-13.5325100806451
0.15375,-12.5325100806451
0.1537890625,-13.5325100806451
0.153828125,-17.5325100806451
0.1538671875,-24.5325100806451
0.15390625,-29.5325100806451
0.1539453125,-33.5325100806451
0.153984375,-37.5325100806451
0.1540234375,-37.5325100806451
0.1540625,-36.5325100806451
0.1541015625,-31.5325100806451
0.154140625,-24.5325100806451
0.1541796875,-20.5325100806451
0.15421875,-15.5325100806451
0.1542578125,-11.5325100806451
0.154296875,-4.53251008064512
0.1543359375,0.467489919354875
0.154375,6.46748991935488
0.1544140625,10.4674899193549
0.154453125,13.4674899193549
0.1544921875,12.4674899193549
0.15453125,16.4674899193549
0.1545703125,21.4674899193549
0.154609375,27.4674899193549
0.1546484375,29.4674899193549
0.1546875,28.4674899193549
0.1547265625,24.4674899193549
0.154765625,19.4674899193549
0.1548046875,10.4674899193549
0.15484375,4.46748991935488
0.1548828125,-1.53251008064512
0.154921875,-7.53251008064512
0.1549609375,-11.5325100806451
0.155,-14.5325100806451
0.1550390625,-16.5325100806451
0.155078125,-17.5325100806451
0.1551171875,-16.5325100806451
0.15515625,-16.5325100806451
0.1551953125,-13.5325100806451
0.155234375,-8.53251008064512
0.1552734375,-6.53251008064512
0.1553125,-3.53251008064512
0.1553515625,-2.53251008064512
0.155390625,-2.53251008064512
0.1554296875,-2.53251008064512
0.15546875,-7.53251008064512
0.1555078125,-10.5325100806451
0.155546875,-11.5325100806451
0.1555859375,-9.53251008064512
0.155625,-8.53251008064512
0.1556640625,-8.53251008064512
0.155703125,-4.53251008064512
0.1557421875,-1.53251008064512
0.15578125,-0.532510080645125
0.1558203125,2.46748991935488
0.155859375,4.46748991935488
0.1558984375,10.4674899193549
0.1559375,14.4674899193549
0.1559765625,14.4674899193549
0.156015625,15.4674899193549
0.1560546875,17.4674899193549
0.15609375,16.4674899193549
0.1561328125,17.4674899193549
0.156171875,17.4674899193549
0.1562109375,19.4674899193549
0.15625,23.4674899193549
0.1562890625,24.4674899193549
0.156328125,22.4674899193549
0.1563671875,15.4674899193549
0.15640625,7.46748991935488
0.1564453125,-2.53251008064512
0.156484375,-10.5325100806451
0.1565234375,-15.5325100806451
0.1565625,-20.5325100806451
0.1566015625,-22.5325100806451
0.156640625,-22.5325100806451
0.1566796875,-20.5325100806451
0.15671875,-17.5325100806451
0.1567578125,-14.5325100806451
0.156796875,-11.5325100806451
0.1568359375,-7.53251008064512
0.156875,-1.53251008064512
0.1569140625,0.467489919354875
0.156953125,1.46748991935488
0.1569921875,2.46748991935488
0.15703125,-1.53251008064512
0.1570703125,-5.53251008064512
0.157109375,-10.5325100806451
0.1571484375,-9.53251008064512
0.1571875,-2.53251008064512
0.1572265625,4.46748991935488
0.157265625,13.4674899193549
0.1573046875,20.4674899193549
0.15734375,23.4674899193549
0.1573828125,24.4674899193549
0.157421875,21.4674899193549
0.1574609375,16.4674899193549
0.1575,8.46748991935488
0.1575390625,4.46748991935488
0.157578125,-1.53251008064512
0.1576171875,-5.53251008064512
0.15765625,-6.53251008064512
0.1576953125,-8.53251008064512
0.157734375,-12.5325100806451
0.1577734375,-13.5325100806451
0.1578125,-11.5325100806451
0.1578515625,-5.53251008064512
0.157890625,0.467489919354875
0.1579296875,6.46748991935488
0.15796875,10.4674899193549
0.1580078125,11.4674899193549
0.158046875,7.46748991935488
0.1580859375,1.46748991935488
0.158125,-3.53251008064512
0.1581640625,-8.53251008064512
0.158203125,-14.5325100806451
0.1582421875,-18.5325100806451
0.15828125,-21.5325100806451
0.1583203125,-22.5325100806451
0.158359375,-24.5325100806451
0.1583984375,-21.5325100806451
0.1584375,-19.5325100806451
0.1584765625,-14.5325100806451
0.158515625,-7.53251008064512
0.1585546875,-1.53251008064512
0.15859375,5.46748991935488
0.1586328125,10.4674899193549
0.158671875,12.4674899193549
0.1587109375,14.4674899193549
0.15875,14.4674899193549
0.1587890625,16.4674899193549
0.158828125,17.4674899193549
0.1588671875,16.4674899193549
0.15890625,14.4674899193549
0.1589453125,9.46748991935488
0.158984375,4.46748991935488
0.1590234375,-3.53251008064512
0.1590625,-9.53251008064512
0.1591015625,-13.5325100806451
0.159140625,-15.5325100806451
0.1591796875,-15.5325100806451
0.15921875,-12.5325100806451
0.1592578125,-5.53251008064512
0.159296875,5.46748991935488
0.1593359375,13.4674899193549
0.159375,17.4674899193549
0.1594140625,20.4674899193549
0.159453125,24.4674899193549
0.1594921875,25.4674899193549
0.15953125,25.4674899193549
0.1595703125,22.4674899193549
0.159609375,19.4674899193549
0.1596484375,10.4674899193549
0.1596875,2.46748991935488
0.1597265625,-2.53251008064512
0.159765625,-4.53251008064512
0.1598046875,-2.53251008064512
0.15984375,-0.532510080645125
0.1598828125,-2.53251008064512
0.159921875,-4.53251008064512
0.1599609375,-7.53251008064512
0.16,-10.5325100806451
0.1600390625,-12.5325100806451
0.160078125,-14.5325100806451
0.1601171875,-15.5325100806451
0.16015625,-13.5325100806451
0.1601953125,-9.53251008064512
0.160234375,-19.5325100806451
0.1602734375,-38.5325100806451
0.1603125,-54.5325100806451
0.1603515625,-52.5325100806451
0.160390625,-34.5325100806451
0.1604296875,-11.5325100806451
0.16046875,7.46748991935488
0.1605078125,18.4674899193549
0.160546875,31.4674899193549
0.1605859375,39.4674899193549
0.160625,42.4674899193549
0.1606640625,36.4674899193549
0.160703125,20.4674899193549
0.1607421875,1.46748991935488
0.16078125,-18.5325100806451
0.1608203125,-26.5325100806451
0.160859375,-26.5325100806451
0.1608984375,-27.5325100806451
0.1609375,-32.5325100806451
0.1609765625,-35.5325100806451
0.161015625,-33.5325100806451
0.1610546875,-23.5325100806451
0.16109375,-9.53251008064512
0.1611328125,4.46748991935488
0.161171875,14.4674899193549
0.1612109375,14.4674899193549
0.16125,8.46748991935488
0.1612890625,8.46748991935488
0.161328125,14.4674899193549
0.1613671875,18.4674899193549
0.16140625,19.4674899193549
0.1614453125,18.4674899193549
0.161484375,18.4674899193549
0.1615234375,24.4674899193549
0.1615625,32.4674899193549
0.1616015625,37.4674899193549
0.161640625,38.4674899193549
0.1616796875,34.4674899193549
0.16171875,29.4674899193549
0.1617578125,25.4674899193549
0.161796875,24.4674899193549
0.1618359375,27.4674899193549
0.161875,31.4674899193549
0.1619140625,27.4674899193549
0.161953125,19.4674899193549
0.1619921875,9.46748991935488
0.16203125,6.46748991935488
0.1620703125,11.4674899193549
0.162109375,14.4674899193549
0.1621484375,14.4674899193549
0.1621875,13.4674899193549
0.1622265625,12.4674899193549
0.162265625,11.4674899193549
0.1623046875,9.46748991935488
0.16234375,8.46748991935488
0.1623828125,6.46748991935488
0.162421875,4.46748991935488
0.1624609375,3.46748991935488
0.1625,1.46748991935488
0.1625390625,-2.53251008064512
0.162578125,-3.53251008064512
0.1626171875,-9.53251008064512
0.16265625,-14.5325100806451
0.1626953125,-14.5325100806451
0.162734375,-15.5325100806451
0.1627734375,-14.5325100806451
0.1628125,-19.5325100806451
0.1628515625,-23.5325100806451
0.162890625,-34.5325100806451
0.1629296875,-48.5325100806451
0.16296875,-55.5325100806451
0.1630078125,-55.5325100806451
0.163046875,-55.5325100806451
0.1630859375,-51.5325100806451
0.163125,-51.5325100806451
0.1631640625,-54.5325100806451
0.163203125,-58.5325100806451
0.1632421875,-60.5325100806451
0.16328125,-58.5325100806451
0.1633203125,-55.5325100806451
0.163359375,-50.5325100806451
0.1633984375,-44.5325100806451
0.1634375,-40.5325100806451
0.1634765625,-31.5325100806451
0.163515625,-21.5325100806451
0.1635546875,-15.5325100806451
0.16359375,-12.5325100806451
0.1636328125,-8.53251008064512
0.163671875,-5.53251008064512
0.1637109375,0.467489919354875
0.16375,12.4674899193549
0.1637890625,23.4674899193549
0.163828125,30.4674899193549
0.1638671875,33.4674899193549
0.16390625,36.4674899193549
0.1639453125,40.4674899193549
0.163984375,45.4674899193549
0.1640234375,49.4674899193549
0.1640625,52.4674899193549
0.1641015625,52.4674899193549
0.164140625,49.4674899193549
0.1641796875,43.4674899193549
0.16421875,33.4674899193549
0.1642578125,22.4674899193549
0.164296875,11.4674899193549
0.1643359375,10.4674899193549
0.164375,11.4674899193549
0.1644140625,7.46748991935488
0.164453125,-14.5325100806451
0.1644921875,-28.5325100806451
0.16453125,-37.5325100806451
0.1645703125,-37.5325100806451
0.164609375,-30.5325100806451
0.1646484375,-20.5325100806451
0.1646875,-6.53251008064512
0.1647265625,8.46748991935488
0.164765625,28.4674899193549
0.1648046875,49.4674899193549
0.16484375,65.4674899193549
0.1648828125,75.4674899193549
0.164921875,76.4674899193549
0.1649609375,72.4674899193549
0.165,68.4674899193549
0.1650390625,68.4674899193549
0.165078125,63.4674899193549
0.1651171875,52.4674899193549
0.16515625,42.4674899193549
0.1651953125,28.4674899193549
0.165234375,17.4674899193549
0.1652734375,10.4674899193549
0.1653125,7.46748991935488
0.1653515625,4.46748991935488
0.165390625,2.46748991935488
0.1654296875,-3.53251008064512
0.16546875,-9.53251008064512
0.1655078125,-12.5325100806451
0.165546875,-18.5325100806451
0.1655859375,-23.5325100806451
0.165625,-27.5325100806451
0.1656640625,-31.5325100806451
0.165703125,-34.5325100806451
0.1657421875,-36.5325100806451
0.16578125,-37.5325100806451
0.1658203125,-35.5325100806451
0.165859375,-36.5325100806451
0.1658984375,-42.5325100806451
0.1659375,-48.5325100806451
0.1659765625,-50.5325100806451
0.166015625,-45.5325100806451
0.1660546875,-36.5325100806451
0.16609375,-28.5325100806451
0.1661328125,-25.5325100806451
0.166171875,-27.5325100806451
0.1662109375,-31.5325100806451
0.16625,-32.5325100806451
0.1662890625,-29.5325100806451
0.166328125,-28.5325100806451
0.1663671875,-25.5325100806451
0.16640625,-20.5325100806451
0.1664453125,-11.5325100806451
0.166484375,-3.53251008064512
0.1665234375,6.46748991935488
0.1665625,15.4674899193549
0.1666015625,21.4674899193549
0.166640625,27.4674899193549
0.1666796875,33.4674899193549
0.16671875,36.4674899193549
0.1667578125,34.4674899193549
0.166796875,27.4674899193549
0.1668359375,17.4674899193549
0.166875,6.46748991935488
0.1669140625,-3.53251008064512
0.166953125,-11.5325100806451
0.1669921875,-16.5325100806451
0.16703125,-20.5325100806451
0.1670703125,-27.5325100806451
0.167109375,-32.5325100806451
0.1671484375,-35.5325100806451
0.1671875,-36.5325100806451
0.1672265625,-34.5325100806451
0.167265625,-29.5325100806451
0.1673046875,-23.5325100806451
0.16734375,-17.5325100806451
0.1673828125,-10.5325100806451
0.167421875,-4.53251008064512
0.1674609375,0.467489919354875
0.1675,5.46748991935488
0.1675390625,8.46748991935488
0.167578125,12.4674899193549
0.1676171875,16.4674899193549
0.16765625,22.4674899193549
0.1676953125,28.4674899193549
0.167734375,37.4674899193549
0.1677734375,42.4674899193549
0.1678125,43.4674899193549
0.1678515625,44.4674899193549
0.167890625,45.4674899193549
0.1679296875,46.4674899193549
0.16796875,46.4674899193549
0.1680078125,44.4674899193549
0.168046875,40.4674899193549
0.1680859375,36.4674899193549
0.168125,29.4674899193549
0.1681640625,23.4674899193549
0.168203125,17.4674899193549
0.1682421875,12.4674899193549
0.16828125,8.46748991935488
0.1683203125,3.46748991935488
0.168359375,0.467489919354875
0.1683984375,-1.53251008064512
0.1684375,-4.53251008064512
0.1684765625,-8.53251008064512
0.168515625,-11.5325100806451
0.1685546875,-11.5325100806451
0.16859375,-12.5325100806451
0.1686328125,-15.5325100806451
0.168671875,-14.5325100806451
0.1687109375,-14.5325100806451
0.16875,-17.5325100806451
0.1687890625,-23.5325100806451
0.168828125,-30.5325100806451
0.1688671875,-34.5325100806451
0.16890625,-34.5325100806451
0.1689453125,-33.5325100806451
0.168984375,-32.5325100806451
0.1690234375,-31.5325100806451
0.1690625,-28.5325100806451
0.1691015625,-27.5325100806451
0.169140625,-23.5325100806451
0.1691796875,-19.5325100806451
0.16921875,-11.5325100806451
0.1692578125,-4.53251008064512
0.169296875,1.46748991935488
0.1693359375,8.46748991935488
0.169375,15.4674899193549
0.1694140625,19.4674899193549
0.169453125,17.4674899193549
0.1694921875,15.4674899193549
0.16953125,12.4674899193549
0.1695703125,12.4674899193549
0.169609375,14.4674899193549
0.1696484375,15.4674899193549
0.1696875,17.4674899193549
0.1697265625,15.4674899193549
0.169765625,9.46748991935488
0.1698046875,4.46748991935488
0.16984375,2.46748991935488
0.1698828125,1.46748991935488
0.169921875,0.467489919354875
0.1699609375,1.46748991935488
0.17,2.46748991935488
0.1700390625,2.46748991935488
0.170078125,-2.53251008064512
0.1701171875,-5.53251008064512
0.17015625,-8.53251008064512
0.1701953125,-6.53251008064512
0.170234375,-2.53251008064512
0.1702734375,0.467489919354875
0.1703125,2.46748991935488
0.1703515625,1.46748991935488
0.170390625,-1.53251008064512
0.1704296875,-5.53251008064512
0.17046875,-9.53251008064512
0.1705078125,-11.5325100806451
0.170546875,-12.5325100806451
0.1705859375,-11.5325100806451
0.170625,-10.5325100806451
0.1706640625,-7.53251008064512
0.170703125,-4.53251008064512
0.1707421875,-5.53251008064512
0.17078125,-3.53251008064512
0.1708203125,-0.532510080645125
0.170859375,5.46748991935488
0.1708984375,12.4674899193549
0.1709375,16.4674899193549
0.1709765625,17.4674899193549
0.171015625,18.4674899193549
0.1710546875,18.4674899193549
0.17109375,16.4674899193549
0.1711328125,13.4674899193549
0.171171875,9.46748991935488
0.1712109375,5.46748991935488
0.17125,1.46748991935488
0.1712890625,0.467489919354875
0.171328125,2.46748991935488
0.1713671875,5.46748991935488
0.17140625,7.46748991935488
0.1714453125,10.4674899193549
0.171484375,12.4674899193549
0.1715234375,14.4674899193549
0.1715625,15.4674899193549
0.1716015625,14.4674899193549
0.171640625,11.4674899193549
0.1716796875,4.46748991935488
0.17171875,-5.53251008064512
0.1717578125,-12.5325100806451
0.171796875,-19.5325100806451
0.1718359375,-20.5325100806451
0.171875,-18.5325100806451
0.1719140625,-14.5325100806451
0.171953125,-11.5325100806451
0.1719921875,-4.53251008064512
0.17203125,0.467489919354875
0.1720703125,2.46748991935488
0.172109375,4.46748991935488
0.1721484375,6.46748991935488
0.1721875,7.46748991935488
0.1722265625,6.46748991935488
0.172265625,1.46748991935488
0.1723046875,-3.53251008064512
0.17234375,-14.5325100806451
0.1723828125,-24.5325100806451
0.172421875,-30.5325100806451
0.1724609375,-31.5325100806451
0.1725,-28.5325100806451
0.1725390625,-22.5325100806451
0.172578125,-18.5325100806451
0.1726171875,-14.5325100806451
0.17265625,-11.5325100806451
0.1726953125,-11.5325100806451
0.172734375,-11.5325100806451
0.1727734375,-7.53251008064512
0.1728125,-3.53251008064512
0.1728515625,0.467489919354875
0.172890625,4.46748991935488
0.1729296875,8.46748991935488
0.17296875,7.46748991935488
0.1730078125,2.46748991935488
0.173046875,-3.53251008064512
0.1730859375,-5.53251008064512
0.173125,-3.53251008064512
0.1731640625,2.46748991935488
0.173203125,9.46748991935488
0.1732421875,14.4674899193549
0.17328125,19.4674899193549
0.1733203125,21.4674899193549
0.173359375,21.4674899193549
0.1733984375,23.4674899193549
0.1734375,24.4674899193549
0.1734765625,24.4674899193549
0.173515625,23.4674899193549
0.1735546875,21.4674899193549
0.17359375,18.4674899193549
0.1736328125,14.4674899193549
0.173671875,9.46748991935488
0.1737109375,3.46748991935488
0.17375,-0.532510080645125
0.1737890625,-2.53251008064512
0.173828125,-4.53251008064512
0.1738671875,-8.53251008064512
0.17390625,-11.5325100806451
0.1739453125,-13.5325100806451
0.173984375,-16.5325100806451
0.1740234375,-17.5325100806451
0.1740625,-16.5325100806451
0.1741015625,-12.5325100806451
0.174140625,-6.53251008064512
0.1741796875,-2.53251008064512
0.17421875,-1.53251008064512
0.1742578125,-2.53251008064512
0.174296875,-3.53251008064512
0.1743359375,-8.53251008064512
0.174375,-13.5325100806451
0.1744140625,-11.5325100806451
0.174453125,-5.53251008064512
0.1744921875,2.46748991935488
0.17453125,11.4674899193549
0.1745703125,21.4674899193549
0.174609375,29.4674899193549
0.1746484375,30.4674899193549
0.1746875,27.4674899193549
0.1747265625,24.4674899193549
0.174765625,19.4674899193549
0.1748046875,14.4674899193549
0.17484375,10.4674899193549
0.1748828125,5.46748991935488
0.174921875,1.46748991935488
0.1749609375,-4.53251008064512
0.175,-9.53251008064512
0.1750390625,-10.5325100806451
0.175078125,-6.53251008064512
0.1751171875,0.467489919354875
0.17515625,5.46748991935488
0.1751953125,8.46748991935488
0.175234375,10.4674899193549
0.1752734375,10.4674899193549
0.1753125,9.46748991935488
0.1753515625,8.46748991935488
0.175390625,8.46748991935488
0.1754296875,7.46748991935488
0.17546875,4.46748991935488
0.1755078125,-4.53251008064512
0.175546875,-12.5325100806451
0.1755859375,-21.5325100806451
0.175625,-31.5325100806451
0.1756640625,-38.5325100806451
0.175703125,-39.5325100806451
0.1757421875,-37.5325100806451
0.17578125,-29.5325100806451
0.1758203125,-21.5325100806451
0.175859375,-12.5325100806451
0.1758984375,-6.53251008064512
0.1759375,-4.53251008064512
0.1759765625,-3.53251008064512
0.176015625,1.46748991935488
0.1760546875,4.46748991935488
0.17609375,10.4674899193549
0.1761328125,12.4674899193549
0.176171875,11.4674899193549
0.1762109375,-2.53251008064512
0.17625,-25.5325100806451
0.1762890625,-41.5325100806451
0.176328125,-40.5325100806451
0.1763671875,-29.5325100806451
0.17640625,-13.5325100806451
0.1764453125,0.467489919354875
0.176484375,9.46748991935488
0.1765234375,13.4674899193549
0.1765625,14.4674899193549
0.1766015625,11.4674899193549
0.176640625,5.46748991935488
0.1766796875,-7.53251008064512
0.17671875,-23.5325100806451
0.1767578125,-36.5325100806451
0.176796875,-44.5325100806451
0.1768359375,-46.5325100806451
0.176875,-44.5325100806451
0.1769140625,-44.5325100806451
0.176953125,-45.5325100806451
0.1769921875,-44.5325100806451
0.17703125,-43.5325100806451
0.1770703125,-35.5325100806451
0.177109375,-25.5325100806451
0.1771484375,-14.5325100806451
0.1771875,-3.53251008064512
0.1772265625,10.4674899193549
0.177265625,24.4674899193549
0.1773046875,38.4674899193549
0.17734375,55.4674899193549
0.1773828125,74.4674899193549
0.177421875,87.4674899193549
0.1774609375,98.4674899193549
0.1775,102.467489919355
0.1775390625,105.467489919355
0.177578125,109.467489919355
0.1776171875,107.467489919355
0.17765625,104.467489919355
0.1776953125,101.467489919355
0.177734375,96.4674899193549
0.1777734375,90.4674899193549
0.1778125,88.4674899193549
0.1778515625,81.4674899193549
0.177890625,71.4674899193549
0.1779296875,56.4674899193549
0.17796875,40.4674899193549
0.1780078125,26.4674899193549
0.178046875,15.4674899193549
0.1780859375,6.46748991935488
0.178125,-0.532510080645125
0.1781640625,-3.53251008064512
0.178203125,-5.53251008064512
0.1782421875,-7.53251008064512
0.17828125,-9.53251008064512
0.1783203125,-13.5325100806451
0.178359375,-17.5325100806451
0.1783984375,-24.5325100806451
0.1784375,-32.5325100806451
0.1784765625,-43.5325100806451
0.178515625,-52.5325100806451
0.1785546875,-63.5325100806451
0.17859375,-72.5325100806451
0.1786328125,-80.5325100806451
0.178671875,-85.5325100806451
0.1787109375,-91.5325100806451
0.17875,-94.5325100806451
0.1787890625,-97.5325100806451
0.178828125,-98.5325100806451
0.1788671875,-99.5325100806451
0.17890625,-102.532510080645
0.1789453125,-106.532510080645
0.178984375,-104.532510080645
0.1790234375,-99.5325100806451
0.1790625,-93.5325100806451
0.1791015625,-85.5325100806451
0.179140625,-75.5325100806451
0.1791796875,-68.5325100806451
0.17921875,-62.5325100806451
0.1792578125,-56.5325100806451
0.179296875,-45.5325100806451
0.1793359375,-32.5325100806451
0.179375,-17.5325100806451
0.1794140625,-4.53251008064512
0.179453125,5.46748991935488
0.1794921875,6.46748991935488
0.17953125,5.46748991935488
0.1795703125,3.46748991935488
0.179609375,0.467489919354875
0.1796484375,-0.532510080645125
0.1796875,3.46748991935488
0.1797265625,4.46748991935488
0.179765625,6.46748991935488
0.1798046875,13.4674899193549
0.17984375,20.4674899193549
0.1798828125,31.4674899193549
0.179921875,40.4674899193549
0.1799609375,51.4674899193549
0.18,59.4674899193549
0.1800390625,68.4674899193549
0.180078125,79.4674899193549
0.1801171875,89.4674899193549
0.18015625,93.4674899193549
0.1801953125,89.4674899193549
0.180234375,79.4674899193549
0.1802734375,68.4674899193549
0.1803125,60.4674899193549
0.1803515625,56.4674899193549
0.180390625,50.4674899193549
0.1804296875,47.4674899193549
0.18046875,44.4674899193549
0.1805078125,39.4674899193549
0.180546875,37.4674899193549
0.1805859375,37.4674899193549
0.180625,39.4674899193549
0.1806640625,42.4674899193549
0.180703125,38.4674899193549
0.1807421875,19.4674899193549
0.18078125,9.46748991935488
0.1808203125,1.46748991935488
0.180859375,-3.53251008064512
0.1808984375,-3.53251008064512
0.1809375,-2.53251008064512
0.1809765625,5.46748991935488
0.181015625,17.4674899193549
0.1810546875,25.4674899193549
0.18109375,33.4674899193549
0.1811328125,40.4674899193549
0.181171875,45.4674899193549
0.1812109375,48.4674899193549
0.18125,52.4674899193549
0.1812890625,57.4674899193549
0.181328125,58.4674899193549
0.1813671875,51.4674899193549
0.18140625,46.4674899193549
0.1814453125,40.4674899193549
0.181484375,26.4674899193549
0.1815234375,7.46748991935488
0.1815625,-6.53251008064512
0.1816015625,-16.5325100806451
0.181640625,-27.5325100806451
0.1816796875,-41.5325100806451
0.18171875,-53.5325100806451
0.1817578125,-64.5325100806451
0.181796875,-73.5325100806451
0.1818359375,-78.5325100806451
0.181875,-79.5325100806451
0.1819140625,-77.5325100806451
0.181953125,-70.5325100806451
0.1819921875,-65.5325100806451
0.18203125,-61.5325100806451
0.1820703125,-57.5325100806451
0.182109375,-57.5325100806451
0.1821484375,-56.5325100806451
0.1821875,-54.5325100806451
0.1822265625,-51.5325100806451
0.182265625,-50.5325100806451
0.1823046875,-47.5325100806451
0.18234375,-45.5325100806451
0.1823828125,-41.5325100806451
0.182421875,-40.5325100806451
0.1824609375,-39.5325100806451
0.1825,-37.5325100806451
0.1825390625,-33.5325100806451
0.182578125,-24.5325100806451
0.1826171875,-14.5325100806451
0.18265625,-2.53251008064512
0.1826953125,6.46748991935488
0.182734375,14.4674899193549
0.1827734375,16.4674899193549
0.1828125,18.4674899193549
0.1828515625,19.4674899193549
0.182890625,17.4674899193549
0.1829296875,14.4674899193549
0.18296875,9.46748991935488
0.1830078125,0.467489919354875
0.183046875,-7.53251008064512
0.1830859375,-13.5325100806451
0.183125,-20.5325100806451
0.1831640625,-25.5325100806451
0.183203125,-25.5325100806451
0.1832421875,-26.5325100806451
0.18328125,-21.5325100806451
0.1833203125,-14.5325100806451
0.183359375,-6.53251008064512
0.1833984375,0.467489919354875
0.1834375,6.46748991935488
0.1834765625,11.4674899193549
0.183515625,13.4674899193549
0.1835546875,20.4674899193549
0.18359375,28.4674899193549
0.1836328125,34.4674899193549
0.183671875,36.4674899193549
0.1837109375,36.4674899193549
0.18375,34.4674899193549
0.1837890625,31.4674899193549
0.183828125,30.4674899193549
0.1838671875,30.4674899193549
0.18390625,33.4674899193549
0.1839453125,32.4674899193549
0.183984375,34.4674899193549
0.1840234375,37.4674899193549
0.1840625,36.4674899193549
0.1841015625,37.4674899193549
0.184140625,35.4674899193549
0.1841796875,34.4674899193549
0.18421875,32.4674899193549
0.1842578125,29.4674899193549
0.184296875,26.4674899193549
0.1843359375,24.4674899193549
0.184375,20.4674899193549
0.1844140625,8.46748991935488
0.184453125,2.46748991935488
0.1844921875,0.467489919354875
0.18453125,0.467489919354875
0.1845703125,1.46748991935488
0.184609375,3.46748991935488
0.1846484375,2.46748991935488
0.1846875,-0.532510080645125
0.1847265625,-2.53251008064512
0.184765625,-7.53251008064512
0.1848046875,-11.5325100806451
0.18484375,-14.5325100806451
0.1848828125,-17.5325100806451
0.184921875,-17.5325100806451
0.1849609375,-11.5325100806451
0.185,-8.53251008064512
0.1850390625,-5.53251008064512
0.185078125,-6.53251008064512
0.1851171875,-3.53251008064512
0.18515625,1.46748991935488
0.1851953125,6.46748991935488
0.185234375,12.4674899193549
0.1852734375,12.4674899193549
0.1853125,6.46748991935488
0.1853515625,-0.532510080645125
0.185390625,-9.53251008064512
0.1854296875,-17.5325100806451
0.18546875,-21.5325100806451
0.1855078125,-18.5325100806451
0.185546875,-16.5325100806451
0.1855859375,-14.5325100806451
0.185625,-11.5325100806451
0.1856640625,-12.5325100806451
0.185703125,-10.5325100806451
0.1857421875,-10.5325100806451
0.18578125,-7.53251008064512
0.1858203125,-3.53251008064512
0.185859375,-1.53251008064512
0.1858984375,-1.53251008064512
0.1859375,-4.53251008064512
0.1859765625,-5.53251008064512
0.186015625,-9.53251008064512
0.1860546875,-14.5325100806451
0.18609375,-20.5325100806451
0.1861328125,-22.5325100806451
0.186171875,-22.5325100806451
0.1862109375,-19.5325100806451
0.18625,-15.5325100806451
0.1862890625,-8.53251008064512
0.186328125,-3.53251008064512
0.1863671875,-0.532510080645125
0.18640625,0.467489919354875
0.1864453125,3.46748991935488
0.186484375,4.46748991935488
0.1865234375,5.46748991935488
0.1865625,5.46748991935488
0.1866015625,5.46748991935488
0.186640625,4.46748991935488
0.1866796875,1.46748991935488
0.18671875,-1.53251008064512
0.1867578125,0.467489919354875
0.186796875,2.46748991935488
0.1868359375,7.46748991935488
0.186875,16.4674899193549
0.1869140625,22.4674899193549
0.186953125,27.4674899193549
0.1869921875,30.4674899193549
0.18703125,27.4674899193549
0.1870703125,22.4674899193549
0.187109375,15.4674899193549
0.1871484375,8.46748991935488
0.1871875,-0.532510080645125
0.1872265625,-4.53251008064512
0.187265625,-5.53251008064512
0.1873046875,-5.53251008064512
0.18734375,-7.53251008064512
0.1873828125,-10.5325100806451
0.187421875,-13.5325100806451
0.1874609375,-13.5325100806451
0.1875,-8.53251008064512
0.1875390625,-0.532510080645125
0.187578125,8.46748991935488
0.1876171875,13.4674899193549
0.18765625,14.4674899193549
0.1876953125,13.4674899193549
0.187734375,11.4674899193549
0.1877734375,9.46748991935488
0.1878125,7.46748991935488
0.1878515625,3.46748991935488
0.187890625,-3.53251008064512
0.1879296875,-10.5325100806451
0.18796875,-17.5325100806451
0.1880078125,-21.5325100806451
0.188046875,-22.5325100806451
0.1880859375,-22.5325100806451
0.188125,-17.5325100806451
0.1881640625,-12.5325100806451
0.188203125,-9.53251008064512
0.1882421875,-4.53251008064512
0.18828125,-1.53251008064512
0.1883203125,1.46748991935488
0.188359375,0.467489919354875
0.1883984375,-1.53251008064512
0.1884375,-3.53251008064512
0.1884765625,-7.53251008064512
0.188515625,-11.5325100806451
0.1885546875,-13.5325100806451
0.18859375,-11.5325100806451
0.1886328125,-11.5325100806451
0.188671875,-9.53251008064512
0.1887109375,-5.53251008064512
0.18875,0.467489919354875
0.1887890625,3.46748991935488
0.188828125,3.46748991935488
0.1888671875,3.46748991935488
0.18890625,4.46748991935488
0.1889453125,4.46748991935488
0.188984375,0.467489919354875
0.1890234375,-0.532510080645125
0.1890625,0.467489919354875
0.1891015625,2.46748991935488
0.189140625,2.46748991935488
0.1891796875,4.46748991935488
0.18921875,9.46748991935488
0.1892578125,12.4674899193549
0.189296875,13.4674899193549
0.1893359375,17.4674899193549
0.189375,19.4674899193549
0.1894140625,20.4674899193549
0.189453125,22.4674899193549
0.1894921875,22.4674899193549
0.18953125,20.4674899193549
0.1895703125,15.4674899193549
0.189609375,6.46748991935488
0.1896484375,-3.53251008064512
0.1896875,-10.5325100806451
0.1897265625,-13.5325100806451
0.189765625,-13.5325100806451
0.1898046875,-9.53251008064512
0.18984375,-6.53251008064512
0.1898828125,-2.53251008064512
0.189921875,0.467489919354875
0.1899609375,-0.532510080645125
0.19,0.467489919354875
0.1900390625,0.467489919354875
0.190078125,3.46748991935488
0.1901171875,3.46748991935488
0.19015625,7.46748991935488
0.1901953125,6.46748991935488
0.190234375,4.46748991935488
0.1902734375,-0.532510080645125
0.1903125,-6.53251008064512
0.1903515625,-9.53251008064512
0.190390625,-14.5325100806451
0.1904296875,-15.5325100806451
0.19046875,-14.5325100806451
0.1905078125,-11.5325100806451
0.190546875,-6.53251008064512
0.1905859375,-2.53251008064512
0.190625,-0.532510080645125
0.1906640625,2.46748991935488
0.190703125,3.46748991935488
0.1907421875,6.46748991935488
0.19078125,9.46748991935488
0.1908203125,11.4674899193549
0.190859375,12.4674899193549
0.1908984375,11.4674899193549
0.1909375,6.46748991935488
0.1909765625,4.46748991935488
0.191015625,5.46748991935488
0.1910546875,10.4674899193549
0.19109375,15.4674899193549
0.1911328125,18.4674899193549
0.191171875,16.4674899193549
0.1912109375,9.46748991935488
0.19125,-1.53251008064512
0.1912890625,-11.5325100806451
0.191328125,-18.5325100806451
0.1913671875,-21.5325100806451
0.19140625,-21.5325100806451
0.1914453125,-19.5325100806451
0.191484375,-16.5325100806451
0.1915234375,-10.5325100806451
0.1915625,-8.53251008064512
0.1916015625,-8.53251008064512
0.191640625,-10.5325100806451
0.1916796875,-9.53251008064512
0.19171875,-6.53251008064512
0.1917578125,-1.53251008064512
0.191796875,5.46748991935488
0.1918359375,12.4674899193549
0.191875,15.4674899193549
0.1919140625,12.4674899193549
0.191953125,9.46748991935488
0.1919921875,8.46748991935488
0.19203125,6.46748991935488
0.1920703125,4.46748991935488
0.192109375,1.46748991935488
0.1921484375,-3.53251008064512
0.1921875,-8.53251008064512
0.1922265625,-10.5325100806451
0.192265625,-8.53251008064512
0.1923046875,-3.53251008064512
0.19234375,4.46748991935488
0.1923828125,7.46748991935488
0.192421875,7.46748991935488
0.1924609375,5.46748991935488
0.1925,2.46748991935488
0.1925390625,-0.532510080645125
0.192578125,-5.53251008064512
0.1926171875,-12.5325100806451
0.19265625,-19.5325100806451
0.1926953125,-23.5325100806451
0.192734375,-25.5325100806451
0.1927734375,-25.5325100806451
0.1928125,-21.5325100806451
0.1928515625,-20.5325100806451
0.192890625,-22.5325100806451
0.1929296875,-22.5325100806451
0.19296875,-23.5325100806451
0.1930078125,-23.5325100806451
0.193046875,-22.5325100806451
0.1930859375,-22.5325100806451
0.193125,-24.5325100806451
0.1931640625,-28.5325100806451
0.193203125,-37.5325100806451
0.1932421875,-46.5325100806451
0.19328125,-59.5325100806451
0.1933203125,-77.5325100806451
0.193359375,-93.5325100806451
0.1933984375,-102.532510080645
0.1934375,-105.532510080645
0.1934765625,-103.532510080645
0.193515625,-93.5325100806451
0.1935546875,-77.5325100806451
0.19359375,-53.5325100806451
0.1936328125,-25.5325100806451
0.193671875,8.46748991935488
0.1937109375,46.4674899193549
0.19375,87.4674899193549
0.1937890625,108.467489919355
0.193828125,115.467489919355
0.1938671875,121.467489919355
0.19390625,140.467489919355
0.1939453125,168.467489919355
0.193984375,199.467489919355
0.1940234375,228.467489919355
0.1940625,248.467489919355
0.1941015625,256.467489919355
0.194140625,259.467489919355
0.1941796875,251.467489919355
0.19421875,237.467489919355
0.1942578125,216.467489919355
0.194296875,184.467489919355
0.1943359375,153.467489919355
0.194375,124.467489919355
0.1944140625,87.4674899193549
0.194453125,47.4674899193549
0.1944921875,10.4674899193549
0.19453125,-21.5325100806451
0.1945703125,-53.5325100806451
0.194609375,-83.5325100806451
0.1946484375,-104.532510080645
0.1946875,-121.532510080645
0.1947265625,-130.532510080645
0.194765625,-132.532510080645
0.1948046875,-134.532510080645
0.19484375,-140.532510080645
0.1948828125,-140.532510080645
0.194921875,-127.532510080645
0.1949609375,-111.532510080645
0.195,-97.5325100806451
0.1950390625,-91.5325100806451
0.195078125,-82.5325100806451
0.1951171875,-69.5325100806451
0.19515625,-56.5325100806451
0.1951953125,-49.5325100806451
0.195234375,-50.5325100806451
0.1952734375,-54.5325100806451
0.1953125,-61.5325100806451
0.1953515625,-74.5325100806451
0.195390625,-86.5325100806451
0.1954296875,-98.5325100806451
0.19546875,-115.532510080645
0.1955078125,-134.532510080645
0.195546875,-146.532510080645
0.1955859375,-150.532510080645
0.195625,-145.532510080645
0.1956640625,-131.532510080645
0.195703125,-115.532510080645
0.1957421875,-100.532510080645
0.19578125,-88.5325100806451
0.1958203125,-79.5325100806451
0.195859375,-69.5325100806451
0.1958984375,-59.5325100806451
0.1959375,-52.5325100806451
0.1959765625,-48.5325100806451
0.196015625,-45.5325100806451
0.1960546875,-40.5325100806451
0.19609375,-35.5325100806451
0.1961328125,-29.5325100806451
0.196171875,-25.5325100806451
0.1962109375,-18.5325100806451
0.19625,-8.53251008064512
0.1962890625,3.46748991935488
0.196328125,18.4674899193549
0.1963671875,33.4674899193549
0.19640625,51.4674899193549
0.1964453125,65.4674899193549
0.196484375,74.4674899193549
0.1965234375,82.4674899193549
0.1965625,91.4674899193549
0.1966015625,103.467489919355
0.196640625,62.4674899193549
0.1966796875,8.46748991935488
0.19671875,-13.5325100806451
0.1967578125,6.46748991935488
0.196796875,29.4674899193549
0.1968359375,56.4674899193549
0.196875,92.4674899193549
0.1969140625,118.467489919355
0.196953125,135.467489919355
0.1969921875,159.467489919355
0.19703125,197.467489919355
0.1970703125,232.467489919355
0.197109375,254.467489919355
0.1971484375,268.467489919355
0.1971875,277.467489919355
0.1972265625,281.467489919355
0.197265625,269.467489919355
0.1973046875,244.467489919355
0.19734375,218.467489919355
0.1973828125,180.467489919355
0.197421875,134.467489919355
0.1974609375,91.4674899193549
0.1975,47.4674899193549
0.1975390625,7.46748991935488
0.197578125,-24.5325100806451
0.1976171875,-52.5325100806451
0.19765625,-81.5325100806451
0.1976953125,-103.532510080645
0.197734375,-111.532510080645
0.1977734375,-114.532510080645
0.1978125,-121.532510080645
0.1978515625,-131.532510080645
0.197890625,-142.532510080645
0.1979296875,-140.532510080645
0.19796875,-121.532510080645
0.1980078125,-100.532510080645
0.198046875,-84.5325100806451
0.1980859375,-75.5325100806451
0.198125,-70.5325100806451
0.1981640625,-67.5325100806451
0.198203125,-60.5325100806451
0.1982421875,-51.5325100806451
0.19828125,-46.5325100806451
0.1983203125,-55.5325100806451
0.198359375,-74.5325100806451
0.1983984375,-93.5325100806451
0.1984375,-105.532510080645
0.1984765625,-111.532510080645
0.198515625,-111.532510080645
0.1985546875,-109.532510080645
0.19859375,-103.532510080645
0.1986328125,-95.5325100806451
0.198671875,-78.5325100806451
0.1987109375,-56.5325100806451
0.19875,-34.5325100806451
0.1987890625,-12.5325100806451
0.198828125,9.46748991935488
0.1988671875,27.4674899193549
0.19890625,42.4674899193549
0.1989453125,52.4674899193549
0.198984375,54.4674899193549
0.1990234375,50.4674899193549
0.1990625,40.4674899193549
0.1991015625,25.4674899193549
0.199140625,11.4674899193549
0.1991796875,-5.53251008064512
0.19921875,-20.5325100806451
0.1992578125,-34.5325100806451
0.199296875,-43.5325100806451
0.1993359375,-51.5325100806451
0.199375,-56.5325100806451
0.1994140625,-58.5325100806451
0.199453125,-56.5325100806451
0.1994921875,-47.5325100806451
0.19953125,-34.5325100806451
0.1995703125,-22.5325100806451
0.199609375,-11.5325100806451
0.1996484375,-1.53251008064512
0.1996875,6.46748991935488
0.1997265625,11.4674899193549
0.199765625,17.4674899193549
0.1998046875,24.4674899193549
0.19984375,28.4674899193549
0.1998828125,30.4674899193549
0.199921875,27.4674899193549
0.1999609375,22.4674899193549
0.2,15.4674899193549
0.2000390625,8.46748991935488
0.200078125,-2.53251008064512
0.2001171875,-11.5325100806451
0.20015625,-14.5325100806451
0.2001953125,-10.5325100806451
0.200234375,-1.53251008064512
0.2002734375,8.46748991935488
0.2003125,18.4674899193549
0.2003515625,29.4674899193549
0.200390625,42.4674899193549
0.2004296875,53.4674899193549
0.20046875,64.4674899193549
0.2005078125,74.4674899193549
0.200546875,79.4674899193549
0.2005859375,80.4674899193549
0.200625,75.4674899193549
0.2006640625,66.4674899193549
0.200703125,51.4674899193549
0.2007421875,32.4674899193549
0.20078125,15.4674899193549
0.2008203125,4.46748991935488
0.200859375,-3.53251008064512
0.2008984375,-10.5325100806451
0.2009375,-14.5325100806451
0.2009765625,-17.5325100806451
0.201015625,-17.5325100806451
0.2010546875,-15.5325100806451
0.20109375,-7.53251008064512
0.2011328125,3.46748991935488
0.201171875,15.4674899193549
0.2012109375,23.4674899193549
0.20125,31.4674899193549
0.2012890625,38.4674899193549
0.201328125,37.4674899193549
0.2013671875,33.4674899193549
0.20140625,28.4674899193549
0.2014453125,23.4674899193549
0.201484375,22.4674899193549
0.2015234375,24.4674899193549
0.2015625,25.4674899193549
0.2016015625,26.4674899193549
0.201640625,25.4674899193549
0.2016796875,23.4674899193549
0.20171875,20.4674899193549
0.2017578125,16.4674899193549
0.201796875,15.4674899193549
0.2018359375,13.4674899193549
0.201875,8.46748991935488
0.2019140625,1.46748991935488
0.201953125,-5.53251008064512
0.2019921875,-13.5325100806451
0.20203125,-23.5325100806451
0.2020703125,-32.5325100806451
0.202109375,-39.5325100806451
0.2021484375,-43.5325100806451
0.2021875,-45.5325100806451
0.2022265625,-46.5325100806451
0.202265625,-44.5325100806451
0.2023046875,-42.5325100806451
0.20234375,-39.5325100806451
0.2023828125,-31.5325100806451
0.202421875,-21.5325100806451
0.2024609375,-15.5325100806451
0.2025,-13.5325100806451
0.2025390625,-15.5325100806451
0.202578125,-19.5325100806451
0.2026171875,-20.5325100806451
0.20265625,-19.5325100806451
0.2026953125,-14.5325100806451
0.202734375,-6.53251008064512
0.2027734375,3.46748991935488
0.2028125,10.4674899193549
0.2028515625,16.4674899193549
0.202890625,19.4674899193549
0.2029296875,20.4674899193549
0.20296875,18.4674899193549
0.2030078125,17.4674899193549
0.203046875,14.4674899193549
0.2030859375,10.4674899193549
0.203125,6.46748991935488
0.2031640625,4.46748991935488
0.203203125,1.46748991935488
0.2032421875,-0.532510080645125
0.20328125,-1.53251008064512
0.2033203125,-4.53251008064512
0.203359375,-5.53251008064512
0.2033984375,-3.53251008064512
0.2034375,-2.53251008064512
0.2034765625,-0.532510080645125
0.203515625,-0.532510080645125
0.2035546875,-0.532510080645125
0.20359375,-3.53251008064512
0.2036328125,-5.53251008064512
0.203671875,-5.53251008064512
0.2037109375,-5.53251008064512
0.20375,-6.53251008064512
0.2037890625,-9.53251008064512
0.203828125,-14.5325100806451
0.2038671875,-21.5325100806451
0.20390625,-27.5325100806451
0.2039453125,-32.5325100806451
0.203984375,-36.5325100806451
0.2040234375,-36.5325100806451
0.2040625,-32.5325100806451
0.2041015625,-28.5325100806451
0.204140625,-25.5325100806451
0.2041796875,-22.5325100806451
0.20421875,-20.5325100806451
0.2042578125,-20.5325100806451
0.204296875,-19.5325100806451
0.2043359375,-16.5325100806451
0.204375,-12.5325100806451
0.2044140625,-11.5325100806451
0.204453125,-9.53251008064512
0.2044921875,-3.53251008064512
0.20453125,3.46748991935488
0.2045703125,12.4674899193549
0.204609375,14.4674899193549
0.2046484375,15.4674899193549
0.2046875,14.4674899193549
0.2047265625,14.4674899193549
0.204765625,14.4674899193549
0.2048046875,15.4674899193549
0.20484375,19.4674899193549
0.2048828125,22.4674899193549
0.204921875,23.4674899193549
0.2049609375,22.4674899193549
0.205,21.4674899193549
0.2050390625,23.4674899193549
0.205078125,25.4674899193549
0.2051171875,24.4674899193549
0.20515625,21.4674899193549
0.2051953125,16.4674899193549
0.205234375,10.4674899193549
0.2052734375,3.46748991935488
0.2053125,-1.53251008064512
0.2053515625,-2.53251008064512
0.205390625,-2.53251008064512
0.2054296875,-1.53251008064512
0.20546875,-0.532510080645125
0.2055078125,2.46748991935488
0.205546875,3.46748991935488
0.2055859375,3.46748991935488
0.205625,3.46748991935488
0.2056640625,4.46748991935488
0.205703125,3.46748991935488
0.2057421875,1.46748991935488
0.20578125,-0.532510080645125
0.2058203125,1.46748991935488
0.205859375,1.46748991935488
0.2058984375,1.46748991935488
0.2059375,-0.532510080645125
0.2059765625,0.467489919354875
0.206015625,1.46748991935488
0.2060546875,7.46748991935488
0.20609375,12.4674899193549
0.2061328125,15.4674899193549
0.206171875,19.4674899193549
0.2062109375,20.4674899193549
0.20625,21.4674899193549
0.2062890625,23.4674899193549
0.206328125,25.4674899193549
0.2063671875,30.4674899193549
0.20640625,36.4674899193549
0.2064453125,37.4674899193549
0.206484375,36.4674899193549
0.2065234375,33.4674899193549
0.2065625,25.4674899193549
0.2066015625,16.4674899193549
0.206640625,10.4674899193549
0.2066796875,4.46748991935488
0.20671875,-0.532510080645125
0.2067578125,-6.53251008064512
0.206796875,-10.5325100806451
0.2068359375,-14.5325100806451
0.206875,-17.5325100806451
0.2069140625,-22.5325100806451
0.206953125,-24.5325100806451
0.2069921875,-25.5325100806451
0.20703125,-26.5325100806451
0.2070703125,-25.5325100806451
0.207109375,-23.5325100806451
0.2071484375,-21.5325100806451
0.2071875,-21.5325100806451
0.2072265625,-21.5325100806451
0.207265625,-20.5325100806451
0.2073046875,-17.5325100806451
0.20734375,-12.5325100806451
0.2073828125,-8.53251008064512
0.207421875,-6.53251008064512
0.2074609375,-5.53251008064512
0.2075,-6.53251008064512
0.2075390625,-8.53251008064512
0.207578125,-10.5325100806451
0.2076171875,-12.5325100806451
0.20765625,-17.5325100806451
0.2076953125,-20.5325100806451
0.207734375,-20.5325100806451
0.2077734375,-16.5325100806451
0.2078125,-12.5325100806451
0.2078515625,-9.53251008064512
0.207890625,-6.53251008064512
0.2079296875,-3.53251008064512
0.20796875,0.467489919354875
0.2080078125,4.46748991935488
0.208046875,11.4674899193549
0.2080859375,16.4674899193549
0.208125,18.4674899193549
0.2081640625,17.4674899193549
0.208203125,12.4674899193549
0.2082421875,6.46748991935488
0.20828125,2.46748991935488
0.2083203125,-1.53251008064512
0.208359375,-5.53251008064512
0.2083984375,-11.5325100806451
0.2084375,-15.5325100806451
0.2084765625,-18.5325100806451
0.208515625,-16.5325100806451
0.2085546875,-15.5325100806451
0.20859375,-9.53251008064512
0.2086328125,-5.53251008064512
0.208671875,2.46748991935488
0.2087109375,9.46748991935488
0.20875,18.4674899193549
0.2087890625,24.4674899193549
0.208828125,21.4674899193549
0.2088671875,14.4674899193549
0.20890625,4.46748991935488
0.2089453125,-5.53251008064512
0.208984375,-12.5325100806451
0.2090234375,-42.5325100806451
0.2090625,-116.532510080645
0.2091015625,-178.532510080645
0.209140625,-183.532510080645
0.2091796875,-135.532510080645
0.20921875,-60.5325100806451
0.2092578125,12.4674899193549
0.209296875,50.4674899193549
0.2093359375,58.4674899193549
0.209375,55.4674899193549
0.2094140625,38.4674899193549
0.209453125,-3.53251008064512
0.2094921875,-72.5325100806451
0.20953125,-156.532510080645
0.2095703125,-229.532510080645
0.209609375,-270.532510080645
0.2096484375,-262.532510080645
0.2096875,-215.532510080645
0.2097265625,-166.532510080645
0.209765625,-129.532510080645
0.2098046875,-92.5325100806451
0.20984375,-51.5325100806451
0.2098828125,-0.532510080645125
0.209921875,57.4674899193549
0.2099609375,115.467489919355
0.21,169.467489919355
0.2100390625,213.467489919355
0.210078125,258.467489919355
0.2101171875,312.467489919355
0.21015625,371.467489919355
0.2101953125,420.467489919355
0.210234375,449.467489919355
0.2102734375,458.467489919355
0.2103125,450.467489919355
0.2103515625,443.467489919355
0.210390625,439.467489919355
0.2104296875,421.467489919355
0.21046875,386.467489919355
0.2105078125,337.467489919355
0.210546875,278.467489919355
0.2105859375,214.467489919355
0.210625,139.467489919355
0.2106640625,50.4674899193549
0.210703125,-40.5325100806451
0.2107421875,-120.532510080645
0.21078125,-175.532510080645
0.2108203125,-205.532510080645
0.210859375,-216.532510080645
0.2108984375,-224.532510080645
0.2109375,-235.532510080645
0.2109765625,-239.532510080645
0.211015625,-238.532510080645
0.2110546875,-235.532510080645
0.21109375,-242.532510080645
0.2111328125,-255.532510080645
0.211171875,-276.532510080645
0.2112109375,-300.532510080645
0.21125,-318.532510080645
0.2112890625,-332.532510080645
0.211328125,-335.532510080645
0.2113671875,-329.532510080645
0.21140625,-317.532510080645
0.2114453125,-301.532510080645
0.211484375,-281.532510080645
0.2115234375,-248.532510080645
0.2115625,-204.532510080645
0.2116015625,-161.532510080645
0.211640625,-121.532510080645
0.2116796875,-84.5325100806451
0.21171875,-51.5325100806451
0.2117578125,-19.5325100806451
0.211796875,11.4674899193549
0.2118359375,41.4674899193549
0.211875,69.4674899193549
0.2119140625,92.4674899193549
0.211953125,111.467489919355
0.2119921875,125.467489919355
0.21203125,131.467489919355
0.2120703125,134.467489919355
0.212109375,132.467489919355
0.2121484375,125.467489919355
0.2121875,113.467489919355
0.2122265625,97.4674899193549
0.212265625,84.4674899193549
0.2123046875,70.4674899193549
0.21234375,56.4674899193549
0.2123828125,46.4674899193549
0.212421875,36.4674899193549
0.2124609375,31.4674899193549
0.2125,29.4674899193549
0.2125390625,32.4674899193549
0.212578125,36.4674899193549
0.2126171875,40.4674899193549
0.21265625,42.4674899193549
0.2126953125,41.4674899193549
0.212734375,42.4674899193549
0.2127734375,47.4674899193549
0.2128125,54.4674899193549
0.2128515625,59.4674899193549
0.212890625,57.4674899193549
0.2129296875,40.4674899193549
0.21296875,13.4674899193549
0.2130078125,-11.5325100806451
0.213046875,-23.5325100806451
0.2130859375,-22.5325100806451
0.213125,-13.5325100806451
0.2131640625,1.46748991935488
0.213203125,20.4674899193549
0.2132421875,41.4674899193549
0.21328125,69.4674899193549
0.2133203125,99.4674899193549
0.213359375,129.467489919355
0.2133984375,155.467489919355
0.2134375,176.467489919355
0.2134765625,186.467489919355
0.213515625,191.467489919355
0.2135546875,185.467489919355
0.21359375,147.467489919355
0.2136328125,109.467489919355
0.213671875,91.4674899193549
0.2137109375,71.4674899193549
0.21375,56.4674899193549
0.2137890625,47.4674899193549
0.213828125,32.4674899193549
0.2138671875,26.4674899193549
0.21390625,32.4674899193549
0.2139453125,32.4674899193549
0.213984375,33.4674899193549
0.2140234375,37.4674899193549
0.2140625,33.4674899193549
0.2141015625,22.4674899193549
0.214140625,4.46748991935488
0.2141796875,-16.5325100806451
0.21421875,-40.5325100806451
0.2142578125,-63.5325100806451
0.214296875,-88.5325100806451
0.2143359375,-114.532510080645
0.214375,-133.532510080645
0.2144140625,-146.532510080645
0.214453125,-153.532510080645
0.2144921875,-149.532510080645
0.21453125,-140.532510080645
0.2145703125,-135.532510080645
0.214609375,-128.532510080645
0.2146484375,-118.532510080645
0.2146875,-110.532510080645
0.2147265625,-106.532510080645
0.214765625,-104.532510080645
0.2148046875,-100.532510080645
0.21484375,-91.5325100806451
0.2148828125,-80.5325100806451
0.214921875,-74.5325100806451
0.2149609375,-67.5325100806451
0.215,-62.5325100806451
0.2150390625,-57.5325100806451
0.215078125,-53.5325100806451
0.2151171875,-41.5325100806451
0.21515625,-33.5325100806451
0.2151953125,-27.5325100806451
0.215234375,-21.5325100806451
0.2152734375,-15.5325100806451
0.2153125,-9.53251008064512
0.2153515625,-9.53251008064512
0.215390625,-11.5325100806451
0.2154296875,-12.5325100806451
0.21546875,-17.5325100806451
0.2155078125,-23.5325100806451
0.215546875,-17.5325100806451
0.2155859375,-15.5325100806451
0.215625,-10.5325100806451
0.2156640625,-0.532510080645125
0.215703125,5.46748991935488
0.2157421875,12.4674899193549
0.21578125,19.4674899193549
0.2158203125,20.4674899193549
0.215859375,16.4674899193549
0.2158984375,7.46748991935488
0.2159375,0.467489919354875
0.2159765625,-8.53251008064512
0.216015625,-11.5325100806451
0.2160546875,-8.53251008064512
0.21609375,-6.53251008064512
0.2161328125,4.46748991935488
0.216171875,20.4674899193549
0.2162109375,29.4674899193549
0.21625,41.4674899193549
0.2162890625,51.4674899193549
0.216328125,54.4674899193549
0.2163671875,52.4674899193549
0.21640625,52.4674899193549
0.2164453125,47.4674899193549
0.216484375,43.4674899193549
0.2165234375,43.4674899193549
0.2165625,42.4674899193549
0.2166015625,41.4674899193549
0.216640625,40.4674899193549
0.2166796875,36.4674899193549
0.21671875,33.4674899193549
0.2167578125,33.4674899193549
0.216796875,33.4674899193549
0.2168359375,36.4674899193549
0.216875,42.4674899193549
0.2169140625,43.4674899193549
0.216953125,43.4674899193549
0.2169921875,42.4674899193549
0.21703125,38.4674899193549
0.2170703125,38.4674899193549
0.217109375,39.4674899193549
0.2171484375,39.4674899193549
0.2171875,39.4674899193549
0.2172265625,38.4674899193549
0.217265625,35.4674899193549
0.2173046875,32.4674899193549
0.21734375,34.4674899193549
0.2173828125,31.4674899193549
0.217421875,27.4674899193549
0.2174609375,23.4674899193549
0.2175,18.4674899193549
0.2175390625,13.4674899193549
0.217578125,7.46748991935488
0.2176171875,1.46748991935488
0.21765625,-4.53251008064512
0.2176953125,-8.53251008064512
0.217734375,-8.53251008064512
0.2177734375,-3.53251008064512
0.2178125,1.46748991935488
0.2178515625,5.46748991935488
0.217890625,8.46748991935488
0.2179296875,9.46748991935488
0.21796875,8.46748991935488
0.2180078125,3.46748991935488
0.218046875,-0.532510080645125
0.2180859375,-6.53251008064512
0.218125,-13.5325100806451
0.2181640625,-20.5325100806451
0.218203125,-26.5325100806451
0.2182421875,-32.5325100806451
0.21828125,-39.5325100806451
0.2183203125,-44.5325100806451
0.218359375,-44.5325100806451
0.2183984375,-42.5325100806451
0.2184375,-39.5325100806451
0.2184765625,-34.5325100806451
0.218515625,-33.5325100806451
0.2185546875,-35.5325100806451
0.21859375,-36.5325100806451
0.2186328125,-35.5325100806451
0.218671875,-34.5325100806451
0.2187109375,-37.5325100806451
0.21875,-43.5325100806451
0.2187890625,-50.5325100806451
0.218828125,-52.5325100806451
0.2188671875,-53.5325100806451
0.21890625,-53.5325100806451
0.2189453125,-53.5325100806451
0.218984375,-49.5325100806451
0.2190234375,-40.5325100806451
0.2190625,-26.5325100806451
0.2191015625,-11.5325100806451
0.219140625,2.46748991935488
0.2191796875,17.4674899193549
0.21921875,28.4674899193549
0.2192578125,36.4674899193549
0.219296875,44.4674899193549
0.2193359375,51.4674899193549
0.219375,58.4674899193549
0.2194140625,65.4674899193549
0.219453125,65.4674899193549
0.2194921875,63.4674899193549
0.21953125,59.4674899193549
0.2195703125,52.4674899193549
0.219609375,43.4674899193549
0.2196484375,34.4674899193549
0.2196875,29.4674899193549
0.2197265625,26.4674899193549
0.219765625,24.4674899193549
0.2198046875,20.4674899193549
0.21984375,17.4674899193549
0.2198828125,12.4674899193549
0.219921875,6.46748991935488
0.2199609375,-1.53251008064512
0.22,-8.53251008064512
0.2200390625,-14.5325100806451
0.220078125,-19.5325100806451
0.2201171875,-26.5325100806451
0.22015625,-31.5325100806451
0.2201953125,-35.5325100806451
0.220234375,-39.5325100806451
0.2202734375,-41.5325100806451
0.2203125,-40.5325100806451
0.2203515625,-36.5325100806451
0.220390625,-33.5325100806451
0.2204296875,-29.5325100806451
0.22046875,-23.5325100806451
0.2205078125,-20.5325100806451
0.220546875,-22.5325100806451
0.2205859375,-26.5325100806451
0.220625,-28.5325100806451
0.2206640625,-29.5325100806451
0.220703125,-29.5325100806451
0.2207421875,-30.5325100806451
0.22078125,-31.5325100806451
0.2208203125,-30.5325100806451
0.220859375,-28.5325100806451
0.2208984375,-24.5325100806451
0.2209375,-17.5325100806451
0.2209765625,-9.53251008064512
0.221015625,-3.53251008064512
0.2210546875,3.46748991935488
0.22109375,7.46748991935488
0.2211328125,8.46748991935488
0.221171875,10.4674899193549
0.2212109375,10.4674899193549
0.22125,8.46748991935488
0.2212890625,8.46748991935488
0.221328125,9.46748991935488
0.2213671875,13.4674899193549
0.22140625,20.4674899193549
0.2214453125,25.4674899193549
0.221484375,27.4674899193549
0.2215234375,26.4674899193549
0.2215625,24.4674899193549
0.2216015625,20.4674899193549
0.221640625,17.4674899193549
0.2216796875,14.4674899193549
0.22171875,11.4674899193549
0.2217578125,8.46748991935488
0.221796875,5.46748991935488
0.2218359375,0.467489919354875
0.221875,-3.53251008064512
0.2219140625,-3.53251008064512
0.221953125,2.46748991935488
0.2219921875,12.4674899193549
0.22203125,24.4674899193549
0.2220703125,34.4674899193549
0.222109375,39.4674899193549
0.2221484375,41.4674899193549
0.2221875,38.4674899193549
0.2222265625,30.4674899193549
0.222265625,21.4674899193549
0.2223046875,12.4674899193549
0.22234375,6.46748991935488
0.2223828125,3.46748991935488
0.222421875,4.46748991935488
0.2224609375,6.46748991935488
0.2225,10.4674899193549
0.2225390625,14.4674899193549
0.222578125,21.4674899193549
0.2226171875,27.4674899193549
0.22265625,35.4674899193549
0.2226953125,42.4674899193549
0.222734375,43.4674899193549
0.2227734375,38.4674899193549
0.2228125,31.4674899193549
0.2228515625,20.4674899193549
0.222890625,10.4674899193549
0.2229296875,1.46748991935488
0.22296875,-6.53251008064512
0.2230078125,-12.5325100806451
0.223046875,-20.5325100806451
0.2230859375,-24.5325100806451
0.223125,-27.5325100806451
0.2231640625,-30.5325100806451
0.223203125,-29.5325100806451
0.2232421875,-26.5325100806451
0.22328125,-20.5325100806451
0.2233203125,-14.5325100806451
0.223359375,-6.53251008064512
0.2233984375,0.467489919354875
0.2234375,5.46748991935488
0.2234765625,6.46748991935488
0.223515625,6.46748991935488
0.2235546875,4.46748991935488
0.22359375,1.46748991935488
0.2236328125,-0.532510080645125
0.223671875,-1.53251008064512
0.2237109375,-5.53251008064512
0.22375,-6.53251008064512
0.2237890625,-10.5325100806451
0.223828125,-16.5325100806451
0.2238671875,-19.5325100806451
0.22390625,-22.5325100806451
0.2239453125,-22.5325100806451
0.223984375,-25.5325100806451
0.2240234375,-28.5325100806451
0.2240625,-31.5325100806451
0.2241015625,-35.5325100806451
0.224140625,-38.5325100806451
0.2241796875,-39.5325100806451
0.22421875,-39.5325100806451
0.2242578125,-36.5325100806451
0.224296875,-33.5325100806451
0.2243359375,-30.5325100806451
0.224375,-29.5325100806451
0.2244140625,-26.5325100806451
0.224453125,-26.5325100806451
0.2244921875,-24.5325100806451
0.22453125,-21.5325100806451
0.2245703125,-15.5325100806451
0.224609375,-6.53251008064512
0.2246484375,2.46748991935488
0.2246875,8.46748991935488
0.2247265625,11.4674899193549
0.224765625,10.4674899193549
0.2248046875,7.46748991935488
0.22484375,5.46748991935488
0.2248828125,3.46748991935488
0.224921875,3.46748991935488
0.2249609375,3.46748991935488
0.225,4.46748991935488
0.2250390625,4.46748991935488
0.225078125,3.46748991935488
0.2251171875,0.467489919354875
0.22515625,-0.532510080645125
0.2251953125,1.46748991935488
0.225234375,3.46748991935488
0.2252734375,5.46748991935488
0.2253125,4.46748991935488
0.2253515625,2.46748991935488
0.225390625,-0.532510080645125
0.2254296875,-4.53251008064512
0.22546875,-5.53251008064512
0.2255078125,-5.53251008064512
0.225546875,-4.53251008064512
0.2255859375,-2.53251008064512
0.225625,-1.53251008064512
0.2256640625,0.467489919354875
0.225703125,3.46748991935488
0.2257421875,5.46748991935488
0.22578125,15.4674899193549
0.2258203125,6.46748991935488
0.225859375,-47.5325100806451
0.2258984375,-109.532510080645
0.2259375,-138.532510080645
0.2259765625,-131.532510080645
0.226015625,-86.5325100806451
0.2260546875,-37.5325100806451
0.22609375,-5.53251008064512
0.2261328125,7.46748991935488
0.226171875,-5.53251008064512
0.2262109375,-34.5325100806451
0.22625,-67.5325100806451
0.2262890625,-110.532510080645
0.226328125,-148.532510080645
0.2263671875,-168.532510080645
0.22640625,-174.532510080645
0.2264453125,-169.532510080645
0.226484375,-154.532510080645
0.2265234375,-138.532510080645
0.2265625,-114.532510080645
0.2266015625,-79.5325100806451
0.226640625,-30.5325100806451
0.2266796875,31.4674899193549
0.22671875,103.467489919355
0.2267578125,183.467489919355
0.226796875,269.467489919355
0.2268359375,350.467489919355
0.226875,424.467489919355
0.2269140625,481.467489919355
0.226953125,486.467489919355
0.2269921875,486.467489919355
0.22703125,486.467489919355
0.2270703125,486.467489919355
0.227109375,476.467489919355
0.2271484375,450.467489919355
0.2271875,410.467489919355
0.2272265625,362.467489919355
0.227265625,301.467489919355
0.2273046875,225.467489919355
0.22734375,141.467489919355
0.2273828125,49.4674899193549
0.227421875,-35.5325100806451
0.2274609375,-98.5325100806451
0.2275,-140.532510080645
0.2275390625,-163.532510080645
0.227578125,-174.532510080645
0.2276171875,-184.532510080645
0.22765625,-199.532510080645
0.2276953125,-223.532510080645
0.227734375,-257.532510080645
0.2277734375,-290.532510080645
0.2278125,-317.532510080645
0.2278515625,-335.532510080645
0.227890625,-336.532510080645
0.2279296875,-328.532510080645
0.22796875,-323.532510080645
0.2280078125,-318.532510080645
0.228046875,-310.532510080645
0.2280859375,-297.532510080645
0.228125,-275.532510080645
0.2281640625,-247.532510080645
0.228203125,-221.532510080645
0.2282421875,-197.532510080645
0.22828125,-177.532510080645
0.2283203125,-157.532510080645
0.228359375,-129.532510080645
0.2283984375,-99.5325100806451
0.2284375,-65.5325100806451
0.2284765625,-37.5325100806451
0.228515625,-14.5325100806451
0.2285546875,5.46748991935488
0.22859375,23.4674899193549
0.2286328125,37.4674899193549
0.228671875,46.4674899193549
0.2287109375,47.4674899193549
0.22875,43.4674899193549
0.2287890625,37.4674899193549
0.228828125,28.4674899193549
0.2288671875,17.4674899193549
0.22890625,3.46748991935488
0.2289453125,-11.5325100806451
0.228984375,-23.5325100806451
0.2290234375,-32.5325100806451
0.2290625,-35.5325100806451
0.2291015625,-34.5325100806451
0.229140625,-25.5325100806451
0.2291796875,-7.53251008064512
0.22921875,11.4674899193549
0.2292578125,33.4674899193549
0.229296875,56.4674899193549
0.2293359375,73.4674899193549
0.229375,82.4674899193549
0.2294140625,77.4674899193549
0.229453125,61.4674899193549
0.2294921875,46.4674899193549
0.22953125,40.4674899193549
0.2295703125,41.4674899193549
0.229609375,55.4674899193549
0.2296484375,72.4674899193549
0.2296875,87.4674899193549
0.2297265625,102.467489919355
0.229765625,115.467489919355
0.2298046875,127.467489919355
0.22984375,138.467489919355
0.2298828125,155.467489919355
0.229921875,173.467489919355
0.2299609375,189.467489919355
0.23,202.467489919355
0.2300390625,212.467489919355
0.230078125,222.467489919355
0.2301171875,211.467489919355
0.23015625,169.467489919355
0.2301953125,131.467489919355
0.230234375,110.467489919355
0.2302734375,91.4674899193549
0.2303125,84.4674899193549
0.2303515625,82.4674899193549
0.230390625,78.4674899193549
0.2304296875,76.4674899193549
0.23046875,75.4674899193549
0.2305078125,78.4674899193549
0.230546875,82.4674899193549
0.2305859375,72.4674899193549
0.230625,53.4674899193549
0.2306640625,29.4674899193549
0.230703125,0.467489919354875
0.2307421875,-28.5325100806451
0.23078125,-56.5325100806451
0.2308203125,-84.5325100806451
0.230859375,-109.532510080645
0.2308984375,-131.532510080645
0.2309375,-150.532510080645
0.2309765625,-171.532510080645
0.231015625,-189.532510080645
0.2310546875,-203.532510080645
0.23109375,-209.532510080645
0.2311328125,-211.532510080645
0.231171875,-211.532510080645
0.2312109375,-209.532510080645
0.23125,-199.532510080645
0.2312890625,-184.532510080645
0.231328125,-165.532510080645
0.2313671875,-140.532510080645
0.23140625,-110.532510080645
0.2314453125,-77.5325100806451
0.231484375,-39.5325100806451
0.2315234375,1.46748991935488
0.2315625,36.4674899193549
0.2316015625,57.4674899193549
0.231640625,62.4674899193549
0.2316796875,61.4674899193549
0.23171875,59.4674899193549
0.2317578125,59.4674899193549
0.231796875,59.4674899193549
0.2318359375,54.4674899193549
0.231875,46.4674899193549
0.2319140625,32.4674899193549
0.231953125,18.4674899193549
0.2319921875,4.46748991935488
0.23203125,-9.53251008064512
0.2320703125,-15.5325100806451
0.232109375,-15.5325100806451
0.2321484375,-15.5325100806451
0.2321875,-14.5325100806451
0.2322265625,-12.5325100806451
0.232265625,-12.5325100806451
0.2323046875,-14.5325100806451
0.23234375,-15.5325100806451
0.2323828125,-15.5325100806451
0.232421875,-15.5325100806451
0.2324609375,-18.5325100806451
0.2325,-23.5325100806451
0.2325390625,-30.5325100806451
0.232578125,-40.5325100806451
0.2326171875,-47.5325100806451
0.23265625,-48.5325100806451
0.2326953125,-44.5325100806451
0.232734375,-39.5325100806451
0.2327734375,-30.5325100806451
0.2328125,-21.5325100806451
0.2328515625,-11.5325100806451
0.232890625,1.46748991935488
0.2329296875,12.4674899193549
0.23296875,21.4674899193549
0.2330078125,29.4674899193549
0.233046875,38.4674899193549
0.2330859375,44.4674899193549
0.233125,47.4674899193549
0.2331640625,49.4674899193549
0.233203125,48.4674899193549
0.2332421875,45.4674899193549
0.23328125,42.4674899193549
0.2333203125,37.4674899193549
0.233359375,33.4674899193549
0.2333984375,32.4674899193549
0.2334375,29.4674899193549
0.2334765625,26.4674899193549
0.233515625,27.4674899193549
0.2335546875,24.4674899193549
0.23359375,19.4674899193549
0.2336328125,16.4674899193549
0.233671875,16.4674899193549
0.2337109375,19.4674899193549
0.23375,23.4674899193549
0.2337890625,28.4674899193549
0.233828125,37.4674899193549
0.2338671875,45.4674899193549
0.23390625,51.4674899193549
0.2339453125,55.4674899193549
0.233984375,58.4674899193549
0.2340234375,59.4674899193549
0.2340625,57.4674899193549
0.2341015625,54.4674899193549
0.234140625,49.4674899193549
0.2341796875,41.4674899193549
0.23421875,32.4674899193549
0.2342578125,18.4674899193549
0.234296875,6.46748991935488
0.2343359375,-5.53251008064512
0.234375,-11.5325100806451
0.2344140625,-17.5325100806451
0.234453125,-22.5325100806451
0.2344921875,-26.5325100806451
0.23453125,-29.5325100806451
0.2345703125,-29.5325100806451
0.234609375,-29.5325100806451
0.2346484375,-27.5325100806451
0.2346875,-22.5325100806451
0.2347265625,-15.5325100806451
0.234765625,-8.53251008064512
0.2348046875,-2.53251008064512
0.23484375,0.467489919354875
0.2348828125,-0.532510080645125
0.234921875,-0.532510080645125
0.2349609375,-1.53251008064512
0.235,-0.532510080645125
0.2350390625,-1.53251008064512
0.235078125,-3.53251008064512
0.2351171875,-5.53251008064512
0.23515625,-8.53251008064512
0.2351953125,-14.5325100806451
0.235234375,-18.5325100806451
0.2352734375,-22.5325100806451
0.2353125,-23.5325100806451
0.2353515625,-26.5325100806451
0.235390625,-28.5325100806451
0.2354296875,-32.5325100806451
0.23546875,-37.5325100806451
0.2355078125,-43.5325100806451
0.235546875,-51.5325100806451
0.2355859375,-57.5325100806451
0.235625,-58.5325100806451
0.2356640625,-55.5325100806451
0.235703125,-48.5325100806451
0.2357421875,-39.5325100806451
0.23578125,-30.5325100806451
0.2358203125,-19.5325100806451
0.235859375,-10.5325100806451
0.2358984375,-2.53251008064512
0.2359375,4.46748991935488
0.2359765625,11.4674899193549
0.236015625,21.4674899193549
0.2360546875,28.4674899193549
0.23609375,36.4674899193549
0.2361328125,43.4674899193549
0.236171875,49.4674899193549
0.2362109375,52.4674899193549
0.23625,55.4674899193549
0.2362890625,62.4674899193549
0.236328125,69.4674899193549
0.2363671875,73.4674899193549
0.23640625,74.4674899193549
0.2364453125,71.4674899193549
0.236484375,61.4674899193549
0.2365234375,48.4674899193549
0.2365625,34.4674899193549
0.2366015625,22.4674899193549
0.236640625,11.4674899193549
0.2366796875,2.46748991935488
0.23671875,-8.53251008064512
0.2367578125,-16.5325100806451
0.236796875,-23.5325100806451
0.2368359375,-32.5325100806451
0.236875,-39.5325100806451
0.2369140625,-42.5325100806451
0.236953125,-44.5325100806451
0.2369921875,-48.5325100806451
0.23703125,-55.5325100806451
0.2370703125,-64.5325100806451
0.237109375,-70.5325100806451
0.2371484375,-75.5325100806451
0.2371875,-77.5325100806451
0.2372265625,-73.5325100806451
0.237265625,-65.5325100806451
0.2373046875,-55.5325100806451
0.23734375,-47.5325100806451
0.2373828125,-38.5325100806451
0.237421875,-31.5325100806451
0.2374609375,-25.5325100806451
0.2375,-20.5325100806451
0.2375390625,-15.5325100806451
0.237578125,-10.5325100806451
0.2376171875,-7.53251008064512
0.23765625,-4.53251008064512
0.2376953125,-4.53251008064512
0.237734375,-3.53251008064512
0.2377734375,-4.53251008064512
0.2378125,-3.53251008064512
0.2378515625,-0.532510080645125
0.237890625,5.46748991935488
0.2379296875,17.4674899193549
0.23796875,29.4674899193549
0.2380078125,39.4674899193549
0.238046875,49.4674899193549
0.2380859375,58.4674899193549
0.238125,62.4674899193549
0.2381640625,64.4674899193549
0.238203125,62.4674899193549
0.2382421875,59.4674899193549
0.23828125,54.4674899193549
0.2383203125,46.4674899193549
0.238359375,39.4674899193549
0.2383984375,32.4674899193549
0.2384375,25.4674899193549
0.2384765625,18.4674899193549
0.238515625,12.4674899193549
0.2385546875,9.46748991935488
0.23859375,5.46748991935488
0.2386328125,2.46748991935488
0.238671875,-1.53251008064512
0.2387109375,-5.53251008064512
0.23875,-10.5325100806451
0.2387890625,-13.5325100806451
0.238828125,-15.5325100806451
0.2388671875,-14.5325100806451
0.23890625,-13.5325100806451
0.2389453125,-11.5325100806451
0.238984375,-9.53251008064512
0.2390234375,-5.53251008064512
0.2390625,-2.53251008064512
0.2391015625,-3.53251008064512
0.239140625,-8.53251008064512
0.2391796875,-13.5325100806451
0.23921875,-15.5325100806451
0.2392578125,-13.5325100806451
0.239296875,-7.53251008064512
0.2393359375,-2.53251008064512
0.239375,2.46748991935488
0.2394140625,7.46748991935488
0.239453125,14.4674899193549
0.2394921875,19.4674899193549
0.23953125,21.4674899193549
0.2395703125,27.4674899193549
0.239609375,31.4674899193549
0.2396484375,35.4674899193549
0.2396875,37.4674899193549
0.2397265625,37.4674899193549
0.239765625,35.4674899193549
0.2398046875,30.4674899193549
0.23984375,28.4674899193549
0.2398828125,27.4674899193549
0.239921875,24.4674899193549
0.2399609375,19.4674899193549
0.24,13.4674899193549
0.2400390625,8.46748991935488
0.240078125,1.46748991935488
0.2401171875,-6.53251008064512
0.24015625,-8.53251008064512
0.2401953125,-7.53251008064512
0.240234375,-5.53251008064512
0.2402734375,-2.53251008064512
0.2403125,0.467489919354875
0.2403515625,2.46748991935488
0.240390625,0.467489919354875
0.2404296875,-4.53251008064512
0.24046875,-11.5325100806451
0.2405078125,-16.5325100806451
0.240546875,-20.5325100806451
0.2405859375,-24.5325100806451
0.240625,-29.5325100806451
0.2406640625,-34.5325100806451
0.240703125,-38.5325100806451
0.2407421875,-42.5325100806451
0.24078125,-45.5325100806451
0.2408203125,-45.5325100806451
0.240859375,-41.5325100806451
0.2408984375,-36.5325100806451
0.2409375,-35.5325100806451
0.2409765625,-31.5325100806451
0.241015625,-26.5325100806451
0.2410546875,-25.5325100806451
0.24109375,-23.5325100806451
0.2411328125,-19.5325100806451
0.241171875,-15.5325100806451
0.2412109375,-12.5325100806451
0.24125,-12.5325100806451
0.2412890625,-12.5325100806451
0.241328125,-12.5325100806451
0.2413671875,-13.5325100806451
0.24140625,-13.5325100806451
0.2414453125,-11.5325100806451
0.241484375,-8.53251008064512
0.2415234375,-5.53251008064512
0.2415625,1.46748991935488
0.2416015625,7.46748991935488
0.241640625,13.4674899193549
0.2416796875,16.4674899193549
0.24171875,16.4674899193549
0.2417578125,14.4674899193549
0.241796875,12.4674899193549
0.2418359375,11.4674899193549
0.241875,10.4674899193549
0.2419140625,7.46748991935488
0.241953125,1.46748991935488
0.2419921875,-4.53251008064512
0.24203125,-9.53251008064512
0.2420703125,-14.5325100806451
0.242109375,-18.5325100806451
0.2421484375,-8.53251008064512
0.2421875,6.46748991935488
0.2422265625,-10.5325100806451
0.242265625,-59.5325100806451
0.2423046875,-97.5325100806451
0.24234375,-102.532510080645
0.2423828125,-82.5325100806451
0.242421875,-50.5325100806451
0.2424609375,-16.5325100806451
0.2425,11.4674899193549
0.2425390625,30.4674899193549
0.242578125,44.4674899193549
0.2426171875,52.4674899193549
0.24265625,46.4674899193549
0.2426953125,12.4674899193549
0.242734375,-45.5325100806451
0.2427734375,-105.532510080645
0.2428125,-147.532510080645
0.2428515625,-161.532510080645
0.242890625,-157.532510080645
0.2429296875,-147.532510080645
0.24296875,-138.532510080645
0.2430078125,-128.532510080645
0.243046875,-119.532510080645
0.2430859375,-94.5325100806451
0.243125,-52.5325100806451
0.2431640625,-13.5325100806451
0.243203125,8.46748991935488
0.2432421875,26.4674899193549
0.24328125,56.4674899193549
0.2433203125,105.467489919355
0.243359375,178.467489919355
0.2433984375,265.467489919355
0.2434375,335.467489919355
0.2434765625,384.467489919355
0.243515625,425.467489919355
0.2435546875,458.467489919355
0.24359375,485.467489919355
0.2436328125,486.467489919355
0.243671875,481.467489919355
0.2437109375,445.467489919355
0.24375,394.467489919355
0.2437890625,345.467489919355
0.243828125,299.467489919355
0.2438671875,254.467489919355
0.24390625,205.467489919355
0.2439453125,151.467489919355
0.243984375,89.4674899193549
0.2440234375,17.4674899193549
0.2440625,-53.5325100806451
0.2441015625,-116.532510080645
0.244140625,-178.532510080645
0.2441796875,-235.532510080645
0.24421875,-293.532510080645
0.2442578125,-349.532510080645
0.244296875,-390.532510080645
0.2443359375,-414.532510080645
0.244375,-422.532510080645
0.2444140625,-425.532510080645
0.244453125,-428.532510080645
0.2444921875,-427.532510080645
0.24453125,-422.532510080645
0.2445703125,-409.532510080645
0.244609375,-388.532510080645
0.2446484375,-364.532510080645
0.2446875,-339.532510080645
0.2447265625,-310.532510080645
0.244765625,-278.532510080645
0.2448046875,-245.532510080645
0.24484375,-211.532510080645
0.2448828125,-176.532510080645
0.244921875,-139.532510080645
0.2449609375,-101.532510080645
0.245,-64.5325100806451
0.2450390625,-30.5325100806451
0.245078125,-2.53251008064512
0.2451171875,24.4674899193549
0.24515625,55.4674899193549
0.2451953125,90.4674899193549
0.245234375,125.467489919355
0.2452734375,152.467489919355
0.2453125,171.467489919355
0.2453515625,186.467489919355
0.245390625,199.467489919355
0.2454296875,212.467489919355
0.24546875,221.467489919355
0.2455078125,225.467489919355
0.245546875,227.467489919355
0.2455859375,225.467489919355
0.245625,220.467489919355
0.2456640625,211.467489919355
0.245703125,200.467489919355
0.2457421875,186.467489919355
0.24578125,169.467489919355
0.2458203125,152.467489919355
0.245859375,136.467489919355
0.2458984375,121.467489919355
0.2459375,106.467489919355
0.2459765625,90.4674899193549
0.246015625,61.4674899193549
0.2460546875,28.4674899193549
0.24609375,1.46748991935488
0.2461328125,-19.5325100806451
0.246171875,-30.5325100806451
0.2462109375,-34.5325100806451
0.24625,-35.5325100806451
0.2462890625,-37.5325100806451
0.246328125,-34.5325100806451
0.2463671875,-24.5325100806451
0.24640625,-12.5325100806451
0.2464453125,-0.532510080645125
0.246484375,9.46748991935488
0.2465234375,31.4674899193549
0.2465625,43.4674899193549
0.2466015625,22.4674899193549
0.246640625,5.46748991935488
0.2466796875,5.46748991935488
0.24671875,10.4674899193549
0.2467578125,12.4674899193549
0.246796875,13.4674899193549
0.2468359375,19.4674899193549
0.246875,27.4674899193549
0.2469140625,38.4674899193549
0.246953125,54.4674899193549
0.2469921875,71.4674899193549
0.24703125,88.4674899193549
0.2470703125,100.467489919355
0.247109375,105.467489919355
0.2471484375,108.467489919355
0.2471875,98.4674899193549
0.2472265625,79.4674899193549
0.247265625,59.4674899193549
0.2473046875,37.4674899193549
0.24734375,11.4674899193549
0.2473828125,-24.5325100806451
0.247421875,-54.5325100806451
0.2474609375,-72.5325100806451
0.2475,-92.5325100806451
0.2475390625,-124.532510080645
0.247578125,-156.532510080645
0.2476171875,-177.532510080645
0.24765625,-189.532510080645
0.2476953125,-194.532510080645
0.247734375,-192.532510080645
0.2477734375,-184.532510080645
0.2478125,-175.532510080645
0.2478515625,-165.532510080645
0.247890625,-155.532510080645
0.2479296875,-146.532510080645
0.24796875,-136.532510080645
0.2480078125,-120.532510080645
0.248046875,-99.5325100806451
0.2480859375,-78.5325100806451
0.248125,-57.5325100806451
0.2481640625,-35.5325100806451
0.248203125,-10.5325100806451
0.2482421875,13.4674899193549
0.24828125,33.4674899193549
0.2483203125,52.4674899193549
0.248359375,63.4674899193549
0.2483984375,70.4674899193549
0.2484375,75.4674899193549
0.2484765625,79.4674899193549
0.248515625,77.4674899193549
0.2485546875,73.4674899193549
0.24859375,65.4674899193549
0.2486328125,59.4674899193549
0.248671875,52.4674899193549
0.2487109375,43.4674899193549
0.24875,34.4674899193549
0.2487890625,24.4674899193549
0.248828125,16.4674899193549
0.2488671875,6.46748991935488
0.24890625,-8.53251008064512
0.2489453125,-21.5325100806451
0.248984375,-27.5325100806451
0.2490234375,-28.5325100806451
0.2490625,-25.5325100806451
0.2491015625,-22.5325100806451
0.249140625,-21.5325100806451
0.2491796875,-21.5325100806451
0.24921875,-22.5325100806451
0.2492578125,-24.5325100806451
0.249296875,-23.5325100806451
0.2493359375,-19.5325100806451
0.249375,-13.5325100806451
0.2494140625,-8.53251008064512
0.249453125,-2.53251008064512
0.2494921875,-1.53251008064512
0.24953125,-0.532510080645125
0.2495703125,1.46748991935488
0.249609375,4.46748991935488
0.2496484375,7.46748991935488
0.2496875,10.4674899193549
0.2497265625,14.4674899193549
0.249765625,19.4674899193549
0.2498046875,23.4674899193549
0.24984375,29.4674899193549
0.2498828125,36.4674899193549
0.249921875,46.4674899193549
0.2499609375,55.4674899193549
0.25,66.4674899193549
0.2500390625,75.4674899193549
0.250078125,78.4674899193549
0.2501171875,81.4674899193549
0.25015625,80.4674899193549
0.2501953125,81.4674899193549
0.250234375,81.4674899193549
0.2502734375,82.4674899193549
0.2503125,79.4674899193549
0.2503515625,76.4674899193549
0.250390625,70.4674899193549
0.2504296875,61.4674899193549
0.25046875,51.4674899193549
0.2505078125,38.4674899193549
0.250546875,23.4674899193549
0.2505859375,10.4674899193549
0.250625,-2.53251008064512
0.2506640625,-10.5325100806451
0.250703125,-17.5325100806451
0.2507421875,-22.5325100806451
0.25078125,-25.5325100806451
0.2508203125,-27.5325100806451
0.250859375,-30.5325100806451
0.2508984375,-33.5325100806451
0.2509375,-35.5325100806451
0.2509765625,-36.5325100806451
0.251015625,-36.5325100806451
0.2510546875,-36.5325100806451
0.25109375,-35.5325100806451
0.2511328125,-33.5325100806451
0.251171875,-32.5325100806451
0.2512109375,-28.5325100806451
0.25125,-22.5325100806451
0.2512890625,-17.5325100806451
0.251328125,-12.5325100806451
0.2513671875,-12.5325100806451
0.25140625,-12.5325100806451
0.2514453125,-15.5325100806451
0.251484375,-19.5325100806451
0.2515234375,-21.5325100806451
0.2515625,-22.5325100806451
0.2516015625,-20.5325100806451
0.251640625,-18.5325100806451
0.2516796875,-16.5325100806451
0.25171875,-15.5325100806451
0.2517578125,-17.5325100806451
0.251796875,-22.5325100806451
0.2518359375,-30.5325100806451
0.251875,-38.5325100806451
0.2519140625,-43.5325100806451
0.251953125,-47.5325100806451
0.2519921875,-52.5325100806451
0.25203125,-53.5325100806451
0.2520703125,-53.5325100806451
0.252109375,-51.5325100806451
0.2521484375,-47.5325100806451
0.2521875,-41.5325100806451
0.2522265625,-30.5325100806451
0.252265625,-20.5325100806451
0.2523046875,-12.5325100806451
0.25234375,-2.53251008064512
0.2523828125,5.46748991935488
0.252421875,13.4674899193549
0.2524609375,20.4674899193549
0.2525,26.4674899193549
0.2525390625,34.4674899193549
0.252578125,43.4674899193549
0.2526171875,52.4674899193549
0.25265625,58.4674899193549
0.2526953125,65.4674899193549
0.252734375,73.4674899193549
0.2527734375,78.4674899193549
0.2528125,80.4674899193549
0.2528515625,80.4674899193549
0.252890625,80.4674899193549
0.2529296875,76.4674899193549
0.25296875,72.4674899193549
0.2530078125,66.4674899193549
0.253046875,56.4674899193549
0.2530859375,43.4674899193549
0.253125,28.4674899193549
0.2531640625,12.4674899193549
0.253203125,0.467489919354875
0.2532421875,-9.53251008064512
0.25328125,-17.5325100806451
0.2533203125,-22.5325100806451
0.253359375,-27.5325100806451
0.2533984375,-31.5325100806451
0.2534375,-37.5325100806451
0.2534765625,-43.5325100806451
0.253515625,-47.5325100806451
0.2535546875,-51.5325100806451
0.25359375,-55.5325100806451
0.2536328125,-60.5325100806451
0.253671875,-63.5325100806451
0.2537109375,-66.5325100806451
0.25375,-67.5325100806451
0.2537890625,-69.5325100806451
0.253828125,-69.5325100806451
0.2538671875,-66.5325100806451
0.25390625,-59.5325100806451
0.2539453125,-51.5325100806451
0.253984375,-41.5325100806451
0.2540234375,-31.5325100806451
0.2540625,-22.5325100806451
0.2541015625,-15.5325100806451
0.254140625,-9.53251008064512
0.2541796875,-3.53251008064512
0.25421875,5.46748991935488
0.2542578125,11.4674899193549
0.254296875,14.4674899193549
0.2543359375,17.4674899193549
0.254375,18.4674899193549
0.2544140625,16.4674899193549
0.254453125,13.4674899193549
0.2544921875,14.4674899193549
0.25453125,16.4674899193549
0.2545703125,21.4674899193549
0.254609375,28.4674899193549
0.2546484375,33.4674899193549
0.2546875,37.4674899193549
0.2547265625,38.4674899193549
0.254765625,37.4674899193549
0.2548046875,36.4674899193549
0.25484375,35.4674899193549
0.2548828125,30.4674899193549
0.254921875,26.4674899193549
0.2549609375,25.4674899193549
0.255,27.4674899193549
0.2550390625,30.4674899193549
0.255078125,33.4674899193549
0.2551171875,37.4674899193549
0.25515625,40.4674899193549
0.2551953125,40.4674899193549
0.255234375,35.4674899193549
0.2552734375,29.4674899193549
0.2553125,23.4674899193549
0.2553515625,15.4674899193549
0.255390625,8.46748991935488
0.2554296875,-1.53251008064512
0.25546875,-12.5325100806451
0.2555078125,-19.5325100806451
0.255546875,-19.5325100806451
0.2555859375,-20.5325100806451
0.255625,-19.5325100806451
0.2556640625,-19.5325100806451
0.255703125,-19.5325100806451
0.2557421875,-20.5325100806451
0.25578125,-17.5325100806451
0.2558203125,-11.5325100806451
0.255859375,-2.53251008064512
0.2558984375,1.46748991935488
0.2559375,4.46748991935488
0.2559765625,5.46748991935488
0.256015625,3.46748991935488
0.2560546875,0.467489919354875
0.25609375,-3.53251008064512
0.2561328125,-5.53251008064512
0.256171875,-8.53251008064512
0.2562109375,-10.5325100806451
0.25625,-11.5325100806451
0.2562890625,-10.5325100806451
0.256328125,-7.53251008064512
0.2563671875,-1.53251008064512
0.25640625,2.46748991935488
0.2564453125,4.46748991935488
0.256484375,2.46748991935488
0.2565234375,1.46748991935488
0.2565625,-1.53251008064512
0.2566015625,-8.53251008064512
0.256640625,-12.5325100806451
0.2566796875,-16.5325100806451
0.25671875,-19.5325100806451
0.2567578125,-18.5325100806451
0.256796875,-17.5325100806451
0.2568359375,-15.5325100806451
0.256875,-11.5325100806451
0.2569140625,-10.5325100806451
0.256953125,-9.53251008064512
0.2569921875,-9.53251008064512
0.25703125,-11.5325100806451
0.2570703125,-12.5325100806451
0.257109375,-11.5325100806451
0.2571484375,-7.53251008064512
0.2571875,-3.53251008064512
0.2572265625,-0.532510080645125
0.257265625,3.46748991935488
0.2573046875,2.46748991935488
0.25734375,0.467489919354875
0.2573828125,-1.53251008064512
0.257421875,-1.53251008064512
0.2574609375,-2.53251008064512
0.2575,-3.53251008064512
0.2575390625,-2.53251008064512
0.257578125,-1.53251008064512
0.2576171875,1.46748991935488
0.25765625,3.46748991935488
0.2576953125,5.46748991935488
0.257734375,5.46748991935488
0.2577734375,4.46748991935488
0.2578125,0.467489919354875
0.2578515625,-2.53251008064512
0.257890625,-6.53251008064512
0.2579296875,-7.53251008064512
0.25796875,-7.53251008064512
0.2580078125,-7.53251008064512
0.258046875,-6.53251008064512
0.2580859375,-1.53251008064512
0.258125,4.46748991935488
0.2581640625,9.46748991935488
0.258203125,11.4674899193549
0.2582421875,15.4674899193549
0.25828125,19.4674899193549
0.2583203125,21.4674899193549
0.258359375,19.4674899193549
0.2583984375,18.4674899193549
0.2584375,17.4674899193549
0.2584765625,15.4674899193549
0.258515625,11.4674899193549
0.2585546875,5.46748991935488
0.25859375,-3.53251008064512
0.2586328125,-12.5325100806451
0.258671875,-19.5325100806451
0.2587109375,-15.5325100806451
0.25875,-8.53251008064512
0.2587890625,-2.53251008064512
0.258828125,1.46748991935488
0.2588671875,1.46748991935488
0.25890625,4.46748991935488
0.2589453125,5.46748991935488
0.258984375,3.46748991935488
0.2590234375,2.46748991935488
0.2590625,-2.53251008064512
0.2591015625,0.467489919354875
0.259140625,11.4674899193549
0.2591796875,14.4674899193549
0.25921875,-6.53251008064512
0.2592578125,-36.5325100806451
0.259296875,-64.5325100806451
0.2593359375,-85.5325100806451
0.259375,-91.5325100806451
0.2594140625,-86.5325100806451
0.259453125,-70.5325100806451
0.2594921875,-47.5325100806451
0.25953125,-24.5325100806451
0.2595703125,-1.53251008064512
0.259609375,11.4674899193549
0.2596484375,9.46748991935488
0.2596875,-10.5325100806451
0.2597265625,-39.5325100806451
0.259765625,-63.5325100806451
0.2598046875,-82.5325100806451
0.25984375,-94.5325100806451
0.2598828125,-110.532510080645
0.259921875,-126.532510080645
0.2599609375,-140.532510080645
0.26,-143.532510080645
0.2600390625,-132.532510080645
0.260078125,-112.532510080645
0.2601171875,-88.5325100806451
0.26015625,-60.5325100806451
0.2601953125,-27.5325100806451
0.260234375,16.4674899193549
0.2602734375,79.4674899193549
0.2603125,156.467489919355
0.2603515625,242.467489919355
0.260390625,323.467489919355
0.2604296875,390.467489919355
0.26046875,441.467489919355
0.2605078125,484.467489919355
0.260546875,486.467489919355
0.2605859375,486.467489919355
0.260625,486.467489919355
0.2606640625,486.467489919355
0.260703125,444.467489919355
0.2607421875,371.467489919355
0.26078125,289.467489919355
0.2608203125,196.467489919355
0.260859375,96.4674899193549
0.2608984375,-6.53251008064512
0.2609375,-107.532510080645
0.2609765625,-202.532510080645
0.261015625,-283.532510080645
0.2610546875,-347.532510080645
0.26109375,-400.532510080645
0.2611328125,-446.532510080645
0.261171875,-474.532510080645
0.2612109375,-481.532510080645
0.26125,-477.532510080645
0.2612890625,-459.532510080645
0.261328125,-427.532510080645
0.2613671875,-384.532510080645
0.26140625,-336.532510080645
0.2614453125,-286.532510080645
0.261484375,-230.532510080645
0.2615234375,-171.532510080645
0.2615625,-114.532510080645
0.2616015625,-68.5325100806451
0.261640625,-30.5325100806451
0.2616796875,2.46748991935488
0.26171875,35.4674899193549
0.2617578125,65.4674899193549
0.261796875,94.4674899193549
0.2618359375,117.467489919355
0.261875,130.467489919355
0.2619140625,130.467489919355
0.261953125,124.467489919355
0.2619921875,117.467489919355
0.26203125,113.467489919355
0.2620703125,109.467489919355
0.262109375,104.467489919355
0.2621484375,99.4674899193549
0.2621875,92.4674899193549
0.2622265625,80.4674899193549
0.262265625,64.4674899193549
0.2623046875,45.4674899193549
0.26234375,24.4674899193549
0.2623828125,1.46748991935488
0.262421875,-26.5325100806451
0.2624609375,-51.5325100806451
0.2625,-69.5325100806451
0.2625390625,-77.5325100806451
0.262578125,-80.5325100806451
0.2626171875,-83.5325100806451
0.26265625,-85.5325100806451
0.2626953125,-83.5325100806451
0.262734375,-78.5325100806451
0.2627734375,-66.5325100806451
0.2628125,-47.5325100806451
0.2628515625,-25.5325100806451
0.262890625,-3.53251008064512
0.2629296875,18.4674899193549
0.26296875,41.4674899193549
0.2630078125,69.4674899193549
0.263046875,95.4674899193549
0.2630859375,113.467489919355
0.263125,122.467489919355
0.2631640625,128.467489919355
0.263203125,128.467489919355
0.2632421875,131.467489919355
0.26328125,135.467489919355
0.2633203125,142.467489919355
0.263359375,145.467489919355
0.2633984375,146.467489919355
0.2634375,143.467489919355
0.2634765625,139.467489919355
0.263515625,133.467489919355
0.2635546875,123.467489919355
0.26359375,116.467489919355
0.2636328125,119.467489919355
0.263671875,111.467489919355
0.2637109375,88.4674899193549
0.26375,55.4674899193549
0.2637890625,25.4674899193549
0.263828125,-3.53251008064512
0.2638671875,-38.5325100806451
0.26390625,-68.5325100806451
0.2639453125,-85.5325100806451
0.263984375,-91.5325100806451
0.2640234375,-97.5325100806451
0.2640625,-98.5325100806451
0.2641015625,-94.5325100806451
0.264140625,-92.5325100806451
0.2641796875,-95.5325100806451
0.26421875,-95.5325100806451
0.2642578125,-84.5325100806451
0.264296875,-67.5325100806451
0.2643359375,-51.5325100806451
0.264375,-37.5325100806451
0.2644140625,-25.5325100806451
0.264453125,-16.5325100806451
0.2644921875,-13.5325100806451
0.26453125,-13.5325100806451
0.2645703125,-18.5325100806451
0.264609375,-26.5325100806451
0.2646484375,-41.5325100806451
0.2646875,-61.5325100806451
0.2647265625,-76.5325100806451
0.264765625,-87.5325100806451
0.2648046875,-92.5325100806451
0.26484375,-91.5325100806451
0.2648828125,-87.5325100806451
0.264921875,-85.5325100806451
0.2649609375,-81.5325100806451
0.265,-70.5325100806451
0.2650390625,-53.5325100806451
0.265078125,-27.5325100806451
0.2651171875,1.46748991935488
0.26515625,26.4674899193549
0.2651953125,44.4674899193549
0.265234375,59.4674899193549
0.2652734375,71.4674899193549
0.2653125,77.4674899193549
0.2653515625,79.4674899193549
0.265390625,75.4674899193549
0.2654296875,67.4674899193549
0.26546875,54.4674899193549
0.2655078125,35.4674899193549
0.265546875,19.4674899193549
0.2655859375,8.46748991935488
0.265625,-6.53251008064512
0.2656640625,-20.5325100806451
0.265703125,-26.5325100806451
0.2657421875,-29.5325100806451
0.26578125,-31.5325100806451
0.2658203125,-32.5325100806451
0.265859375,-37.5325100806451
0.2658984375,-40.5325100806451
0.2659375,-40.5325100806451
0.2659765625,-36.5325100806451
0.266015625,-33.5325100806451
0.2660546875,-29.5325100806451
0.26609375,-28.5325100806451
0.2661328125,-28.5325100806451
0.266171875,-27.5325100806451
0.2662109375,-24.5325100806451
0.26625,-19.5325100806451
0.2662890625,-9.53251008064512
0.266328125,1.46748991935488
0.2663671875,9.46748991935488
0.26640625,14.4674899193549
0.2664453125,15.4674899193549
0.266484375,11.4674899193549
0.2665234375,8.46748991935488
0.2665625,8.46748991935488
0.2666015625,11.4674899193549
0.266640625,15.4674899193549
0.2666796875,18.4674899193549
0.26671875,21.4674899193549
0.2667578125,28.4674899193549
0.266796875,38.4674899193549
0.2668359375,47.4674899193549
0.266875,56.4674899193549
0.2669140625,64.4674899193549
0.266953125,71.4674899193549
0.2669921875,77.4674899193549
0.26703125,79.4674899193549
0.2670703125,79.4674899193549
0.267109375,74.4674899193549
0.2671484375,63.4674899193549
0.2671875,51.4674899193549
0.2672265625,39.4674899193549
0.267265625,29.4674899193549
0.2673046875,21.4674899193549
0.26734375,13.4674899193549
0.2673828125,6.46748991935488
0.267421875,-1.53251008064512
0.2674609375,-8.53251008064512
0.2675,-11.5325100806451
0.2675390625,-12.5325100806451
0.267578125,-10.5325100806451
0.2676171875,-7.53251008064512
0.26765625,-6.53251008064512
0.2676953125,-6.53251008064512
0.267734375,-7.53251008064512
0.2677734375,-14.5325100806451
0.2678125,-21.5325100806451
0.2678515625,-30.5325100806451
0.267890625,-38.5325100806451
0.2679296875,-47.5325100806451
0.26796875,-50.5325100806451
0.2680078125,-52.5325100806451
0.268046875,-48.5325100806451
0.2680859375,-43.5325100806451
0.268125,-35.5325100806451
0.2681640625,-23.5325100806451
0.268203125,-10.5325100806451
0.2682421875,1.46748991935488
0.26828125,12.4674899193549
0.2683203125,20.4674899193549
0.268359375,27.4674899193549
0.2683984375,28.4674899193549
0.2684375,24.4674899193549
0.2684765625,20.4674899193549
0.268515625,15.4674899193549
0.2685546875,11.4674899193549
0.26859375,7.46748991935488
0.2686328125,1.46748991935488
0.268671875,-6.53251008064512
0.2687109375,-15.5325100806451
0.26875,-24.5325100806451
0.2687890625,-33.5325100806451
0.268828125,-40.5325100806451
0.2688671875,-45.5325100806451
0.26890625,-51.5325100806451
0.2689453125,-57.5325100806451
0.268984375,-60.5325100806451
0.2690234375,-63.5325100806451
0.2690625,-62.5325100806451
0.2691015625,-57.5325100806451
0.269140625,-46.5325100806451
0.2691796875,-35.5325100806451
0.26921875,-22.5325100806451
0.2692578125,-9.53251008064512
0.269296875,4.46748991935488
0.2693359375,18.4674899193549
0.269375,30.4674899193549
0.2694140625,40.4674899193549
0.269453125,50.4674899193549
0.2694921875,58.4674899193549
0.26953125,64.4674899193549
0.2695703125,70.4674899193549
0.269609375,74.4674899193549
0.2696484375,77.4674899193549
0.2696875,79.4674899193549
0.2697265625,77.4674899193549
0.269765625,77.4674899193549
0.2698046875,79.4674899193549
0.26984375,81.4674899193549
0.2698828125,80.4674899193549
0.269921875,78.4674899193549
0.2699609375,69.4674899193549
0.27,56.4674899193549
0.2700390625,38.4674899193549
0.270078125,16.4674899193549
0.2701171875,-4.53251008064512
0.27015625,-23.5325100806451
0.2701953125,-37.5325100806451
0.270234375,-48.5325100806451
0.2702734375,-56.5325100806451
0.2703125,-62.5325100806451
0.2703515625,-66.5325100806451
0.270390625,-71.5325100806451
0.2704296875,-74.5325100806451
0.27046875,-73.5325100806451
0.2705078125,-72.5325100806451
0.270546875,-70.5325100806451
0.2705859375,-68.5325100806451
0.270625,-64.5325100806451
0.2706640625,-61.5325100806451
0.270703125,-60.5325100806451
0.2707421875,-58.5325100806451
0.27078125,-55.5325100806451
0.2708203125,-51.5325100806451
0.270859375,-45.5325100806451
0.2708984375,-40.5325100806451
0.2709375,-33.5325100806451
0.2709765625,-26.5325100806451
0.271015625,-20.5325100806451
0.2710546875,-15.5325100806451
0.27109375,-8.53251008064512
0.2711328125,-0.532510080645125
0.271171875,9.46748991935488
0.2712109375,19.4674899193549
0.27125,25.4674899193549
0.2712890625,31.4674899193549
0.271328125,35.4674899193549
0.2713671875,37.4674899193549
0.27140625,37.4674899193549
0.2714453125,38.4674899193549
0.271484375,41.4674899193549
0.2715234375,45.4674899193549
0.2715625,44.4674899193549
0.2716015625,45.4674899193549
0.271640625,43.4674899193549
0.2716796875,39.4674899193549
0.27171875,35.4674899193549
0.2717578125,31.4674899193549
0.271796875,29.4674899193549
0.2718359375,25.4674899193549
0.271875,21.4674899193549
0.2719140625,19.4674899193549
0.271953125,18.4674899193549
0.2719921875,17.4674899193549
0.27203125,15.4674899193549
0.2720703125,16.4674899193549
0.272109375,17.4674899193549
0.2721484375,16.4674899193549
0.2721875,13.4674899193549
0.2722265625,9.46748991935488
0.272265625,3.46748991935488
0.2723046875,-4.53251008064512
0.27234375,-12.5325100806451
0.2723828125,-19.5325100806451
0.272421875,-24.5325100806451
0.2724609375,-26.5325100806451
0.2725,-27.5325100806451
0.2725390625,-27.5325100806451
0.272578125,-29.5325100806451
0.2726171875,-29.5325100806451
0.27265625,-29.5325100806451
0.2726953125,-27.5325100806451
0.272734375,-26.5325100806451
0.2727734375,-22.5325100806451
0.2728125,-13.5325100806451
0.2728515625,-4.53251008064512
0.272890625,2.46748991935488
0.2729296875,6.46748991935488
0.27296875,7.46748991935488
0.2730078125,7.46748991935488
0.273046875,6.46748991935488
0.2730859375,5.46748991935488
0.273125,4.46748991935488
0.2731640625,3.46748991935488
0.273203125,2.46748991935488
0.2732421875,3.46748991935488
0.27328125,4.46748991935488
0.2733203125,4.46748991935488
0.273359375,5.46748991935488
0.2733984375,6.46748991935488
0.2734375,11.4674899193549
0.2734765625,14.4674899193549
0.273515625,15.4674899193549
0.2735546875,17.4674899193549
0.27359375,20.4674899193549
0.2736328125,20.4674899193549
0.273671875,20.4674899193549
0.2737109375,20.4674899193549
0.27375,20.4674899193549
0.2737890625,19.4674899193549
0.273828125,15.4674899193549
0.2738671875,9.46748991935488
0.27390625,2.46748991935488
0.2739453125,-5.53251008064512
0.273984375,-16.5325100806451
0.2740234375,-26.5325100806451
0.2740625,-34.5325100806451
0.2741015625,-42.5325100806451
0.274140625,-48.5325100806451
0.2741796875,-50.5325100806451
0.27421875,-46.5325100806451
0.2742578125,-42.5325100806451
0.274296875,-36.5325100806451
0.2743359375,-26.5325100806451
0.274375,-11.5325100806451
0.2744140625,1.46748991935488
0.274453125,11.4674899193549
0.2744921875,17.4674899193549
0.27453125,21.4674899193549
0.2745703125,25.4674899193549
0.274609375,25.4674899193549
0.2746484375,23.4674899193549
0.2746875,21.4674899193549
0.2747265625,20.4674899193549
0.274765625,18.4674899193549
0.2748046875,16.4674899193549
0.27484375,15.4674899193549
0.2748828125,15.4674899193549
0.274921875,16.4674899193549
0.2749609375,18.4674899193549
0.275,20.4674899193549
0.2750390625,24.4674899193549
0.275078125,28.4674899193549
0.2751171875,34.4674899193549
0.27515625,37.4674899193549
0.2751953125,36.4674899193549
0.275234375,30.4674899193549
0.2752734375,20.4674899193549
0.2753125,9.46748991935488
0.2753515625,-0.532510080645125
0.275390625,-7.53251008064512
0.2754296875,-12.5325100806451
0.27546875,-22.5325100806451
0.2755078125,-34.5325100806451
0.275546875,-47.5325100806451
0.2755859375,-60.5325100806451
0.275625,-66.5325100806451
0.2756640625,-67.5325100806451
0.275703125,-60.5325100806451
0.2757421875,-53.5325100806451
0.27578125,-44.5325100806451
0.2758203125,-35.5325100806451
0.275859375,-27.5325100806451
0.2758984375,-20.5325100806451
0.2759375,-16.5325100806451
0.2759765625,-11.5325100806451
0.276015625,-6.53251008064512
0.2760546875,-4.53251008064512
0.27609375,-3.53251008064512
0.2761328125,9.46748991935488
0.276171875,35.4674899193549
0.2762109375,51.4674899193549
0.27625,34.4674899193549
0.2762890625,-8.53251008064512
0.276328125,-52.5325100806451
0.2763671875,-77.5325100806451
0.27640625,-78.5325100806451
0.2764453125,-63.5325100806451
0.276484375,-40.5325100806451
0.2765234375,-4.53251008064512
0.2765625,35.4674899193549
0.2766015625,66.4674899193549
0.276640625,85.4674899193549
0.2766796875,86.4674899193549
0.27671875,69.4674899193549
0.2767578125,37.4674899193549
0.276796875,2.46748991935488
0.2768359375,-33.5325100806451
0.276875,-67.5325100806451
0.2769140625,-98.5325100806451
0.276953125,-115.532510080645
0.2769921875,-120.532510080645
0.27703125,-122.532510080645
0.2770703125,-125.532510080645
0.277109375,-122.532510080645
0.2771484375,-116.532510080645
0.2771875,-103.532510080645
0.2772265625,-74.5325100806451
0.277265625,-31.5325100806451
0.2773046875,15.4674899193549
0.27734375,58.4674899193549
0.2773828125,100.467489919355
0.277421875,151.467489919355
0.2774609375,209.467489919355
0.2775,269.467489919355
0.2775390625,319.467489919355
0.277578125,352.467489919355
0.2776171875,368.467489919355
0.27765625,374.467489919355
0.2776953125,371.467489919355
0.277734375,351.467489919355
0.2777734375,310.467489919355
0.2778125,250.467489919355
0.2778515625,182.467489919355
0.277890625,118.467489919355
0.2779296875,63.4674899193549
0.27796875,11.4674899193549
0.2780078125,-45.5325100806451
0.278046875,-106.532510080645
0.2780859375,-164.532510080645
0.278125,-211.532510080645
0.2781640625,-253.532510080645
0.278203125,-292.532510080645
0.2782421875,-323.532510080645
0.27828125,-339.532510080645
0.2783203125,-337.532510080645
0.278359375,-323.532510080645
0.2783984375,-303.532510080645
0.2784375,-282.532510080645
0.2784765625,-260.532510080645
0.278515625,-241.532510080645
0.2785546875,-222.532510080645
0.27859375,-197.532510080645
0.2786328125,-164.532510080645
0.278671875,-127.532510080645
0.2787109375,-88.5325100806451
0.27875,-48.5325100806451
0.2787890625,-13.5325100806451
0.278828125,20.4674899193549
0.2788671875,50.4674899193549
0.27890625,71.4674899193549
0.2789453125,92.4674899193549
0.278984375,108.467489919355
0.2790234375,125.467489919355
0.2790625,142.467489919355
0.2791015625,154.467489919355
0.279140625,162.467489919355
0.2791796875,163.467489919355
0.27921875,159.467489919355
0.2792578125,154.467489919355
0.279296875,146.467489919355
0.2793359375,131.467489919355
0.279375,111.467489919355
0.2794140625,88.4674899193549
0.279453125,60.4674899193549
0.2794921875,31.4674899193549
0.27953125,-0.532510080645125
0.2795703125,-28.5325100806451
0.279609375,-52.5325100806451
0.2796484375,-70.5325100806451
0.2796875,-81.5325100806451
0.2797265625,-87.5325100806451
0.279765625,-89.5325100806451
0.2798046875,-87.5325100806451
0.27984375,-83.5325100806451
0.2798828125,-81.5325100806451
0.279921875,-75.5325100806451
0.2799609375,-60.5325100806451
0.28,-36.5325100806451
0.2800390625,-7.53251008064512
0.280078125,19.4674899193549
0.2801171875,39.4674899193549
0.28015625,60.4674899193549
0.2801953125,92.4674899193549
0.280234375,115.467489919355
0.2802734375,106.467489919355
0.2803125,90.4674899193549
0.2803515625,78.4674899193549
0.280390625,71.4674899193549
0.2804296875,62.4674899193549
0.28046875,55.4674899193549
0.2805078125,53.4674899193549
0.280546875,49.4674899193549
0.2805859375,47.4674899193549
0.280625,45.4674899193549
0.2806640625,46.4674899193549
0.280703125,53.4674899193549
0.2807421875,63.4674899193549
0.28078125,75.4674899193549
0.2808203125,86.4674899193549
0.280859375,94.4674899193549
0.2808984375,96.4674899193549
0.2809375,98.4674899193549
0.2809765625,98.4674899193549
0.281015625,90.4674899193549
0.2810546875,66.4674899193549
0.28109375,41.4674899193549
0.2811328125,18.4674899193549
0.281171875,-10.5325100806451
0.2812109375,-43.5325100806451
0.28125,-71.5325100806451
0.2812890625,-97.5325100806451
0.281328125,-130.532510080645
0.2813671875,-165.532510080645
0.28140625,-194.532510080645
0.2814453125,-210.532510080645
0.281484375,-213.532510080645
0.2815234375,-204.532510080645
0.2815625,-188.532510080645
0.2816015625,-173.532510080645
0.281640625,-149.532510080645
0.2816796875,-117.532510080645
0.28171875,-84.5325100806451
0.2817578125,-55.5325100806451
0.281796875,-27.5325100806451
0.2818359375,3.46748991935488
0.281875,32.4674899193549
0.2819140625,57.4674899193549
0.281953125,70.4674899193549
0.2819921875,73.4674899193549
0.28203125,69.4674899193549
0.2820703125,64.4674899193549
0.282109375,60.4674899193549
0.2821484375,54.4674899193549
0.2821875,47.4674899193549
0.2822265625,41.4674899193549
0.282265625,37.4674899193549
0.2823046875,34.4674899193549
0.28234375,32.4674899193549
0.2823828125,31.4674899193549
0.282421875,27.4674899193549
0.2824609375,19.4674899193549
0.2825,8.46748991935488
0.2825390625,-3.53251008064512
0.282578125,-14.5325100806451
0.2826171875,-19.5325100806451
0.28265625,-21.5325100806451
0.2826953125,-23.5325100806451
0.282734375,-29.5325100806451
0.2827734375,-35.5325100806451
0.2828125,-37.5325100806451
0.2828515625,-40.5325100806451
0.282890625,-44.5325100806451
0.2829296875,-45.5325100806451
0.28296875,-47.5325100806451
0.2830078125,-44.5325100806451
0.283046875,-44.5325100806451
0.2830859375,-42.5325100806451
0.283125,-41.5325100806451
0.2831640625,-35.5325100806451
0.283203125,-28.5325100806451
0.2832421875,-19.5325100806451
0.28328125,-11.5325100806451
0.2833203125,-0.532510080645125
0.283359375,14.4674899193549
0.2833984375,30.4674899193549
0.2834375,45.4674899193549
0.2834765625,58.4674899193549
0.283515625,67.4674899193549
0.2835546875,76.4674899193549
0.28359375,81.4674899193549
0.2836328125,86.4674899193549
0.283671875,89.4674899193549
0.2837109375,88.4674899193549
0.28375,81.4674899193549
0.2837890625,72.4674899193549
0.283828125,62.4674899193549
0.2838671875,55.4674899193549
0.28390625,48.4674899193549
0.2839453125,40.4674899193549
0.283984375,33.4674899193549
0.2840234375,24.4674899193549
0.2840625,16.4674899193549
0.2841015625,8.46748991935488
0.284140625,6.46748991935488
0.2841796875,3.46748991935488
0.28421875,-0.532510080645125
0.2842578125,-4.53251008064512
0.284296875,-10.5325100806451
0.2843359375,-14.5325100806451
0.284375,-16.5325100806451
0.2844140625,-20.5325100806451
0.284453125,-22.5325100806451
0.2844921875,-22.5325100806451
0.28453125,-24.5325100806451
0.2845703125,-24.5325100806451
0.284609375,-26.5325100806451
0.2846484375,-25.5325100806451
0.2846875,-27.5325100806451
0.2847265625,-29.5325100806451
0.284765625,-30.5325100806451
0.2848046875,-29.5325100806451
0.28484375,-29.5325100806451
0.2848828125,-29.5325100806451
0.284921875,-27.5325100806451
0.2849609375,-25.5325100806451
0.285,-21.5325100806451
0.2850390625,-16.5325100806451
0.285078125,-10.5325100806451
0.2851171875,-0.532510080645125
0.28515625,8.46748991935488
0.2851953125,15.4674899193549
0.285234375,22.4674899193549
0.2852734375,27.4674899193549
0.2853125,32.4674899193549
0.2853515625,32.4674899193549
0.285390625,31.4674899193549
0.2854296875,27.4674899193549
0.28546875,22.4674899193549
0.2855078125,17.4674899193549
0.285546875,10.4674899193549
0.2855859375,5.46748991935488
0.285625,-1.53251008064512
0.2856640625,-10.5325100806451
0.285703125,-22.5325100806451
0.2857421875,-31.5325100806451
0.28578125,-36.5325100806451
0.2858203125,-40.5325100806451
0.285859375,-43.5325100806451
0.2858984375,-47.5325100806451
0.2859375,-49.5325100806451
0.2859765625,-51.5325100806451
0.286015625,-52.5325100806451
0.2860546875,-50.5325100806451
0.28609375,-46.5325100806451
0.2861328125,-41.5325100806451
0.286171875,-36.5325100806451
0.2862109375,-31.5325100806451
0.28625,-25.5325100806451
0.2862890625,-19.5325100806451
0.286328125,-10.5325100806451
0.2863671875,0.467489919354875
0.28640625,13.4674899193549
0.2864453125,22.4674899193549
0.286484375,30.4674899193549
0.2865234375,36.4674899193549
0.2865625,39.4674899193549
0.2866015625,41.4674899193549
0.286640625,43.4674899193549
0.2866796875,45.4674899193549
0.28671875,47.4674899193549
0.2867578125,50.4674899193549
0.286796875,51.4674899193549
0.2868359375,55.4674899193549
0.286875,58.4674899193549
0.2869140625,60.4674899193549
0.286953125,59.4674899193549
0.2869921875,51.4674899193549
0.28703125,43.4674899193549
0.2870703125,36.4674899193549
0.287109375,29.4674899193549
0.2871484375,23.4674899193549
0.2871875,14.4674899193549
0.2872265625,5.46748991935488
0.287265625,-5.53251008064512
0.2873046875,-15.5325100806451
0.28734375,-25.5325100806451
0.2873828125,-33.5325100806451
0.287421875,-40.5325100806451
0.2874609375,-45.5325100806451
0.2875,-47.5325100806451
0.2875390625,-49.5325100806451
0.287578125,-51.5325100806451
0.2876171875,-50.5325100806451
0.28765625,-49.5325100806451
0.2876953125,-46.5325100806451
0.287734375,-41.5325100806451
0.2877734375,-34.5325100806451
0.2878125,-30.5325100806451
0.2878515625,-27.5325100806451
0.287890625,-24.5325100806451
0.2879296875,-24.5325100806451
0.28796875,-25.5325100806451
0.2880078125,-24.5325100806451
0.288046875,-20.5325100806451
0.2880859375,-12.5325100806451
0.288125,-3.53251008064512
0.2881640625,3.46748991935488
0.288203125,11.4674899193549
0.2882421875,18.4674899193549
0.28828125,18.4674899193549
0.2883203125,18.4674899193549
0.288359375,20.4674899193549
0.2883984375,25.4674899193549
0.2884375,34.4674899193549
0.2884765625,39.4674899193549
0.288515625,43.4674899193549
0.2885546875,43.4674899193549
0.28859375,40.4674899193549
0.2886328125,36.4674899193549
0.288671875,33.4674899193549
0.2887109375,31.4674899193549
0.28875,29.4674899193549
0.2887890625,27.4674899193549
0.288828125,24.4674899193549
0.2888671875,21.4674899193549
0.28890625,14.4674899193549
0.2889453125,7.46748991935488
0.288984375,0.467489919354875
0.2890234375,-4.53251008064512
0.2890625,-7.53251008064512
0.2891015625,-8.53251008064512
0.289140625,-10.5325100806451
0.2891796875,-10.5325100806451
0.28921875,-11.5325100806451
0.2892578125,-16.5325100806451
0.289296875,-20.5325100806451
0.2893359375,-24.5325100806451
0.289375,-28.5325100806451
0.2894140625,-29.5325100806451
0.289453125,-28.5325100806451
0.2894921875,-26.5325100806451
0.28953125,-22.5325100806451
0.2895703125,-19.5325100806451
0.289609375,-17.5325100806451
0.2896484375,-14.5325100806451
0.2896875,-10.5325100806451
0.2897265625,-6.53251008064512
0.289765625,-0.532510080645125
0.2898046875,4.46748991935488
0.28984375,9.46748991935488
0.2898828125,10.4674899193549
0.289921875,7.46748991935488
0.2899609375,2.46748991935488
0.29,-2.53251008064512
0.2900390625,-4.53251008064512
0.290078125,-3.53251008064512
0.2901171875,0.467489919354875
0.29015625,4.46748991935488
0.2901953125,6.46748991935488
0.290234375,5.46748991935488
0.2902734375,5.46748991935488
0.2903125,7.46748991935488
0.2903515625,11.4674899193549
0.290390625,17.4674899193549
0.2904296875,22.4674899193549
0.29046875,24.4674899193549
0.2905078125,24.4674899193549
0.290546875,20.4674899193549
0.2905859375,15.4674899193549
0.290625,9.46748991935488
0.2906640625,4.46748991935488
0.290703125,2.46748991935488
0.2907421875,1.46748991935488
0.29078125,-0.532510080645125
0.2908203125,-3.53251008064512
0.290859375,-5.53251008064512
0.2908984375,-9.53251008064512
0.2909375,-13.5325100806451
0.2909765625,-18.5325100806451
0.291015625,-21.5325100806451
0.2910546875,-20.5325100806451
0.29109375,-19.5325100806451
0.2911328125,-18.5325100806451
0.291171875,-19.5325100806451
0.2912109375,-24.5325100806451
0.29125,-30.5325100806451
0.2912890625,-36.5325100806451
0.291328125,-37.5325100806451
0.2913671875,-36.5325100806451
0.29140625,-32.5325100806451
0.2914453125,-26.5325100806451
0.291484375,-18.5325100806451
0.2915234375,-10.5325100806451
0.2915625,-4.53251008064512
0.2916015625,2.46748991935488
0.291640625,12.4674899193549
0.2916796875,22.4674899193549
0.29171875,30.4674899193549
0.2917578125,38.4674899193549
0.291796875,45.4674899193549
0.2918359375,49.4674899193549
0.291875,50.4674899193549
0.2919140625,47.4674899193549
0.291953125,47.4674899193549
0.2919921875,48.4674899193549
0.29203125,48.4674899193549
0.2920703125,46.4674899193549
0.292109375,43.4674899193549
0.2921484375,37.4674899193549
0.2921875,30.4674899193549
0.2922265625,22.4674899193549
0.292265625,18.4674899193549
0.2923046875,15.4674899193549
0.29234375,8.46748991935488
0.2923828125,-0.532510080645125
0.292421875,-8.53251008064512
0.2924609375,-16.5325100806451
0.2925,-26.5325100806451
0.2925390625,-36.5325100806451
0.292578125,-45.5325100806451
0.2926171875,-51.5325100806451
0.29265625,-53.5325100806451
0.2926953125,-52.5325100806451
0.292734375,-46.5325100806451
0.2927734375,-38.5325100806451
0.2928125,-29.5325100806451
0.2928515625,-27.5325100806451
0.292890625,-30.5325100806451
0.2929296875,-31.5325100806451
0.29296875,-32.5325100806451
0.2930078125,-30.5325100806451
0.293046875,-25.5325100806451
0.2930859375,-19.5325100806451
0.293125,-14.5325100806451
0.2931640625,-12.5325100806451
0.293203125,-9.53251008064512
0.2932421875,-3.53251008064512
0.29328125,4.46748991935488
0.2933203125,7.46748991935488
0.293359375,16.4674899193549
0.2933984375,26.4674899193549
0.2934375,43.4674899193549
0.2934765625,52.4674899193549
0.293515625,52.4674899193549
0.2935546875,39.4674899193549
0.29359375,16.4674899193549
0.2936328125,-12.5325100806451
0.293671875,-33.5325100806451
0.2937109375,-33.5325100806451
0.29375,-20.5325100806451
0.2937890625,-0.532510080645125
0.293828125,17.4674899193549
0.2938671875,22.4674899193549
0.29390625,19.4674899193549
0.2939453125,12.4674899193549
0.293984375,2.46748991935488
0.2940234375,-7.53251008064512
0.2940625,-16.5325100806451
0.2941015625,-31.5325100806451
0.294140625,-45.5325100806451
0.2941796875,-57.5325100806451
0.29421875,-74.5325100806451
0.2942578125,-85.5325100806451
0.294296875,-85.5325100806451
0.2943359375,-78.5325100806451
0.294375,-60.5325100806451
0.2944140625,-36.5325100806451
0.294453125,-16.5325100806451
0.2944921875,-0.532510080645125
0.29453125,18.4674899193549
0.2945703125,49.4674899193549
0.294609375,88.4674899193549
0.2946484375,133.467489919355
0.2946875,170.467489919355
0.2947265625,195.467489919355
0.294765625,201.467489919355
0.2948046875,191.467489919355
0.29484375,170.467489919355
0.2948828125,145.467489919355
0.294921875,111.467489919355
0.2949609375,72.4674899193549
0.295,36.4674899193549
0.2950390625,5.46748991935488
0.295078125,-21.5325100806451
0.2951171875,-40.5325100806451
0.29515625,-60.5325100806451
0.2951953125,-83.5325100806451
0.295234375,-102.532510080645
0.2952734375,-113.532510080645
0.2953125,-114.532510080645
0.2953515625,-112.532510080645
0.295390625,-104.532510080645
0.2954296875,-91.5325100806451
0.29546875,-76.5325100806451
0.2955078125,-60.5325100806451
0.295546875,-44.5325100806451
0.2955859375,-27.5325100806451
0.295625,-16.5325100806451
0.2956640625,-8.53251008064512
0.295703125,-3.53251008064512
0.2957421875,-2.53251008064512
0.29578125,-6.53251008064512
0.2958203125,-10.5325100806451
0.295859375,-12.5325100806451
0.2958984375,-13.5325100806451
0.2959375,-16.5325100806451
0.2959765625,-18.5325100806451
0.296015625,-16.5325100806451
0.2960546875,-14.5325100806451
0.29609375,-12.5325100806451
0.2961328125,-5.53251008064512
0.296171875,4.46748991935488
0.2962109375,17.4674899193549
0.29625,28.4674899193549
0.2962890625,39.4674899193549
0.296328125,49.4674899193549
0.2963671875,52.4674899193549
0.29640625,53.4674899193549
0.2964453125,54.4674899193549
0.296484375,52.4674899193549
0.2965234375,43.4674899193549
0.2965625,30.4674899193549
0.2966015625,15.4674899193549
0.296640625,-3.53251008064512
0.2966796875,-23.5325100806451
0.29671875,-41.5325100806451
0.2967578125,-51.5325100806451
0.296796875,-58.5325100806451
0.2968359375,-59.5325100806451
0.296875,-53.5325100806451
0.2969140625,-44.5325100806451
0.296953125,-34.5325100806451
0.2969921875,-22.5325100806451
0.29703125,-8.53251008064512
0.2970703125,7.46748991935488
0.297109375,21.4674899193549
0.2971484375,27.4674899193549
0.2971875,27.4674899193549
0.2972265625,25.4674899193549
0.297265625,15.4674899193549
0.2973046875,1.46748991935488
0.29734375,-9.53251008064512
0.2973828125,-18.5325100806451
0.297421875,-23.5325100806451
0.2974609375,-19.5325100806451
0.2975,-12.5325100806451
0.2975390625,0.467489919354875
0.297578125,18.4674899193549
0.2976171875,26.4674899193549
0.29765625,27.4674899193549
0.2976953125,20.4674899193549
0.297734375,6.46748991935488
0.2977734375,-6.53251008064512
0.2978125,-14.5325100806451
0.2978515625,-15.5325100806451
0.297890625,-10.5325100806451
0.2979296875,-3.53251008064512
0.29796875,7.46748991935488
0.2980078125,22.4674899193549
0.298046875,35.4674899193549
0.2980859375,50.4674899193549
0.298125,62.4674899193549
0.2981640625,77.4674899193549
0.298203125,87.4674899193549
0.2982421875,92.4674899193549
0.29828125,89.4674899193549
0.2983203125,81.4674899193549
0.298359375,67.4674899193549
0.2983984375,48.4674899193549
0.2984375,27.4674899193549
0.2984765625,6.46748991935488
0.298515625,-10.5325100806451
0.2985546875,-31.5325100806451
0.29859375,-55.5325100806451
0.2986328125,-72.5325100806451
0.298671875,-85.5325100806451
0.2987109375,-95.5325100806451
0.29875,-98.5325100806451
0.2987890625,-96.5325100806451
0.298828125,-92.5325100806451
0.2988671875,-85.5325100806451
0.29890625,-75.5325100806451
0.2989453125,-61.5325100806451
0.298984375,-43.5325100806451
0.2990234375,-27.5325100806451
0.2990625,-12.5325100806451
0.2991015625,-1.53251008064512
0.299140625,8.46748991935488
0.2991796875,18.4674899193549
0.29921875,25.4674899193549
0.2992578125,33.4674899193549
0.299296875,37.4674899193549
0.2993359375,37.4674899193549
0.299375,33.4674899193549
0.2994140625,25.4674899193549
0.299453125,20.4674899193549
0.2994921875,17.4674899193549
0.29953125,15.4674899193549
0.2995703125,13.4674899193549
0.299609375,9.46748991935488
0.2996484375,5.46748991935488
0.2996875,0.467489919354875
0.2997265625,-4.53251008064512
0.299765625,-7.53251008064512
0.2998046875,-8.53251008064512
0.29984375,-9.53251008064512
0.2998828125,-8.53251008064512
0.299921875,-8.53251008064512
0.2999609375,-11.5325100806451
0.3,-20.5325100806451
0.3000390625,-30.5325100806451
0.300078125,-37.5325100806451
0.3001171875,-39.5325100806451
0.30015625,-36.5325100806451
0.3001953125,-31.5325100806451
0.300234375,-21.5325100806451
0.3002734375,-12.5325100806451
0.3003125,-4.53251008064512
0.3003515625,-2.53251008064512
0.300390625,-2.53251008064512
0.3004296875,0.467489919354875
0.30046875,4.46748991935488
0.3005078125,12.4674899193549
0.300546875,20.4674899193549
0.3005859375,27.4674899193549
0.300625,33.4674899193549
0.3006640625,36.4674899193549
0.300703125,41.4674899193549
0.3007421875,47.4674899193549
0.30078125,53.4674899193549
0.3008203125,56.4674899193549
0.300859375,55.4674899193549
0.3008984375,50.4674899193549
0.3009375,39.4674899193549
0.3009765625,27.4674899193549
0.301015625,15.4674899193549
0.3010546875,5.46748991935488
0.30109375,-2.53251008064512
0.3011328125,-6.53251008064512
0.301171875,-7.53251008064512
0.3012109375,-7.53251008064512
0.30125,-7.53251008064512
0.3012890625,-8.53251008064512
0.301328125,-9.53251008064512
0.3013671875,-11.5325100806451
0.30140625,-13.5325100806451
0.3014453125,-13.5325100806451
0.301484375,-14.5325100806451
0.3015234375,-13.5325100806451
0.3015625,-8.53251008064512
0.3016015625,-4.53251008064512
0.301640625,-2.53251008064512
0.3016796875,-1.53251008064512
0.30171875,-0.532510080645125
0.3017578125,1.46748991935488
0.301796875,0.467489919354875
0.3018359375,-1.53251008064512
0.301875,-3.53251008064512
0.3019140625,-8.53251008064512
0.301953125,-12.5325100806451
0.3019921875,-19.5325100806451
0.30203125,-25.5325100806451
0.3020703125,-28.5325100806451
0.302109375,-28.5325100806451
0.3021484375,-24.5325100806451
0.3021875,-16.5325100806451
0.3022265625,-6.53251008064512
0.302265625,5.46748991935488
0.3023046875,16.4674899193549
0.30234375,25.4674899193549
0.3023828125,32.4674899193549
0.302421875,38.4674899193549
0.3024609375,43.4674899193549
0.3025,44.4674899193549
0.3025390625,41.4674899193549
0.302578125,33.4674899193549
0.3026171875,20.4674899193549
0.30265625,7.46748991935488
0.3026953125,-5.53251008064512
0.302734375,-16.5325100806451
0.3027734375,-26.5325100806451
0.3028125,-33.5325100806451
0.3028515625,-38.5325100806451
0.302890625,-42.5325100806451
0.3029296875,-45.5325100806451
0.30296875,-45.5325100806451
0.3030078125,-45.5325100806451
0.303046875,-42.5325100806451
0.3030859375,-38.5325100806451
0.303125,-34.5325100806451
0.3031640625,-33.5325100806451
0.303203125,-29.5325100806451
0.3032421875,-22.5325100806451
0.30328125,-17.5325100806451
0.3033203125,-12.5325100806451
0.303359375,-6.53251008064512
0.3033984375,-1.53251008064512
0.3034375,3.46748991935488
0.3034765625,4.46748991935488
0.303515625,6.46748991935488
0.3035546875,6.46748991935488
0.30359375,6.46748991935488
0.3036328125,6.46748991935488
0.303671875,8.46748991935488
0.3037109375,10.4674899193549
0.30375,13.4674899193549
0.3037890625,20.4674899193549
0.303828125,28.4674899193549
0.3038671875,35.4674899193549
0.30390625,42.4674899193549
0.3039453125,46.4674899193549
0.303984375,50.4674899193549
0.3040234375,53.4674899193549
0.3040625,53.4674899193549
0.3041015625,51.4674899193549
0.304140625,45.4674899193549
0.3041796875,37.4674899193549
0.30421875,28.4674899193549
0.3042578125,20.4674899193549
0.304296875,13.4674899193549
0.3043359375,9.46748991935488
0.304375,8.46748991935488
0.3044140625,9.46748991935488
0.304453125,7.46748991935488
0.3044921875,7.46748991935488
0.30453125,6.46748991935488
0.3045703125,1.46748991935488
0.304609375,-5.53251008064512
0.3046484375,-14.5325100806451
0.3046875,-22.5325100806451
0.3047265625,-30.5325100806451
0.304765625,-37.5325100806451
0.3048046875,-42.5325100806451
0.30484375,-46.5325100806451
0.3048828125,-50.5325100806451
0.304921875,-50.5325100806451
0.3049609375,-45.5325100806451
0.305,-37.5325100806451
0.3050390625,-31.5325100806451
0.305078125,-23.5325100806451
0.3051171875,-17.5325100806451
0.30515625,-11.5325100806451
0.3051953125,-8.53251008064512
0.305234375,-6.53251008064512
0.3052734375,-7.53251008064512
0.3053125,-5.53251008064512
0.3053515625,-4.53251008064512
0.305390625,-0.532510080645125
0.3054296875,3.46748991935488
0.30546875,7.46748991935488
0.3055078125,12.4674899193549
0.305546875,19.4674899193549
0.3055859375,24.4674899193549
0.305625,28.4674899193549
0.3056640625,30.4674899193549
0.305703125,30.4674899193549
0.3057421875,29.4674899193549
0.30578125,27.4674899193549
0.3058203125,25.4674899193549
0.305859375,20.4674899193549
0.3058984375,13.4674899193549
0.3059375,8.46748991935488
0.3059765625,5.46748991935488
0.306015625,3.46748991935488
0.3060546875,-0.532510080645125
0.30609375,-5.53251008064512
0.3061328125,-10.5325100806451
0.306171875,-16.5325100806451
0.3062109375,-20.5325100806451
0.30625,-21.5325100806451
0.3062890625,-21.5325100806451
0.306328125,-21.5325100806451
0.3063671875,-21.5325100806451
0.30640625,-21.5325100806451
0.3064453125,-22.5325100806451
0.306484375,-20.5325100806451
0.3065234375,-22.5325100806451
0.3065625,-22.5325100806451
0.3066015625,-22.5325100806451
0.306640625,-20.5325100806451
0.3066796875,-15.5325100806451
0.30671875,-8.53251008064512
0.3067578125,-0.532510080645125
0.306796875,4.46748991935488
0.3068359375,6.46748991935488
0.306875,7.46748991935488
0.3069140625,8.46748991935488
0.306953125,13.4674899193549
0.3069921875,18.4674899193549
0.30703125,20.4674899193549
0.3070703125,22.4674899193549
0.307109375,22.4674899193549
0.3071484375,20.4674899193549
0.3071875,19.4674899193549
0.3072265625,20.4674899193549
0.307265625,19.4674899193549
0.3073046875,16.4674899193549
0.30734375,13.4674899193549
0.3073828125,6.46748991935488
0.307421875,3.46748991935488
0.3074609375,1.46748991935488
0.3075,2.46748991935488
0.3075390625,5.46748991935488
0.307578125,10.4674899193549
0.3076171875,15.4674899193549
0.30765625,21.4674899193549
0.3076953125,28.4674899193549
0.307734375,33.4674899193549
0.3077734375,37.4674899193549
0.3078125,33.4674899193549
0.3078515625,23.4674899193549
0.307890625,11.4674899193549
0.3079296875,1.46748991935488
0.30796875,-4.53251008064512
0.3080078125,-6.53251008064512
0.308046875,-10.5325100806451
0.3080859375,-14.5325100806451
0.308125,-23.5325100806451
0.3081640625,-29.5325100806451
0.308203125,-33.5325100806451
0.3082421875,-30.5325100806451
0.30828125,-28.5325100806451
0.3083203125,-26.5325100806451
0.308359375,-25.5325100806451
0.3083984375,-25.5325100806451
0.3084375,-27.5325100806451
0.3084765625,-28.5325100806451
0.308515625,-32.5325100806451
0.3085546875,-34.5325100806451
0.30859375,-34.5325100806451
0.3086328125,-34.5325100806451
0.308671875,-30.5325100806451
0.3087109375,-21.5325100806451
0.30875,-11.5325100806451
0.3087890625,-3.53251008064512
0.308828125,3.46748991935488
0.3088671875,9.46748991935488
0.30890625,16.4674899193549
0.3089453125,19.4674899193549
0.308984375,24.4674899193549
0.3090234375,28.4674899193549
0.3090625,33.4674899193549
0.3091015625,34.4674899193549
0.309140625,31.4674899193549
0.3091796875,32.4674899193549
0.30921875,31.4674899193549
0.3092578125,32.4674899193549
0.309296875,32.4674899193549
0.3093359375,28.4674899193549
0.309375,24.4674899193549
0.3094140625,18.4674899193549
0.309453125,8.46748991935488
0.3094921875,-4.53251008064512
0.30953125,-16.5325100806451
0.3095703125,-23.5325100806451
0.309609375,-27.5325100806451
0.3096484375,-28.5325100806451
0.3096875,-24.5325100806451
0.3097265625,-19.5325100806451
0.309765625,-15.5325100806451
0.3098046875,-13.5325100806451
0.30984375,-9.53251008064512
0.3098828125,-3.53251008064512
0.309921875,-0.532510080645125
0.3099609375,0.467489919354875
0.31,-0.532510080645125
0.3100390625,-5.53251008064512
0.310078125,-15.5325100806451
0.3101171875,-26.5325100806451
0.31015625,-36.5325100806451
0.3101953125,-40.5325100806451
0.310234375,-41.5325100806451
0.3102734375,-39.5325100806451
0.3103125,-28.5325100806451
0.3103515625,-0.532510080645125
0.310390625,34.4674899193549
0.3104296875,52.4674899193549
0.31046875,41.4674899193549
0.3105078125,13.4674899193549
0.310546875,-13.5325100806451
0.3105859375,-23.5325100806451
0.310625,-11.5325100806451
0.3106640625,7.46748991935488
0.310703125,22.4674899193549
0.3107421875,32.4674899193549
0.31078125,46.4674899193549
0.3108203125,71.4674899193549
0.310859375,97.4674899193549
0.3108984375,104.467489919355
0.3109375,80.4674899193549
0.3109765625,43.4674899193549
0.311015625,15.4674899193549
0.3110546875,0.467489919354875
0.31109375,-3.53251008064512
0.3111328125,-11.5325100806451
0.311171875,-37.5325100806451
0.3112109375,-81.5325100806451
0.31125,-117.532510080645
0.3112890625,-127.532510080645
0.311328125,-113.532510080645
0.3113671875,-88.5325100806451
0.31140625,-65.5325100806451
0.3114453125,-51.5325100806451
0.311484375,-36.5325100806451
0.3115234375,-13.5325100806451
0.3115625,12.4674899193549
0.3116015625,31.4674899193549
0.311640625,42.4674899193549
0.3116796875,38.4674899193549
0.31171875,33.4674899193549
0.3117578125,39.4674899193549
0.311796875,57.4674899193549
0.3118359375,75.4674899193549
0.311875,91.4674899193549
0.3119140625,98.4674899193549
0.311953125,100.467489919355
0.3119921875,98.4674899193549
0.31203125,94.4674899193549
0.3120703125,80.4674899193549
0.312109375,56.4674899193549
0.3121484375,23.4674899193549
0.3121875,-14.5325100806451
0.3122265625,-45.5325100806451
0.312265625,-67.5325100806451
0.3123046875,-79.5325100806451
0.31234375,-80.5325100806451
0.3123828125,-79.5325100806451
0.312421875,-80.5325100806451
0.3124609375,-82.5325100806451
0.3125,-78.5325100806451
0.3125390625,-64.5325100806451
0.312578125,-47.5325100806451
0.3126171875,-33.5325100806451
0.31265625,-22.5325100806451
0.3126953125,-21.5325100806451
0.312734375,-19.5325100806451
0.3127734375,-13.5325100806451
0.3128125,0.467489919354875
0.3128515625,17.4674899193549
0.312890625,28.4674899193549
0.3129296875,32.4674899193549
0.31296875,34.4674899193549
0.3130078125,37.4674899193549
0.313046875,41.4674899193549
0.3130859375,44.4674899193549
0.313125,42.4674899193549
0.3131640625,37.4674899193549
0.313203125,28.4674899193549
0.3132421875,13.4674899193549
0.31328125,-1.53251008064512
0.3133203125,-13.5325100806451
0.313359375,-26.5325100806451
0.3133984375,-38.5325100806451
0.3134375,-47.5325100806451
0.3134765625,-54.5325100806451
0.313515625,-54.5325100806451
0.3135546875,-50.5325100806451
0.31359375,-42.5325100806451
0.3136328125,-36.5325100806451
0.313671875,-32.5325100806451
0.3137109375,-30.5325100806451
0.31375,-25.5325100806451
0.3137890625,-14.5325100806451
0.313828125,-1.53251008064512
0.3138671875,12.4674899193549
0.31390625,24.4674899193549
0.3139453125,32.4674899193549
0.313984375,38.4674899193549
0.3140234375,40.4674899193549
0.3140625,44.4674899193549
0.3141015625,51.4674899193549
0.314140625,59.4674899193549
0.3141796875,64.4674899193549
0.31421875,70.4674899193549
0.3142578125,71.4674899193549
0.314296875,68.4674899193549
0.3143359375,58.4674899193549
0.314375,45.4674899193549
0.3144140625,26.4674899193549
0.314453125,9.46748991935488
0.3144921875,-5.53251008064512
0.31453125,-18.5325100806451
0.3145703125,-19.5325100806451
0.314609375,-15.5325100806451
0.3146484375,-21.5325100806451
0.3146875,-38.5325100806451
0.3147265625,-53.5325100806451
0.314765625,-61.5325100806451
0.3148046875,-66.5325100806451
0.31484375,-65.5325100806451
0.3148828125,-62.5325100806451
0.314921875,-60.5325100806451
0.3149609375,-53.5325100806451
0.315,-41.5325100806451
0.3150390625,-27.5325100806451
0.315078125,-7.53251008064512
0.3151171875,10.4674899193549
0.31515625,24.4674899193549
0.3151953125,34.4674899193549
0.315234375,47.4674899193549
0.3152734375,56.4674899193549
0.3153125,60.4674899193549
0.3153515625,60.4674899193549
0.315390625,51.4674899193549
0.3154296875,38.4674899193549
0.31546875,26.4674899193549
0.3155078125,18.4674899193549
0.315546875,11.4674899193549
0.3155859375,2.46748991935488
0.315625,-9.53251008064512
0.3156640625,-18.5325100806451
0.315703125,-25.5325100806451
0.3157421875,-29.5325100806451
0.31578125,-30.5325100806451
0.3158203125,-28.5325100806451
0.315859375,-24.5325100806451
0.3158984375,-21.5325100806451
0.3159375,-16.5325100806451
0.3159765625,-9.53251008064512
0.316015625,-3.53251008064512
0.3160546875,3.46748991935488
0.31609375,10.4674899193549
0.3161328125,16.4674899193549
0.316171875,19.4674899193549
0.3162109375,23.4674899193549
0.31625,25.4674899193549
0.3162890625,24.4674899193549
0.316328125,23.4674899193549
0.3163671875,22.4674899193549
0.31640625,22.4674899193549
0.3164453125,23.4674899193549
0.316484375,17.4674899193549
0.3165234375,13.4674899193549
0.3165625,11.4674899193549
0.3166015625,5.46748991935488
0.316640625,-5.53251008064512
0.3166796875,-14.5325100806451
0.31671875,-25.5325100806451
0.3167578125,-34.5325100806451
0.316796875,-43.5325100806451
0.3168359375,-49.5325100806451
0.316875,-55.5325100806451
0.3169140625,-60.5325100806451
0.316953125,-62.5325100806451
0.3169921875,-59.5325100806451
0.31703125,-56.5325100806451
0.3170703125,-53.5325100806451
0.317109375,-46.5325100806451
0.3171484375,-39.5325100806451
0.3171875,-30.5325100806451
0.3172265625,-21.5325100806451
0.317265625,-16.5325100806451
0.3173046875,-9.53251008064512
0.31734375,-0.532510080645125
0.3173828125,11.4674899193549
0.317421875,21.4674899193549
0.3174609375,31.4674899193549
0.3175,41.4674899193549
0.3175390625,50.4674899193549
0.317578125,56.4674899193549
0.3176171875,57.4674899193549
0.31765625,54.4674899193549
0.3176953125,52.4674899193549
0.317734375,47.4674899193549
0.3177734375,43.4674899193549
0.3178125,38.4674899193549
0.3178515625,35.4674899193549
0.317890625,34.4674899193549
0.3179296875,33.4674899193549
0.31796875,31.4674899193549
0.3180078125,26.4674899193549
0.318046875,22.4674899193549
0.3180859375,19.4674899193549
0.318125,12.4674899193549
0.3181640625,4.46748991935488
0.318203125,-5.53251008064512
0.3182421875,-12.5325100806451
0.31828125,-19.5325100806451
0.3183203125,-24.5325100806451
0.318359375,-25.5325100806451
0.3183984375,-26.5325100806451
0.3184375,-25.5325100806451
0.3184765625,-22.5325100806451
0.318515625,-20.5325100806451
0.3185546875,-16.5325100806451
0.31859375,-16.5325100806451
0.3186328125,-16.5325100806451
0.318671875,-14.5325100806451
0.3187109375,-12.5325100806451
0.31875,-12.5325100806451
0.3187890625,-14.5325100806451
0.318828125,-17.5325100806451
0.3188671875,-18.5325100806451
0.31890625,-23.5325100806451
0.3189453125,-24.5325100806451
0.318984375,-21.5325100806451
0.3190234375,-15.5325100806451
0.3190625,-8.53251008064512
0.3191015625,-2.53251008064512
0.319140625,6.46748991935488
0.3191796875,14.4674899193549
0.31921875,22.4674899193549
0.3192578125,26.4674899193549
0.319296875,33.4674899193549
0.3193359375,37.4674899193549
0.319375,38.4674899193549
0.3194140625,37.4674899193549
0.319453125,31.4674899193549
0.3194921875,23.4674899193549
0.31953125,14.4674899193549
0.3195703125,6.46748991935488
0.319609375,1.46748991935488
0.3196484375,-3.53251008064512
0.3196875,-8.53251008064512
0.3197265625,-10.5325100806451
0.319765625,-10.5325100806451
0.3198046875,-8.53251008064512
0.31984375,-7.53251008064512
0.3198828125,-7.53251008064512
0.319921875,-10.5325100806451
0.3199609375,-12.5325100806451
0.32,-15.5325100806451
0.3200390625,-17.5325100806451
0.320078125,-18.5325100806451
0.3201171875,-20.5325100806451
0.32015625,-21.5325100806451
0.3201953125,-24.5325100806451
0.320234375,-27.5325100806451
0.3202734375,-30.5325100806451
0.3203125,-26.5325100806451
0.3203515625,-21.5325100806451
0.320390625,-14.5325100806451
0.3204296875,-4.53251008064512
0.32046875,3.46748991935488
0.3205078125,6.46748991935488
0.320546875,6.46748991935488
0.3205859375,5.46748991935488
0.320625,7.46748991935488
0.3206640625,10.4674899193549
0.320703125,11.4674899193549
0.3207421875,11.4674899193549
0.32078125,10.4674899193549
0.3208203125,6.46748991935488
0.320859375,6.46748991935488
0.3208984375,7.46748991935488
0.3209375,7.46748991935488
0.3209765625,7.46748991935488
0.321015625,10.4674899193549
0.3210546875,15.4674899193549
0.32109375,24.4674899193549
0.3211328125,34.4674899193549
0.321171875,40.4674899193549
0.3212109375,39.4674899193549
0.32125,34.4674899193549
0.3212890625,28.4674899193549
0.321328125,20.4674899193549
0.3213671875,14.4674899193549
0.32140625,7.46748991935488
0.3214453125,-0.532510080645125
0.321484375,-9.53251008064512
0.3215234375,-16.5325100806451
0.3215625,-20.5325100806451
0.3216015625,-16.5325100806451
0.321640625,-6.53251008064512
0.3216796875,-1.53251008064512
0.32171875,1.46748991935488
0.3217578125,0.467489919354875
0.321796875,-5.53251008064512
0.3218359375,-12.5325100806451
0.321875,-20.5325100806451
0.3219140625,-30.5325100806451
0.321953125,-34.5325100806451
0.3219921875,-37.5325100806451
0.32203125,-37.5325100806451
0.3220703125,-36.5325100806451
0.322109375,-32.5325100806451
0.3221484375,-30.5325100806451
0.3221875,-24.5325100806451
0.3222265625,-15.5325100806451
0.322265625,-5.53251008064512
0.3223046875,3.46748991935488
0.32234375,11.4674899193549
0.3223828125,19.4674899193549
0.322421875,25.4674899193549
0.3224609375,26.4674899193549
0.3225,24.4674899193549
0.3225390625,22.4674899193549
0.322578125,20.4674899193549
0.3226171875,19.4674899193549
0.32265625,20.4674899193549
0.3226953125,19.4674899193549
0.322734375,20.4674899193549
0.3227734375,20.4674899193549
0.3228125,18.4674899193549
0.3228515625,14.4674899193549
0.322890625,10.4674899193549
0.3229296875,9.46748991935488
0.32296875,8.46748991935488
0.3230078125,6.46748991935488
0.323046875,3.46748991935488
0.3230859375,-2.53251008064512
0.323125,-10.5325100806451
0.3231640625,-14.5325100806451
0.323203125,-17.5325100806451
0.3232421875,-17.5325100806451
0.32328125,-16.5325100806451
0.3233203125,-19.5325100806451
0.323359375,-20.5325100806451
0.3233984375,-20.5325100806451
0.3234375,-20.5325100806451
0.3234765625,-19.5325100806451
0.323515625,-14.5325100806451
0.3235546875,-7.53251008064512
0.32359375,-3.53251008064512
0.3236328125,-2.53251008064512
0.323671875,-2.53251008064512
0.3237109375,0.467489919354875
0.32375,2.46748991935488
0.3237890625,3.46748991935488
0.323828125,3.46748991935488
0.3238671875,3.46748991935488
0.32390625,1.46748991935488
0.3239453125,-0.532510080645125
0.323984375,-2.53251008064512
0.3240234375,-4.53251008064512
0.3240625,-6.53251008064512
0.3241015625,-8.53251008064512
0.324140625,-12.5325100806451
0.3241796875,-15.5325100806451
0.32421875,-15.5325100806451
0.3242578125,-12.5325100806451
0.324296875,-7.53251008064512
0.3243359375,-0.532510080645125
0.324375,4.46748991935488
0.3244140625,8.46748991935488
0.324453125,10.4674899193549
0.3244921875,11.4674899193549
0.32453125,16.4674899193549
0.3245703125,21.4674899193549
0.324609375,25.4674899193549
0.3246484375,24.4674899193549
0.3246875,19.4674899193549
0.3247265625,11.4674899193549
0.324765625,3.46748991935488
0.3248046875,0.467489919354875
0.32484375,0.467489919354875
0.3248828125,5.46748991935488
0.324921875,11.4674899193549
0.3249609375,14.4674899193549
0.325,17.4674899193549
0.3250390625,18.4674899193549
0.325078125,19.4674899193549
0.3251171875,18.4674899193549
0.32515625,17.4674899193549
0.3251953125,15.4674899193549
0.325234375,15.4674899193549
0.3252734375,12.4674899193549
0.3253125,12.4674899193549
0.3253515625,12.4674899193549
0.325390625,10.4674899193549
0.3254296875,6.46748991935488
0.32546875,-0.532510080645125
0.3255078125,-8.53251008064512
0.325546875,-16.5325100806451
0.3255859375,-23.5325100806451
0.325625,-30.5325100806451
0.3256640625,-37.5325100806451
0.325703125,-43.5325100806451
0.3257421875,-47.5325100806451
0.32578125,-48.5325100806451
0.3258203125,-41.5325100806451
0.325859375,-30.5325100806451
0.3258984375,-18.5325100806451
0.3259375,-7.53251008064512
0.3259765625,0.467489919354875
0.326015625,5.46748991935488
0.3260546875,5.46748991935488
0.32609375,3.46748991935488
0.3261328125,2.46748991935488
0.326171875,4.46748991935488
0.3262109375,6.46748991935488
0.32625,5.46748991935488
0.3262890625,5.46748991935488
0.326328125,5.46748991935488
0.3263671875,5.46748991935488
0.32640625,4.46748991935488
0.3264453125,4.46748991935488
0.326484375,6.46748991935488
0.3265234375,6.46748991935488
0.3265625,8.46748991935488
0.3266015625,11.4674899193549
0.326640625,18.4674899193549
0.3266796875,22.4674899193549
0.32671875,22.4674899193549
0.3267578125,19.4674899193549
0.326796875,14.4674899193549
0.3268359375,7.46748991935488
0.326875,2.46748991935488
0.3269140625,-2.53251008064512
0.326953125,-3.53251008064512
0.3269921875,-5.53251008064512
0.32703125,-7.53251008064512
0.3270703125,-8.53251008064512
0.327109375,-8.53251008064512
0.3271484375,-5.53251008064512
0.3271875,-2.53251008064512
0.3272265625,-3.53251008064512
0.327265625,-5.53251008064512
0.3273046875,-10.5325100806451
0.32734375,-15.5325100806451
0.3273828125,-21.5325100806451
0.327421875,-23.5325100806451
0.3274609375,-20.5325100806451
0.3275,-15.5325100806451
0.3275390625,-10.5325100806451
0.327578125,-4.53251008064512
0.3276171875,-0.532510080645125
0.32765625,3.46748991935488
0.3276953125,6.46748991935488
0.327734375,11.4674899193549
0.3277734375,15.4674899193549
0.3278125,19.4674899193549
0.3278515625,15.4674899193549
0.327890625,18.4674899193549
0.3279296875,7.46748991935488
0.32796875,0.467489919354875
0.3280078125,40.4674899193549
0.328046875,97.4674899193549
0.3280859375,116.467489919355
0.328125,83.4674899193549
0.3281640625,17.4674899193549
0.328203125,-50.5325100806451
0.3282421875,-89.5325100806451
0.32828125,-82.5325100806451
0.3283203125,-49.5325100806451
0.328359375,-13.5325100806451
0.3283984375,9.46748991935488
0.3284375,18.4674899193549
0.3284765625,15.4674899193549
0.328515625,5.46748991935488
0.3285546875,-7.53251008064512
0.32859375,-7.53251008064512
0.3286328125,-2.53251008064512
0.328671875,-5.53251008064512
0.3287109375,-32.5325100806451
0.32875,-77.5325100806451
0.3287890625,-113.532510080645
0.328828125,-122.532510080645
0.3288671875,-103.532510080645
0.32890625,-69.5325100806451
0.3289453125,-32.5325100806451
0.328984375,-5.53251008064512
0.3290234375,0.467489919354875
0.3290625,-3.53251008064512
0.3291015625,0.467489919354875
0.329140625,10.4674899193549
0.3291796875,26.4674899193549
0.32921875,55.4674899193549
0.3292578125,90.4674899193549
0.329296875,117.467489919355
0.3293359375,123.467489919355
0.329375,115.467489919355
0.3294140625,100.467489919355
0.329453125,86.4674899193549
0.3294921875,76.4674899193549
0.32953125,69.4674899193549
0.3295703125,61.4674899193549
0.329609375,44.4674899193549
0.3296484375,19.4674899193549
0.3296875,-7.53251008064512
0.3297265625,-31.5325100806451
0.329765625,-48.5325100806451
0.3298046875,-62.5325100806451
0.32984375,-67.5325100806451
0.3298828125,-69.5325100806451
0.329921875,-75.5325100806451
0.3299609375,-83.5325100806451
0.33,-89.5325100806451
0.3300390625,-87.5325100806451
0.330078125,-76.5325100806451
0.3301171875,-57.5325100806451
0.33015625,-33.5325100806451
0.3301953125,-8.53251008064512
0.330234375,10.4674899193549
0.3302734375,21.4674899193549
0.3303125,27.4674899193549
0.3303515625,38.4674899193549
0.330390625,46.4674899193549
0.3304296875,54.4674899193549
0.33046875,53.4674899193549
0.3305078125,48.4674899193549
0.330546875,39.4674899193549
0.3305859375,28.4674899193549
0.330625,19.4674899193549
0.3306640625,13.4674899193549
0.330703125,5.46748991935488
0.3307421875,-1.53251008064512
0.33078125,-8.53251008064512
0.3308203125,-17.5325100806451
0.330859375,-31.5325100806451
0.3308984375,-48.5325100806451
0.3309375,-59.5325100806451
0.3309765625,-59.5325100806451
0.331015625,-51.5325100806451
0.3310546875,-40.5325100806451
0.33109375,-25.5325100806451
0.3311328125,-11.5325100806451
0.331171875,3.46748991935488
0.3312109375,18.4674899193549
0.33125,34.4674899193549
0.3312890625,46.4674899193549
0.331328125,55.4674899193549
0.3313671875,62.4674899193549
0.33140625,66.4674899193549
0.3314453125,61.4674899193549
0.331484375,49.4674899193549
0.3315234375,35.4674899193549
0.3315625,22.4674899193549
0.3316015625,17.4674899193549
0.331640625,21.4674899193549
0.3316796875,27.4674899193549
0.33171875,29.4674899193549
0.3317578125,24.4674899193549
0.331796875,14.4674899193549
0.3318359375,4.46748991935488
0.331875,-4.53251008064512
0.3319140625,-12.5325100806451
0.331953125,-26.5325100806451
0.3319921875,-41.5325100806451
0.33203125,-56.5325100806451
0.3320703125,-70.5325100806451
0.332109375,-79.5325100806451
0.3321484375,-80.5325100806451
0.3321875,-80.5325100806451
0.3322265625,-78.5325100806451
0.332265625,-73.5325100806451
0.3323046875,-61.5325100806451
0.33234375,-49.5325100806451
0.3323828125,-34.5325100806451
0.332421875,-22.5325100806451
0.3324609375,-11.5325100806451
0.3325,-4.53251008064512
0.3325390625,5.46748991935488
0.332578125,17.4674899193549
0.3326171875,27.4674899193549
0.33265625,33.4674899193549
0.3326953125,39.4674899193549
0.332734375,41.4674899193549
0.3327734375,43.4674899193549
0.3328125,44.4674899193549
0.3328515625,39.4674899193549
0.332890625,43.4674899193549
0.3329296875,59.4674899193549
0.33296875,68.4674899193549
0.3330078125,60.4674899193549
0.333046875,42.4674899193549
0.3330859375,24.4674899193549
0.333125,8.46748991935488
0.3331640625,-4.53251008064512
0.333203125,-11.5325100806451
0.3332421875,-19.5325100806451
0.33328125,-28.5325100806451
0.3333203125,-37.5325100806451
0.333359375,-38.5325100806451
0.3333984375,-31.5325100806451
0.3334375,-21.5325100806451
0.3334765625,-7.53251008064512
0.333515625,9.46748991935488
0.3335546875,17.4674899193549
0.33359375,21.4674899193549
0.3336328125,21.4674899193549
0.333671875,16.4674899193549
0.3337109375,13.4674899193549
0.33375,11.4674899193549
0.3337890625,10.4674899193549
0.333828125,14.4674899193549
0.3338671875,16.4674899193549
0.33390625,15.4674899193549
0.3339453125,8.46748991935488
0.333984375,3.46748991935488
0.3340234375,-1.53251008064512
0.3340625,-6.53251008064512
0.3341015625,-10.5325100806451
0.334140625,-14.5325100806451
0.3341796875,-25.5325100806451
0.33421875,-44.5325100806451
0.3342578125,-59.5325100806451
0.334296875,-67.5325100806451
0.3343359375,-68.5325100806451
0.334375,-63.5325100806451
0.3344140625,-52.5325100806451
0.334453125,-38.5325100806451
0.3344921875,-23.5325100806451
0.33453125,-8.53251008064512
0.3345703125,7.46748991935488
0.334609375,21.4674899193549
0.3346484375,37.4674899193549
0.3346875,49.4674899193549
0.3347265625,55.4674899193549
0.334765625,55.4674899193549
0.3348046875,51.4674899193549
0.33484375,43.4674899193549
0.3348828125,35.4674899193549
0.334921875,33.4674899193549
0.3349609375,33.4674899193549
0.335,33.4674899193549
0.3350390625,35.4674899193549
0.335078125,38.4674899193549
0.3351171875,37.4674899193549
0.33515625,31.4674899193549
0.3351953125,21.4674899193549
0.335234375,10.4674899193549
0.3352734375,2.46748991935488
0.3353125,-1.53251008064512
0.3353515625,-7.53251008064512
0.335390625,-15.5325100806451
0.3354296875,-23.5325100806451
0.33546875,-30.5325100806451
0.3355078125,-32.5325100806451
0.335546875,-32.5325100806451
0.3355859375,-29.5325100806451
0.335625,-24.5325100806451
0.3356640625,-17.5325100806451
0.335703125,-15.5325100806451
0.3357421875,-13.5325100806451
0.33578125,-13.5325100806451
0.3358203125,-13.5325100806451
0.335859375,-12.5325100806451
0.3358984375,-11.5325100806451
0.3359375,-14.5325100806451
0.3359765625,-19.5325100806451
0.336015625,-26.5325100806451
0.3360546875,-32.5325100806451
0.33609375,-35.5325100806451
0.3361328125,-37.5325100806451
0.336171875,-38.5325100806451
0.3362109375,-38.5325100806451
0.33625,-33.5325100806451
0.3362890625,-25.5325100806451
0.336328125,-15.5325100806451
0.3363671875,-5.53251008064512
0.33640625,6.46748991935488
0.3364453125,16.4674899193549
0.336484375,24.4674899193549
0.3365234375,29.4674899193549
0.3365625,34.4674899193549
0.3366015625,38.4674899193549
0.336640625,41.4674899193549
0.3366796875,37.4674899193549
0.33671875,32.4674899193549
0.3367578125,28.4674899193549
0.336796875,23.4674899193549
0.3368359375,18.4674899193549
0.336875,16.4674899193549
0.3369140625,14.4674899193549
0.336953125,11.4674899193549
0.3369921875,7.46748991935488
0.33703125,6.46748991935488
0.3370703125,7.46748991935488
0.337109375,10.4674899193549
0.3371484375,11.4674899193549
0.3371875,11.4674899193549
0.3372265625,9.46748991935488
0.337265625,4.46748991935488
0.3373046875,-2.53251008064512
0.33734375,-10.5325100806451
0.3373828125,-17.5325100806451
0.337421875,-24.5325100806451
0.3374609375,-29.5325100806451
0.3375,-35.5325100806451
0.3375390625,-38.5325100806451
0.337578125,-35.5325100806451
0.3376171875,-30.5325100806451
0.33765625,-23.5325100806451
0.3376953125,-16.5325100806451
0.337734375,-11.5325100806451
0.3377734375,-6.53251008064512
0.3378125,-1.53251008064512
0.3378515625,2.46748991935488
0.337890625,6.46748991935488
0.3379296875,11.4674899193549
0.33796875,16.4674899193549
0.3380078125,19.4674899193549
0.338046875,19.4674899193549
0.3380859375,16.4674899193549
0.338125,15.4674899193549
0.3381640625,13.4674899193549
0.338203125,12.4674899193549
0.3382421875,10.4674899193549
0.33828125,5.46748991935488
0.3383203125,1.46748991935488
0.338359375,-3.53251008064512
0.3383984375,-4.53251008064512
0.3384375,-5.53251008064512
0.3384765625,-6.53251008064512
0.338515625,-2.53251008064512
0.3385546875,2.46748991935488
0.33859375,11.4674899193549
0.3386328125,20.4674899193549
0.338671875,29.4674899193549
0.3387109375,36.4674899193549
0.33875,37.4674899193549
0.3387890625,34.4674899193549
0.338828125,27.4674899193549
0.3388671875,20.4674899193549
0.33890625,14.4674899193549
0.3389453125,5.46748991935488
0.338984375,-2.53251008064512
0.3390234375,-6.53251008064512
0.3390625,-10.5325100806451
0.3391015625,-10.5325100806451
0.339140625,-12.5325100806451
0.3391796875,-11.5325100806451
0.33921875,-10.5325100806451
0.3392578125,-10.5325100806451
0.339296875,-6.53251008064512
0.3393359375,-5.53251008064512
0.339375,-6.53251008064512
0.3394140625,-12.5325100806451
0.339453125,-19.5325100806451
0.3394921875,-23.5325100806451
0.33953125,-26.5325100806451
0.3395703125,-28.5325100806451
0.339609375,-29.5325100806451
0.3396484375,-30.5325100806451
0.3396875,-28.5325100806451
0.3397265625,-27.5325100806451
0.339765625,-24.5325100806451
0.3398046875,-17.5325100806451
0.33984375,-7.53251008064512
0.3398828125,-0.532510080645125
0.339921875,8.46748991935488
0.3399609375,14.4674899193549
0.34,18.4674899193549
0.3400390625,20.4674899193549
0.340078125,19.4674899193549
0.3401171875,15.4674899193549
0.34015625,14.4674899193549
0.3401953125,15.4674899193549
0.340234375,14.4674899193549
0.3402734375,14.4674899193549
0.3403125,13.4674899193549
0.3403515625,10.4674899193549
0.340390625,4.46748991935488
0.3404296875,-1.53251008064512
0.34046875,-4.53251008064512
0.3405078125,-5.53251008064512
0.340546875,-4.53251008064512
0.3405859375,-2.53251008064512
0.340625,-1.53251008064512
0.3406640625,-0.532510080645125
0.340703125,-1.53251008064512
0.3407421875,-1.53251008064512
0.34078125,1.46748991935488
0.3408203125,6.46748991935488
0.340859375,12.4674899193549
0.3408984375,13.4674899193549
0.3409375,11.4674899193549
0.3409765625,6.46748991935488
0.341015625,1.46748991935488
0.3410546875,-6.53251008064512
0.34109375,-10.5325100806451
0.3411328125,-12.5325100806451
0.341171875,-13.5325100806451
0.3412109375,-14.5325100806451
0.34125,-13.5325100806451
0.3412890625,-11.5325100806451
0.341328125,-9.53251008064512
0.3413671875,-10.5325100806451
0.34140625,-11.5325100806451
0.3414453125,-13.5325100806451
0.341484375,-15.5325100806451
0.3415234375,-17.5325100806451
0.3415625,-19.5325100806451
0.3416015625,-21.5325100806451
0.341640625,-22.5325100806451
0.3416796875,-20.5325100806451
0.34171875,-17.5325100806451
0.3417578125,-11.5325100806451
0.341796875,-3.53251008064512
0.3418359375,3.46748991935488
0.341875,8.46748991935488
0.3419140625,12.4674899193549
0.341953125,20.4674899193549
0.3419921875,26.4674899193549
0.34203125,29.4674899193549
0.3420703125,28.4674899193549
0.342109375,29.4674899193549
0.3421484375,30.4674899193549
0.3421875,29.4674899193549
0.3422265625,31.4674899193549
0.342265625,33.4674899193549
0.3423046875,32.4674899193549
0.34234375,29.4674899193549
0.3423828125,24.4674899193549
0.342421875,20.4674899193549
0.3424609375,18.4674899193549
0.3425,17.4674899193549
0.3425390625,16.4674899193549
0.342578125,15.4674899193549
0.3426171875,8.46748991935488
0.34265625,-0.532510080645125
0.3426953125,-8.53251008064512
0.342734375,-14.5325100806451
0.3427734375,-17.5325100806451
0.3428125,-19.5325100806451
0.3428515625,-24.5325100806451
0.342890625,-28.5325100806451
0.3429296875,-31.5325100806451
0.34296875,-36.5325100806451
0.3430078125,-39.5325100806451
0.343046875,-39.5325100806451
0.3430859375,-36.5325100806451
0.343125,-32.5325100806451
0.3431640625,-27.5325100806451
0.343203125,-21.5325100806451
0.3432421875,-13.5325100806451
0.34328125,-6.53251008064512
0.3433203125,-3.53251008064512
0.343359375,-3.53251008064512
0.3433984375,-5.53251008064512
0.3434375,-4.53251008064512
0.3434765625,-1.53251008064512
0.343515625,2.46748991935488
0.3435546875,5.46748991935488
0.34359375,8.46748991935488
0.3436328125,9.46748991935488
0.343671875,10.4674899193549
0.3437109375,14.4674899193549
0.34375,19.4674899193549
0.3437890625,27.4674899193549
0.343828125,30.4674899193549
0.3438671875,29.4674899193549
0.34390625,28.4674899193549
0.3439453125,24.4674899193549
0.343984375,20.4674899193549
0.3440234375,18.4674899193549
0.3440625,16.4674899193549
0.3441015625,14.4674899193549
0.344140625,11.4674899193549
0.3441796875,7.46748991935488
0.34421875,3.46748991935488
0.3442578125,0.467489919354875
0.344296875,-3.53251008064512
0.3443359375,-4.53251008064512
0.344375,-4.53251008064512
0.3444140625,-3.53251008064512
0.344453125,-3.53251008064512
0.3444921875,-1.53251008064512
0.34453125,1.46748991935488
0.3445703125,4.46748991935488
0.344609375,3.46748991935488
0.3446484375,-0.532510080645125
0.3446875,-11.5325100806451
0.3447265625,-26.5325100806451
0.344765625,-36.5325100806451
0.3448046875,-47.5325100806451
0.34484375,-40.5325100806451
0.3448828125,-5.53251008064512
0.344921875,38.4674899193549
0.3449609375,58.4674899193549
0.345,41.4674899193549
0.3450390625,-6.53251008064512
0.345078125,-56.5325100806451
0.3451171875,-83.5325100806451
0.34515625,-77.5325100806451
0.3451953125,-56.5325100806451
0.345234375,-37.5325100806451
0.3452734375,-15.5325100806451
0.3453125,14.4674899193549
0.3453515625,62.4674899193549
0.345390625,112.467489919355
0.3454296875,126.467489919355
0.34546875,92.4674899193549
0.3455078125,35.4674899193549
0.345546875,-2.53251008064512
0.3455859375,-9.53251008064512
0.345625,1.46748991935488
0.3456640625,7.46748991935488
0.345703125,-7.53251008064512
0.3457421875,-35.5325100806451
0.34578125,-54.5325100806451
0.3458203125,-54.5325100806451
0.345859375,-48.5325100806451
0.3458984375,-54.5325100806451
0.3459375,-73.5325100806451
0.3459765625,-90.5325100806451
0.346015625,-92.5325100806451
0.3460546875,-79.5325100806451
0.34609375,-58.5325100806451
0.3461328125,-38.5325100806451
0.346171875,-18.5325100806451
0.3462109375,2.46748991935488
0.34625,29.4674899193549
0.3462890625,53.4674899193549
0.346328125,67.4674899193549
0.3463671875,73.4674899193549
0.34640625,76.4674899193549
0.3464453125,80.4674899193549
0.346484375,85.4674899193549
0.3465234375,91.4674899193549
0.3465625,90.4674899193549
0.3466015625,85.4674899193549
0.346640625,74.4674899193549
0.3466796875,61.4674899193549
0.34671875,40.4674899193549
0.3467578125,17.4674899193549
0.346796875,-4.53251008064512
0.3468359375,-22.5325100806451
0.346875,-35.5325100806451
0.3469140625,-42.5325100806451
0.346953125,-47.5325100806451
0.3469921875,-50.5325100806451
0.34703125,-47.5325100806451
0.3470703125,-40.5325100806451
0.347109375,-32.5325100806451
0.3471484375,-25.5325100806451
0.3471875,-16.5325100806451
0.3472265625,-12.5325100806451
0.347265625,-9.53251008064512
0.3473046875,-3.53251008064512
0.34734375,1.46748991935488
0.3473828125,0.467489919354875
0.347421875,-0.532510080645125
0.3474609375,-3.53251008064512
0.3475,-3.53251008064512
0.3475390625,-5.53251008064512
0.347578125,-11.5325100806451
0.3476171875,-21.5325100806451
0.34765625,-31.5325100806451
0.3476953125,-39.5325100806451
0.347734375,-41.5325100806451
0.3477734375,-37.5325100806451
0.3478125,-33.5325100806451
0.3478515625,-25.5325100806451
0.347890625,-19.5325100806451
0.3479296875,-13.5325100806451
0.34796875,-6.53251008064512
0.3480078125,2.46748991935488
0.348046875,10.4674899193549
0.3480859375,18.4674899193549
0.348125,26.4674899193549
0.3481640625,31.4674899193549
0.348203125,30.4674899193549
0.3482421875,30.4674899193549
0.34828125,30.4674899193549
0.3483203125,34.4674899193549
0.348359375,34.4674899193549
0.3483984375,28.4674899193549
0.3484375,23.4674899193549
0.3484765625,20.4674899193549
0.348515625,20.4674899193549
0.3485546875,24.4674899193549
0.34859375,29.4674899193549
0.3486328125,32.4674899193549
0.348671875,35.4674899193549
0.3487109375,38.4674899193549
0.34875,40.4674899193549
0.3487890625,39.4674899193549
0.348828125,32.4674899193549
0.3488671875,15.4674899193549
0.34890625,-1.53251008064512
0.3489453125,-15.5325100806451
0.348984375,-24.5325100806451
0.3490234375,-36.5325100806451
0.3490625,-50.5325100806451
0.3491015625,-66.5325100806451
0.349140625,-82.5325100806451
0.3491796875,-90.5325100806451
0.34921875,-79.5325100806451
0.3492578125,-58.5325100806451
0.349296875,-44.5325100806451
0.3493359375,-38.5325100806451
0.349375,-38.5325100806451
0.3494140625,-36.5325100806451
0.349453125,-25.5325100806451
0.3494921875,-11.5325100806451
0.34953125,-1.53251008064512
0.3495703125,2.46748991935488
0.349609375,6.46748991935488
0.3496484375,11.4674899193549
0.3496875,17.4674899193549
0.3497265625,20.4674899193549
0.349765625,21.4674899193549
0.3498046875,24.4674899193549
0.34984375,34.4674899193549
0.3498828125,51.4674899193549
0.349921875,69.4674899193549
0.3499609375,84.4674899193549
0.35,91.4674899193549
0.3500390625,91.4674899193549
0.350078125,86.4674899193549
0.3501171875,77.4674899193549
0.35015625,66.4674899193549
0.3501953125,49.4674899193549
0.350234375,26.4674899193549
0.3502734375,8.46748991935488
0.3503125,-7.53251008064512
0.3503515625,-23.5325100806451
0.350390625,-39.5325100806451
0.3504296875,-48.5325100806451
0.35046875,-53.5325100806451
0.3505078125,-56.5325100806451
0.350546875,-55.5325100806451
0.3505859375,-51.5325100806451
0.350625,-49.5325100806451
0.3506640625,-47.5325100806451
0.350703125,-41.5325100806451
0.3507421875,-33.5325100806451
0.35078125,-25.5325100806451
0.3508203125,-22.5325100806451
0.350859375,-18.5325100806451
0.3508984375,-16.5325100806451
0.3509375,-15.5325100806451
0.3509765625,-14.5325100806451
0.351015625,-14.5325100806451
0.3510546875,-13.5325100806451
0.35109375,-14.5325100806451
0.3511328125,-17.5325100806451
0.351171875,-20.5325100806451
0.3512109375,-22.5325100806451
0.35125,-22.5325100806451
0.3512890625,-22.5325100806451
0.351328125,-21.5325100806451
0.3513671875,-19.5325100806451
0.35140625,-16.5325100806451
0.3514453125,-14.5325100806451
0.351484375,-10.5325100806451
0.3515234375,-7.53251008064512
0.3515625,-3.53251008064512
0.3516015625,1.46748991935488
0.351640625,11.4674899193549
0.3516796875,20.4674899193549
0.35171875,27.4674899193549
0.3517578125,31.4674899193549
0.351796875,33.4674899193549
0.3518359375,35.4674899193549
0.351875,36.4674899193549
0.3519140625,37.4674899193549
0.351953125,38.4674899193549
0.3519921875,40.4674899193549
0.35203125,43.4674899193549
0.3520703125,47.4674899193549
0.352109375,48.4674899193549
0.3521484375,48.4674899193549
0.3521875,49.4674899193549
0.3522265625,50.4674899193549
0.352265625,51.4674899193549
0.3523046875,46.4674899193549
0.35234375,37.4674899193549
0.3523828125,28.4674899193549
0.352421875,16.4674899193549
0.3524609375,5.46748991935488
0.3525,-6.53251008064512
0.3525390625,-18.5325100806451
0.352578125,-26.5325100806451
0.3526171875,-31.5325100806451
0.35265625,-36.5325100806451
0.3526953125,-39.5325100806451
0.352734375,-40.5325100806451
0.3527734375,-40.5325100806451
0.3528125,-38.5325100806451
0.3528515625,-35.5325100806451
0.352890625,-34.5325100806451
0.3529296875,-34.5325100806451
0.35296875,-34.5325100806451
0.3530078125,-32.5325100806451
0.353046875,-31.5325100806451
0.3530859375,-29.5325100806451
0.353125,-25.5325100806451
0.3531640625,-21.5325100806451
0.353203125,-14.5325100806451
0.3532421875,-10.5325100806451
0.35328125,-7.53251008064512
0.3533203125,-7.53251008064512
0.353359375,-2.53251008064512
0.3533984375,0.467489919354875
0.3534375,3.46748991935488
0.3534765625,5.46748991935488
0.353515625,10.4674899193549
0.3535546875,15.4674899193549
0.35359375,20.4674899193549
0.3536328125,23.4674899193549
0.353671875,28.4674899193549
0.3537109375,32.4674899193549
0.35375,35.4674899193549
0.3537890625,36.4674899193549
0.353828125,37.4674899193549
0.3538671875,34.4674899193549
0.35390625,32.4674899193549
0.3539453125,29.4674899193549
0.353984375,24.4674899193549
0.3540234375,17.4674899193549
0.3540625,6.46748991935488
0.3541015625,-6.53251008064512
0.354140625,-16.5325100806451
0.3541796875,-25.5325100806451
0.35421875,-31.5325100806451
0.3542578125,-32.5325100806451
0.354296875,-33.5325100806451
0.3543359375,-34.5325100806451
0.354375,-34.5325100806451
0.3544140625,-34.5325100806451
0.354453125,-34.5325100806451
0.3544921875,-32.5325100806451
0.35453125,-29.5325100806451
0.3545703125,-26.5325100806451
0.354609375,-23.5325100806451
0.3546484375,-19.5325100806451
0.3546875,-15.5325100806451
0.3547265625,-14.5325100806451
0.354765625,-14.5325100806451
0.3548046875,-12.5325100806451
0.35484375,-7.53251008064512
0.3548828125,-0.532510080645125
0.354921875,3.46748991935488
0.3549609375,7.46748991935488
0.355,11.4674899193549
0.3550390625,11.4674899193549
0.355078125,10.4674899193549
0.3551171875,8.46748991935488
0.35515625,6.46748991935488
0.3551953125,3.46748991935488
0.355234375,2.46748991935488
0.3552734375,3.46748991935488
0.3553125,4.46748991935488
0.3553515625,6.46748991935488
0.355390625,6.46748991935488
0.3554296875,10.4674899193549
0.35546875,21.4674899193549
0.3555078125,33.4674899193549
0.355546875,45.4674899193549
0.3555859375,51.4674899193549
0.355625,54.4674899193549
0.3556640625,54.4674899193549
0.355703125,52.4674899193549
0.3557421875,47.4674899193549
0.35578125,40.4674899193549
0.3558203125,32.4674899193549
0.355859375,24.4674899193549
0.3558984375,18.4674899193549
0.3559375,14.4674899193549
0.3559765625,13.4674899193549
0.356015625,10.4674899193549
0.3560546875,6.46748991935488
0.35609375,1.46748991935488
0.3561328125,-2.53251008064512
0.356171875,-2.53251008064512
0.3562109375,-3.53251008064512
0.35625,-5.53251008064512
0.3562890625,-8.53251008064512
0.356328125,-14.5325100806451
0.3563671875,-22.5325100806451
0.35640625,-28.5325100806451
0.3564453125,-32.5325100806451
0.356484375,-35.5325100806451
0.3565234375,-39.5325100806451
0.3565625,-43.5325100806451
0.3566015625,-47.5325100806451
0.356640625,-49.5325100806451
0.3566796875,-49.5325100806451
0.35671875,-49.5325100806451
0.3567578125,-45.5325100806451
0.356796875,-39.5325100806451
0.3568359375,-31.5325100806451
0.356875,-23.5325100806451
0.3569140625,-14.5325100806451
0.356953125,-4.53251008064512
0.3569921875,-0.532510080645125
0.35703125,3.46748991935488
0.3570703125,5.46748991935488
0.357109375,7.46748991935488
0.3571484375,9.46748991935488
0.3571875,14.4674899193549
0.3572265625,18.4674899193549
0.357265625,25.4674899193549
0.3573046875,29.4674899193549
0.35734375,29.4674899193549
0.3573828125,27.4674899193549
0.357421875,22.4674899193549
0.3574609375,18.4674899193549
0.3575,17.4674899193549
0.3575390625,15.4674899193549
0.357578125,13.4674899193549
0.3576171875,9.46748991935488
0.35765625,3.46748991935488
0.3576953125,-1.53251008064512
0.357734375,-5.53251008064512
0.3577734375,-8.53251008064512
0.3578125,-12.5325100806451
0.3578515625,-15.5325100806451
0.357890625,-16.5325100806451
0.3579296875,-18.5325100806451
0.35796875,-17.5325100806451
0.3580078125,-14.5325100806451
0.358046875,-8.53251008064512
0.3580859375,-2.53251008064512
0.358125,0.467489919354875
0.3581640625,2.46748991935488
0.358203125,4.46748991935488
0.3582421875,7.46748991935488
0.35828125,8.46748991935488
0.3583203125,6.46748991935488
0.358359375,1.46748991935488
0.3583984375,-3.53251008064512
0.3584375,-7.53251008064512
0.3584765625,-8.53251008064512
0.358515625,-4.53251008064512
0.3585546875,-0.532510080645125
0.35859375,3.46748991935488
0.3586328125,7.46748991935488
0.358671875,8.46748991935488
0.3587109375,9.46748991935488
0.35875,9.46748991935488
0.3587890625,11.4674899193549
0.358828125,12.4674899193549
0.3588671875,12.4674899193549
0.35890625,10.4674899193549
0.3589453125,8.46748991935488
0.358984375,6.46748991935488
0.3590234375,4.46748991935488
0.3590625,4.46748991935488
0.3591015625,5.46748991935488
0.359140625,8.46748991935488
0.3591796875,13.4674899193549
0.35921875,19.4674899193549
0.3592578125,23.4674899193549
0.359296875,24.4674899193549
0.3593359375,24.4674899193549
0.359375,25.4674899193549
0.3594140625,22.4674899193549
0.359453125,18.4674899193549
0.3594921875,12.4674899193549
0.35953125,5.46748991935488
0.3595703125,-2.53251008064512
0.359609375,-11.5325100806451
0.3596484375,-14.5325100806451
0.3596875,-14.5325100806451
0.3597265625,-10.5325100806451
0.359765625,-7.53251008064512
0.3598046875,-5.53251008064512
0.35984375,-4.53251008064512
0.3598828125,-3.53251008064512
0.359921875,-7.53251008064512
0.3599609375,-14.5325100806451
0.36,-22.5325100806451
0.3600390625,-29.5325100806451
0.360078125,-34.5325100806451
0.3601171875,-36.5325100806451
0.36015625,-38.5325100806451
0.3601953125,-36.5325100806451
0.360234375,-37.5325100806451
0.3602734375,-36.5325100806451
0.3603125,-34.5325100806451
0.3603515625,-28.5325100806451
0.360390625,-22.5325100806451
0.3604296875,-16.5325100806451
0.36046875,-11.5325100806451
0.3605078125,-5.53251008064512
0.360546875,-2.53251008064512
0.3605859375,-0.532510080645125
0.360625,3.46748991935488
0.3606640625,10.4674899193549
0.360703125,16.4674899193549
0.3607421875,22.4674899193549
0.36078125,23.4674899193549
0.3608203125,23.4674899193549
0.360859375,23.4674899193549
0.3608984375,23.4674899193549
0.3609375,26.4674899193549
0.3609765625,28.4674899193549
0.361015625,29.4674899193549
0.3610546875,28.4674899193549
0.36109375,26.4674899193549
0.3611328125,24.4674899193549
0.361171875,22.4674899193549
0.3612109375,19.4674899193549
0.36125,15.4674899193549
0.3612890625,13.4674899193549
0.361328125,10.4674899193549
0.3613671875,8.46748991935488
0.36140625,6.46748991935488
0.3614453125,4.46748991935488
0.361484375,2.46748991935488
0.3615234375,-2.53251008064512
0.3615625,-7.53251008064512
0.3616015625,-7.53251008064512
0.361640625,-6.53251008064512
0.3616796875,-6.53251008064512
0.36171875,-6.53251008064512
0.3617578125,-9.53251008064512
0.361796875,-15.5325100806451
0.3618359375,-17.5325100806451
0.361875,-19.5325100806451
0.3619140625,-25.5325100806451
0.361953125,-28.5325100806451
0.3619921875,-25.5325100806451
0.36203125,-15.5325100806451
0.3620703125,5.46748991935488
0.362109375,24.4674899193549
0.3621484375,33.4674899193549
0.3621875,25.4674899193549
0.3622265625,6.46748991935488
0.362265625,-12.5325100806451
0.3623046875,-20.5325100806451
0.36234375,-17.5325100806451
0.3623828125,-4.53251008064512
0.362421875,5.46748991935488
0.3624609375,9.46748991935488
0.3625,13.4674899193549
0.3625390625,18.4674899193549
0.362578125,26.4674899193549
0.3626171875,36.4674899193549
0.36265625,40.4674899193549
0.3626953125,41.4674899193549
0.362734375,36.4674899193549
0.3627734375,28.4674899193549
0.3628125,17.4674899193549
0.3628515625,1.46748991935488
0.362890625,-18.5325100806451
0.3629296875,-42.5325100806451
0.36296875,-62.5325100806451
0.3630078125,-73.5325100806451
0.363046875,-81.5325100806451
0.3630859375,-86.5325100806451
0.363125,-88.5325100806451
0.3631640625,-88.5325100806451
0.363203125,-84.5325100806451
0.3632421875,-69.5325100806451
0.36328125,-48.5325100806451
0.3633203125,-24.5325100806451
0.363359375,-4.53251008064512
0.3633984375,9.46748991935488
0.3634375,24.4674899193549
0.3634765625,39.4674899193549
0.363515625,58.4674899193549
0.3635546875,74.4674899193549
0.36359375,81.4674899193549
0.3636328125,81.4674899193549
0.363671875,73.4674899193549
0.3637109375,58.4674899193549
0.36375,39.4674899193549
0.3637890625,25.4674899193549
0.363828125,14.4674899193549
0.3638671875,4.46748991935488
0.36390625,-6.53251008064512
0.3639453125,-12.5325100806451
0.363984375,-14.5325100806451
0.3640234375,-14.5325100806451
0.3640625,-7.53251008064512
0.3641015625,1.46748991935488
0.364140625,7.46748991935488
0.3641796875,11.4674899193549
0.36421875,11.4674899193549
0.3642578125,10.4674899193549
0.364296875,10.4674899193549
0.3643359375,8.46748991935488
0.364375,7.46748991935488
0.3644140625,9.46748991935488
0.364453125,12.4674899193549
0.3644921875,14.4674899193549
0.36453125,8.46748991935488
0.3645703125,1.46748991935488
0.364609375,-5.53251008064512
0.3646484375,-13.5325100806451
0.3646875,-17.5325100806451
0.3647265625,-17.5325100806451
0.364765625,-16.5325100806451
0.3648046875,-15.5325100806451
0.36484375,-14.5325100806451
0.3648828125,-14.5325100806451
0.364921875,-13.5325100806451
0.3649609375,-8.53251008064512
0.365,-1.53251008064512
0.3650390625,4.46748991935488
0.365078125,11.4674899193549
0.3651171875,14.4674899193549
0.36515625,17.4674899193549
0.3651953125,15.4674899193549
0.365234375,13.4674899193549
0.3652734375,9.46748991935488
0.3653125,8.46748991935488
0.3653515625,10.4674899193549
0.365390625,10.4674899193549
0.3654296875,9.46748991935488
0.36546875,4.46748991935488
0.3655078125,0.467489919354875
0.365546875,-1.53251008064512
0.3655859375,-1.53251008064512
0.365625,-3.53251008064512
0.3656640625,-8.53251008064512
0.365703125,-11.5325100806451
0.3657421875,-15.5325100806451
0.36578125,-13.5325100806451
0.3658203125,-14.5325100806451
0.365859375,-11.5325100806451
0.3658984375,-6.53251008064512
0.3659375,-14.5325100806451
0.3659765625,-27.5325100806451
0.366015625,-32.5325100806451
0.3660546875,-29.5325100806451
0.36609375,-12.5325100806451
0.3661328125,13.4674899193549
0.366171875,20.4674899193549
0.3662109375,9.46748991935488
0.36625,-8.53251008064512
0.3662890625,-28.5325100806451
0.366328125,-42.5325100806451
0.3663671875,-40.5325100806451
0.36640625,-33.5325100806451
0.3664453125,-32.5325100806451
0.366484375,-41.5325100806451
0.3665234375,-45.5325100806451
0.3665625,-43.5325100806451
0.3666015625,-32.5325100806451
0.366640625,-15.5325100806451
0.3666796875,1.46748991935488
0.36671875,17.4674899193549
0.3667578125,31.4674899193549
0.366796875,44.4674899193549
0.3668359375,57.4674899193549
0.366875,71.4674899193549
0.3669140625,77.4674899193549
0.366953125,76.4674899193549
0.3669921875,74.4674899193549
0.36703125,76.4674899193549
0.3670703125,77.4674899193549
0.367109375,71.4674899193549
0.3671484375,57.4674899193549
0.3671875,42.4674899193549
0.3672265625,21.4674899193549
0.367265625,2.46748991935488
0.3673046875,-9.53251008064512
0.36734375,-13.5325100806451
0.3673828125,-16.5325100806451
0.367421875,-24.5325100806451
0.3674609375,-35.5325100806451
0.3675,-43.5325100806451
0.3675390625,-47.5325100806451
0.367578125,-48.5325100806451
0.3676171875,-40.5325100806451
0.36765625,-30.5325100806451
0.3676953125,-22.5325100806451
0.367734375,-19.5325100806451
0.3677734375,-18.5325100806451
0.3678125,-12.5325100806451
0.3678515625,-3.53251008064512
0.367890625,3.46748991935488
0.3679296875,10.4674899193549
0.36796875,14.4674899193549
0.3680078125,13.4674899193549
0.368046875,9.46748991935488
0.3680859375,1.46748991935488
0.368125,-2.53251008064512
0.3681640625,-5.53251008064512
0.368203125,-8.53251008064512
0.3682421875,-10.5325100806451
0.36828125,-14.5325100806451
0.3683203125,-20.5325100806451
0.368359375,-25.5325100806451
0.3683984375,-30.5325100806451
0.3684375,-33.5325100806451
0.3684765625,-34.5325100806451
0.368515625,-32.5325100806451
0.3685546875,-27.5325100806451
0.36859375,-19.5325100806451
0.3686328125,-10.5325100806451
0.368671875,-3.53251008064512
0.3687109375,-1.53251008064512
0.36875,0.467489919354875
0.3687890625,2.46748991935488
0.368828125,4.46748991935488
0.3688671875,7.46748991935488
0.36890625,10.4674899193549
0.3689453125,11.4674899193549
0.368984375,11.4674899193549
0.3690234375,11.4674899193549
0.3690625,13.4674899193549
0.3691015625,16.4674899193549
0.369140625,23.4674899193549
0.3691796875,31.4674899193549
0.36921875,34.4674899193549
0.3692578125,33.4674899193549
0.369296875,30.4674899193549
0.3693359375,26.4674899193549
0.369375,20.4674899193549
0.3694140625,14.4674899193549
0.369453125,11.4674899193549
0.3694921875,10.4674899193549
0.36953125,9.46748991935488
0.3695703125,6.46748991935488
0.369609375,3.46748991935488
0.3696484375,3.46748991935488
0.3696875,2.46748991935488
0.3697265625,-0.532510080645125
0.369765625,-5.53251008064512
0.3698046875,-13.5325100806451
0.36984375,-20.5325100806451
0.3698828125,-25.5325100806451
0.369921875,-29.5325100806451
0.3699609375,-29.5325100806451
0.37,-28.5325100806451
0.3700390625,-28.5325100806451
0.370078125,-25.5325100806451
0.3701171875,-20.5325100806451
0.37015625,-13.5325100806451
0.3701953125,-5.53251008064512
0.370234375,3.46748991935488
0.3702734375,15.4674899193549
0.3703125,24.4674899193549
0.3703515625,30.4674899193549
0.370390625,30.4674899193549
0.3704296875,29.4674899193549
0.37046875,26.4674899193549
0.3705078125,20.4674899193549
0.370546875,15.4674899193549
0.3705859375,14.4674899193549
0.370625,15.4674899193549
0.3706640625,14.4674899193549
0.370703125,12.4674899193549
0.3707421875,11.4674899193549
0.37078125,8.46748991935488
0.3708203125,6.46748991935488
0.370859375,3.46748991935488
0.3708984375,0.467489919354875
0.3709375,-2.53251008064512
0.3709765625,-6.53251008064512
0.371015625,-9.53251008064512
0.3710546875,-15.5325100806451
0.37109375,-17.5325100806451
0.3711328125,-17.5325100806451
0.371171875,-16.5325100806451
0.3712109375,-10.5325100806451
0.37125,-7.53251008064512
0.3712890625,-6.53251008064512
0.371328125,-7.53251008064512
0.3713671875,-8.53251008064512
0.37140625,-6.53251008064512
0.3714453125,-3.53251008064512
0.371484375,0.467489919354875
0.3715234375,0.467489919354875
0.3715625,-0.532510080645125
0.3716015625,-5.53251008064512
0.371640625,-9.53251008064512
0.3716796875,-12.5325100806451
0.37171875,-13.5325100806451
0.3717578125,-9.53251008064512
0.371796875,-8.53251008064512
0.3718359375,-7.53251008064512
0.371875,-10.5325100806451
0.3719140625,-11.5325100806451
0.371953125,-13.5325100806451
0.3719921875,-16.5325100806451
0.37203125,-19.5325100806451
0.3720703125,-18.5325100806451
0.372109375,-14.5325100806451
0.3721484375,-9.53251008064512
0.3721875,-5.53251008064512
0.3722265625,-4.53251008064512
0.372265625,-5.53251008064512
0.3723046875,-7.53251008064512
0.37234375,-8.53251008064512
0.3723828125,-6.53251008064512
0.372421875,-4.53251008064512
0.3724609375,-3.53251008064512
0.3725,-1.53251008064512
0.3725390625,-3.53251008064512
0.372578125,-1.53251008064512
0.3726171875,-0.532510080645125
0.37265625,4.46748991935488
0.3726953125,13.4674899193549
0.372734375,23.4674899193549
0.3727734375,32.4674899193549
0.3728125,41.4674899193549
0.3728515625,46.4674899193549
0.372890625,50.4674899193549
0.3729296875,52.4674899193549
0.37296875,49.4674899193549
0.3730078125,44.4674899193549
0.373046875,38.4674899193549
0.3730859375,30.4674899193549
0.373125,22.4674899193549
0.3731640625,15.4674899193549
0.373203125,10.4674899193549
0.3732421875,6.46748991935488
0.37328125,4.46748991935488
0.3733203125,-0.532510080645125
0.373359375,-5.53251008064512
0.3733984375,-6.53251008064512
0.3734375,-4.53251008064512
0.3734765625,-6.53251008064512
0.373515625,-7.53251008064512
0.3735546875,-10.5325100806451
0.37359375,-17.5325100806451
0.3736328125,-26.5325100806451
0.373671875,-28.5325100806451
0.3737109375,-28.5325100806451
0.37375,-27.5325100806451
0.3737890625,-26.5325100806451
0.373828125,-26.5325100806451
0.3738671875,-23.5325100806451
0.37390625,-23.5325100806451
0.3739453125,-24.5325100806451
0.373984375,-25.5325100806451
0.3740234375,-23.5325100806451
0.3740625,-23.5325100806451
0.3741015625,-24.5325100806451
0.374140625,-24.5325100806451
0.3741796875,-25.5325100806451
0.37421875,-22.5325100806451
0.3742578125,-19.5325100806451
0.374296875,-15.5325100806451
0.3743359375,-6.53251008064512
0.374375,2.46748991935488
0.3744140625,12.4674899193549
0.374453125,23.4674899193549
0.3744921875,34.4674899193549
0.37453125,40.4674899193549
0.3745703125,41.4674899193549
0.374609375,39.4674899193549
0.3746484375,34.4674899193549
0.3746875,29.4674899193549
0.3747265625,23.4674899193549
0.374765625,17.4674899193549
0.3748046875,10.4674899193549
0.37484375,4.46748991935488
0.3748828125,-2.53251008064512
0.374921875,-9.53251008064512
0.3749609375,-11.5325100806451
0.375,-10.5325100806451
0.3750390625,-6.53251008064512
0.375078125,-2.53251008064512
0.3751171875,0.467489919354875
0.37515625,0.467489919354875
0.3751953125,0.467489919354875
0.375234375,-1.53251008064512
0.3752734375,-2.53251008064512
0.3753125,-3.53251008064512
0.3753515625,-5.53251008064512
0.375390625,-10.5325100806451
0.3754296875,-16.5325100806451
0.37546875,-18.5325100806451
0.3755078125,-20.5325100806451
0.375546875,-22.5325100806451
0.3755859375,-23.5325100806451
0.375625,-26.5325100806451
0.3756640625,-28.5325100806451
0.375703125,-28.5325100806451
0.3757421875,-26.5325100806451
0.37578125,-21.5325100806451
0.3758203125,-15.5325100806451
0.375859375,-7.53251008064512
0.3758984375,-0.532510080645125
0.3759375,7.46748991935488
0.3759765625,15.4674899193549
0.376015625,24.4674899193549
0.3760546875,33.4674899193549
0.37609375,42.4674899193549
0.3761328125,50.4674899193549
0.376171875,55.4674899193549
0.3762109375,53.4674899193549
0.37625,47.4674899193549
0.3762890625,40.4674899193549
0.376328125,32.4674899193549
0.3763671875,25.4674899193549
0.37640625,17.4674899193549
0.3764453125,10.4674899193549
0.376484375,6.46748991935488
0.3765234375,4.46748991935488
0.3765625,4.46748991935488
0.3766015625,5.46748991935488
0.376640625,8.46748991935488
0.3766796875,10.4674899193549
0.37671875,11.4674899193549
0.3767578125,9.46748991935488
0.376796875,6.46748991935488
0.3768359375,1.46748991935488
0.376875,-6.53251008064512
0.3769140625,-14.5325100806451
0.376953125,-20.5325100806451
0.3769921875,-24.5325100806451
0.37703125,-26.5325100806451
0.3770703125,-26.5325100806451
0.377109375,-26.5325100806451
0.3771484375,-26.5325100806451
0.3771875,-27.5325100806451
0.3772265625,-30.5325100806451
0.377265625,-30.5325100806451
0.3773046875,-29.5325100806451
0.37734375,-29.5325100806451
0.3773828125,-27.5325100806451
0.377421875,-24.5325100806451
0.3774609375,-23.5325100806451
0.3775,-21.5325100806451
0.3775390625,-17.5325100806451
0.377578125,-14.5325100806451
0.3776171875,-8.53251008064512
0.37765625,-1.53251008064512
0.3776953125,-1.53251008064512
0.377734375,2.46748991935488
0.3777734375,6.46748991935488
0.3778125,9.46748991935488
0.3778515625,12.4674899193549
0.377890625,15.4674899193549
0.3779296875,17.4674899193549
0.37796875,14.4674899193549
0.3780078125,7.46748991935488
0.378046875,1.46748991935488
0.3780859375,-0.532510080645125
0.378125,3.46748991935488
0.3781640625,14.4674899193549
0.378203125,32.4674899193549
0.3782421875,46.4674899193549
0.37828125,42.4674899193549
0.3783203125,28.4674899193549
0.378359375,10.4674899193549
0.3783984375,-3.53251008064512
0.3784375,-15.5325100806451
0.3784765625,-30.5325100806451
0.378515625,-47.5325100806451
0.3785546875,-56.5325100806451
0.37859375,-47.5325100806451
0.3786328125,-18.5325100806451
0.378671875,20.4674899193549
0.3787109375,54.4674899193549
0.37875,72.4674899193549
0.3787890625,73.4674899193549
0.378828125,61.4674899193549
0.3788671875,44.4674899193549
0.37890625,23.4674899193549
0.3789453125,2.46748991935488
0.378984375,-22.5325100806451
0.3790234375,-43.5325100806451
0.3790625,-55.5325100806451
0.3791015625,-59.5325100806451
0.379140625,-48.5325100806451
0.3791796875,-37.5325100806451
0.37921875,-29.5325100806451
0.3792578125,-23.5325100806451
0.379296875,-20.5325100806451
0.3793359375,-18.5325100806451
0.379375,-19.5325100806451
0.3794140625,-24.5325100806451
0.379453125,-32.5325100806451
0.3794921875,-40.5325100806451
0.37953125,-40.5325100806451
0.3795703125,-32.5325100806451
0.379609375,-13.5325100806451
0.3796484375,5.46748991935488
0.3796875,21.4674899193549
0.3797265625,35.4674899193549
0.379765625,45.4674899193549
0.3798046875,56.4674899193549
0.37984375,66.4674899193549
0.3798828125,74.4674899193549
0.379921875,79.4674899193549
0.3799609375,84.4674899193549
0.38,87.4674899193549
0.3800390625,87.4674899193549
0.380078125,84.4674899193549
0.3801171875,73.4674899193549
0.38015625,60.4674899193549
0.3801953125,43.4674899193549
0.380234375,25.4674899193549
0.3802734375,11.4674899193549
0.3803125,-0.532510080645125
0.3803515625,-11.5325100806451
0.380390625,-19.5325100806451
0.3804296875,-28.5325100806451
0.38046875,-38.5325100806451
0.3805078125,-46.5325100806451
0.380546875,-48.5325100806451
0.3805859375,-50.5325100806451
0.380625,-52.5325100806451
0.3806640625,-55.5325100806451
0.380703125,-60.5325100806451
0.3807421875,-67.5325100806451
0.38078125,-73.5325100806451
0.3808203125,-75.5325100806451
0.380859375,-74.5325100806451
0.3808984375,-68.5325100806451
0.3809375,-58.5325100806451
0.3809765625,-48.5325100806451
0.381015625,-36.5325100806451
0.3810546875,-26.5325100806451
0.38109375,-15.5325100806451
0.3811328125,-6.53251008064512
0.381171875,1.46748991935488
0.3812109375,4.46748991935488
0.38125,6.46748991935488
0.3812890625,8.46748991935488
0.381328125,8.46748991935488
0.3813671875,9.46748991935488
0.38140625,10.4674899193549
0.3814453125,13.4674899193549
0.381484375,17.4674899193549
0.3815234375,24.4674899193549
0.3815625,35.4674899193549
0.3816015625,44.4674899193549
0.381640625,48.4674899193549
0.3816796875,51.4674899193549
0.38171875,50.4674899193549
0.3817578125,45.4674899193549
0.381796875,39.4674899193549
0.3818359375,33.4674899193549
0.381875,27.4674899193549
0.3819140625,21.4674899193549
0.381953125,15.4674899193549
0.3819921875,13.4674899193549
0.38203125,14.4674899193549
0.3820703125,15.4674899193549
0.382109375,16.4674899193549
0.3821484375,17.4674899193549
0.3821875,15.4674899193549
0.3822265625,12.4674899193549
0.382265625,6.46748991935488
0.3823046875,-1.53251008064512
0.38234375,-10.5325100806451
0.3823828125,-24.5325100806451
0.382421875,-37.5325100806451
0.3824609375,-50.5325100806451
0.3825,-57.5325100806451
0.3825390625,-61.5325100806451
0.382578125,-58.5325100806451
0.3826171875,-51.5325100806451
0.38265625,-40.5325100806451
0.3826953125,-29.5325100806451
0.382734375,-14.5325100806451
0.3827734375,0.467489919354875
0.3828125,14.4674899193549
0.3828515625,23.4674899193549
0.382890625,29.4674899193549
0.3829296875,30.4674899193549
0.38296875,24.4674899193549
0.3830078125,13.4674899193549
0.383046875,-0.532510080645125
0.3830859375,-12.5325100806451
0.383125,-17.5325100806451
0.3831640625,-14.5325100806451
0.383203125,-4.53251008064512
0.3832421875,6.46748991935488
0.38328125,19.4674899193549
0.3833203125,32.4674899193549
0.383359375,42.4674899193549
0.3833984375,51.4674899193549
0.3834375,53.4674899193549
0.3834765625,53.4674899193549
0.383515625,53.4674899193549
0.3835546875,48.4674899193549
0.38359375,40.4674899193549
0.3836328125,30.4674899193549
0.383671875,17.4674899193549
0.3837109375,5.46748991935488
0.38375,-2.53251008064512
0.3837890625,-6.53251008064512
0.383828125,-9.53251008064512
0.3838671875,-11.5325100806451
0.38390625,-14.5325100806451
0.3839453125,-17.5325100806451
0.383984375,-18.5325100806451
0.3840234375,-21.5325100806451
0.3840625,-26.5325100806451
0.3841015625,-29.5325100806451
0.384140625,-30.5325100806451
0.3841796875,-29.5325100806451
0.38421875,-30.5325100806451
0.3842578125,-33.5325100806451
0.384296875,-36.5325100806451
0.3843359375,-40.5325100806451
0.384375,-47.5325100806451
0.3844140625,-49.5325100806451
0.384453125,-49.5325100806451
0.3844921875,-46.5325100806451
0.38453125,-46.5325100806451
0.3845703125,-45.5325100806451
0.384609375,-40.5325100806451
0.3846484375,-36.5325100806451
0.3846875,-28.5325100806451
0.3847265625,-20.5325100806451
0.384765625,-15.5325100806451
0.3848046875,-10.5325100806451
0.38484375,-7.53251008064512
0.3848828125,-7.53251008064512
0.384921875,-2.53251008064512
0.3849609375,1.46748991935488
0.385,6.46748991935488
0.3850390625,14.4674899193549
0.385078125,24.4674899193549
0.3851171875,37.4674899193549
0.38515625,48.4674899193549
0.3851953125,57.4674899193549
0.385234375,66.4674899193549
0.3852734375,75.4674899193549
0.3853125,77.4674899193549
0.3853515625,75.4674899193549
0.385390625,70.4674899193549
0.3854296875,65.4674899193549
0.38546875,60.4674899193549
0.3855078125,57.4674899193549
0.385546875,53.4674899193549
0.3855859375,49.4674899193549
0.385625,41.4674899193549
0.3856640625,33.4674899193549
0.385703125,24.4674899193549
0.3857421875,16.4674899193549
0.38578125,10.4674899193549
0.3858203125,2.46748991935488
0.385859375,-4.53251008064512
0.3858984375,-13.5325100806451
0.3859375,-19.5325100806451
0.3859765625,-25.5325100806451
0.386015625,-30.5325100806451
0.3860546875,-33.5325100806451
0.38609375,-35.5325100806451
0.3861328125,-40.5325100806451
0.386171875,-45.5325100806451
0.3862109375,-50.5325100806451
0.38625,-51.5325100806451
0.3862890625,-52.5325100806451
0.386328125,-51.5325100806451
0.3863671875,-52.5325100806451
0.38640625,-51.5325100806451
0.3864453125,-50.5325100806451
0.386484375,-49.5325100806451
0.3865234375,-47.5325100806451
0.3865625,-44.5325100806451
0.3866015625,-38.5325100806451
0.386640625,-33.5325100806451
0.3866796875,-26.5325100806451
0.38671875,-14.5325100806451
0.3867578125,2.46748991935488
0.386796875,19.4674899193549
0.3868359375,36.4674899193549
0.386875,50.4674899193549
0.3869140625,55.4674899193549
0.386953125,54.4674899193549
0.3869921875,52.4674899193549
0.38703125,49.4674899193549
0.3870703125,45.4674899193549
0.387109375,40.4674899193549
0.3871484375,31.4674899193549
0.3871875,18.4674899193549
0.3872265625,8.46748991935488
0.387265625,0.467489919354875
0.3873046875,-6.53251008064512
0.38734375,-8.53251008064512
0.3873828125,-9.53251008064512
0.387421875,-7.53251008064512
0.3874609375,-5.53251008064512
0.3875,-3.53251008064512
0.3875390625,-2.53251008064512
0.387578125,-2.53251008064512
0.3876171875,-5.53251008064512
0.38765625,-11.5325100806451
0.3876953125,-17.5325100806451
0.387734375,-25.5325100806451
0.3877734375,-32.5325100806451
0.3878125,-38.5325100806451
0.3878515625,-39.5325100806451
0.387890625,-38.5325100806451
0.3879296875,-34.5325100806451
0.38796875,-26.5325100806451
0.3880078125,-15.5325100806451
0.388046875,-3.53251008064512
0.3880859375,8.46748991935488
0.388125,21.4674899193549
0.3881640625,29.4674899193549
0.388203125,33.4674899193549
0.3882421875,32.4674899193549
0.38828125,27.4674899193549
0.3883203125,20.4674899193549
0.388359375,12.4674899193549
0.3883984375,4.46748991935488
0.3884375,-3.53251008064512
0.3884765625,-6.53251008064512
0.388515625,-5.53251008064512
0.3885546875,-4.53251008064512
0.38859375,-1.53251008064512
0.3886328125,0.467489919354875
0.388671875,6.46748991935488
0.3887109375,13.4674899193549
0.38875,23.4674899193549
0.3887890625,32.4674899193549
0.388828125,37.4674899193549
0.3888671875,38.4674899193549
0.38890625,31.4674899193549
0.3889453125,23.4674899193549
0.388984375,16.4674899193549
0.3890234375,14.4674899193549
0.3890625,12.4674899193549
0.3891015625,12.4674899193549
0.389140625,12.4674899193549
0.3891796875,10.4674899193549
0.38921875,10.4674899193549
0.3892578125,5.46748991935488
0.389296875,2.46748991935488
0.3893359375,2.46748991935488
0.389375,1.46748991935488
0.3894140625,0.467489919354875
0.389453125,0.467489919354875
0.3894921875,-1.53251008064512
0.38953125,-6.53251008064512
0.3895703125,-13.5325100806451
0.389609375,-18.5325100806451
0.3896484375,-22.5325100806451
0.3896875,-26.5325100806451
0.3897265625,-28.5325100806451
0.389765625,-31.5325100806451
0.3898046875,-35.5325100806451
0.38984375,-38.5325100806451
0.3898828125,-42.5325100806451
0.389921875,-43.5325100806451
0.3899609375,-41.5325100806451
0.39,-33.5325100806451
0.3900390625,-23.5325100806451
0.390078125,-16.5325100806451
0.3901171875,-9.53251008064512
0.39015625,-6.53251008064512
0.3901953125,-4.53251008064512
0.390234375,-2.53251008064512
0.3902734375,0.467489919354875
0.3903125,6.46748991935488
0.3903515625,14.4674899193549
0.390390625,18.4674899193549
0.3904296875,21.4674899193549
0.39046875,22.4674899193549
0.3905078125,22.4674899193549
0.390546875,21.4674899193549
0.3905859375,20.4674899193549
0.390625,18.4674899193549
0.3906640625,16.4674899193549
0.390703125,14.4674899193549
0.3907421875,17.4674899193549
0.39078125,20.4674899193549
0.3908203125,22.4674899193549
0.390859375,20.4674899193549
0.3908984375,14.4674899193549
0.3909375,6.46748991935488
0.3909765625,0.467489919354875
0.391015625,-4.53251008064512
0.3910546875,-9.53251008064512
0.39109375,-13.5325100806451
0.3911328125,-17.5325100806451
0.391171875,-20.5325100806451
0.3912109375,-23.5325100806451
0.39125,-24.5325100806451
0.3912890625,-21.5325100806451
0.391328125,-16.5325100806451
0.3913671875,-13.5325100806451
0.39140625,-9.53251008064512
0.3914453125,-7.53251008064512
0.391484375,-8.53251008064512
0.3915234375,-10.5325100806451
0.3915625,-14.5325100806451
0.3916015625,-14.5325100806451
0.391640625,-9.53251008064512
0.3916796875,-1.53251008064512
0.39171875,8.46748991935488
0.3917578125,15.4674899193549
0.391796875,22.4674899193549
0.3918359375,26.4674899193549
0.391875,25.4674899193549
0.3919140625,22.4674899193549
0.391953125,19.4674899193549
0.3919921875,15.4674899193549
0.39203125,16.4674899193549
0.3920703125,18.4674899193549
0.392109375,20.4674899193549
0.3921484375,20.4674899193549
0.3921875,19.4674899193549
0.3922265625,17.4674899193549
0.392265625,14.4674899193549
0.3923046875,12.4674899193549
0.39234375,12.4674899193549
0.3923828125,13.4674899193549
0.392421875,14.4674899193549
0.3924609375,10.4674899193549
0.3925,5.46748991935488
0.3925390625,0.467489919354875
0.392578125,-3.53251008064512
0.3926171875,-4.53251008064512
0.39265625,-4.53251008064512
0.3926953125,-7.53251008064512
0.392734375,-8.53251008064512
0.3927734375,-10.5325100806451
0.3928125,-11.5325100806451
0.3928515625,-11.5325100806451
0.392890625,-12.5325100806451
0.3929296875,-12.5325100806451
0.39296875,-14.5325100806451
0.3930078125,-16.5325100806451
0.393046875,-17.5325100806451
0.3930859375,-18.5325100806451
0.393125,-20.5325100806451
0.3931640625,-24.5325100806451
0.393203125,-26.5325100806451
0.3932421875,-28.5325100806451
0.39328125,-27.5325100806451
0.3933203125,-23.5325100806451
0.393359375,-18.5325100806451
0.3933984375,-13.5325100806451
0.3934375,-9.53251008064512
0.3934765625,-4.53251008064512
0.393515625,-3.53251008064512
0.3935546875,-1.53251008064512
0.39359375,1.46748991935488
0.3936328125,3.46748991935488
0.393671875,3.46748991935488
0.3937109375,2.46748991935488
0.39375,1.46748991935488
0.3937890625,-0.532510080645125
0.393828125,-0.532510080645125
0.3938671875,1.46748991935488
0.39390625,5.46748991935488
0.3939453125,7.46748991935488
0.393984375,9.46748991935488
0.3940234375,11.4674899193549
0.3940625,13.4674899193549
0.3941015625,13.4674899193549
0.394140625,13.4674899193549
0.3941796875,12.4674899193549
0.39421875,14.4674899193549
0.3942578125,17.4674899193549
0.394296875,17.4674899193549
0.3943359375,14.4674899193549
0.394375,14.4674899193549
0.3944140625,15.4674899193549
0.394453125,12.4674899193549
0.3944921875,6.46748991935488
0.39453125,1.46748991935488
0.3945703125,-4.53251008064512
0.394609375,-7.53251008064512
0.3946484375,0.467489919354875
0.3946875,14.4674899193549
0.3947265625,25.4674899193549
0.394765625,28.4674899193549
0.3948046875,19.4674899193549
0.39484375,3.46748991935488
0.3948828125,-10.5325100806451
0.394921875,-18.5325100806451
0.3949609375,-21.5325100806451
0.395,-13.5325100806451
0.3950390625,-8.53251008064512
0.395078125,-3.53251008064512
0.3951171875,1.46748991935488
0.39515625,5.46748991935488
0.3951953125,10.4674899193549
0.395234375,18.4674899193549
0.3952734375,22.4674899193549
0.3953125,19.4674899193549
0.3953515625,12.4674899193549
0.395390625,0.467489919354875
0.3954296875,-9.53251008064512
0.39546875,-15.5325100806451
0.3955078125,-16.5325100806451
0.395546875,-12.5325100806451
0.3955859375,-5.53251008064512
0.395625,-1.53251008064512
0.3956640625,0.467489919354875
0.395703125,-4.53251008064512
0.3957421875,-13.5325100806451
0.39578125,-23.5325100806451
0.3958203125,-31.5325100806451
0.395859375,-33.5325100806451
0.3958984375,-31.5325100806451
0.3959375,-26.5325100806451
0.3959765625,-21.5325100806451
0.396015625,-20.5325100806451
0.3960546875,-22.5325100806451
0.39609375,-27.5325100806451
0.3961328125,-29.5325100806451
0.396171875,-22.5325100806451
0.3962109375,-9.53251008064512
0.39625,6.46748991935488
0.3962890625,20.4674899193549
0.396328125,29.4674899193549
0.3963671875,36.4674899193549
0.39640625,38.4674899193549
0.3964453125,40.4674899193549
0.396484375,44.4674899193549
0.3965234375,49.4674899193549
0.3965625,50.4674899193549
0.3966015625,46.4674899193549
0.396640625,36.4674899193549
0.3966796875,27.4674899193549
0.39671875,17.4674899193549
0.3967578125,11.4674899193549
0.396796875,5.46748991935488
0.3968359375,1.46748991935488
0.396875,-4.53251008064512
0.3969140625,-15.5325100806451
0.396953125,-25.5325100806451
0.3969921875,-31.5325100806451
0.39703125,-35.5325100806451
0.3970703125,-39.5325100806451
0.397109375,-43.5325100806451
0.3971484375,-50.5325100806451
0.3971875,-54.5325100806451
0.3972265625,-57.5325100806451
0.397265625,-57.5325100806451
0.3973046875,-51.5325100806451
0.39734375,-47.5325100806451
0.3973828125,-42.5325100806451
0.397421875,-33.5325100806451
0.3974609375,-20.5325100806451
0.3975,-6.53251008064512
0.3975390625,4.46748991935488
0.397578125,13.4674899193549
0.3976171875,23.4674899193549
0.39765625,31.4674899193549
0.3976953125,38.4674899193549
0.397734375,43.4674899193549
0.3977734375,43.4674899193549
0.3978125,43.4674899193549
0.3978515625,43.4674899193549
0.397890625,45.4674899193549
0.3979296875,48.4674899193549
0.39796875,52.4674899193549
0.3980078125,56.4674899193549
0.398046875,57.4674899193549
0.3980859375,56.4674899193549
0.398125,53.4674899193549
0.3981640625,48.4674899193549
0.398203125,42.4674899193549
0.3982421875,33.4674899193549
0.39828125,20.4674899193549
0.3983203125,1.46748991935488
0.398359375,-16.5325100806451
0.3983984375,-28.5325100806451
0.3984375,-31.5325100806451
0.3984765625,-22.5325100806451
0.398515625,-12.5325100806451
0.3985546875,-7.53251008064512
0.39859375,-8.53251008064512
0.3986328125,-15.5325100806451
0.398671875,-25.5325100806451
0.3987109375,-25.5325100806451
0.39875,-21.5325100806451
0.3987890625,-19.5325100806451
0.398828125,-19.5325100806451
0.3988671875,-28.5325100806451
0.39890625,-40.5325100806451
0.3989453125,-51.5325100806451
0.398984375,-64.5325100806451
0.3990234375,-74.5325100806451
0.3990625,-78.5325100806451
0.3991015625,-77.5325100806451
0.399140625,-67.5325100806451
0.3991796875,-46.5325100806451
0.39921875,-23.5325100806451
0.3992578125,-6.53251008064512
0.399296875,8.46748991935488
0.3993359375,19.4674899193549
0.399375,26.4674899193549
0.3994140625,36.4674899193549
0.399453125,47.4674899193549
0.3994921875,58.4674899193549
0.39953125,61.4674899193549
0.3995703125,60.4674899193549
0.399609375,60.4674899193549
0.3996484375,63.4674899193549
0.3996875,61.4674899193549
0.3997265625,58.4674899193549
0.399765625,57.4674899193549
0.3998046875,52.4674899193549
0.39984375,44.4674899193549
0.3998828125,31.4674899193549
0.399921875,17.4674899193549
0.3999609375,1.46748991935488
0.4,-13.5325100806451
0.4000390625,-30.5325100806451
0.400078125,-45.5325100806451
0.4001171875,-55.5325100806451
0.40015625,-65.5325100806451
0.4001953125,-71.5325100806451
0.400234375,-70.5325100806451
0.4002734375,-67.5325100806451
0.4003125,-63.5325100806451
0.4003515625,-57.5325100806451
0.400390625,-50.5325100806451
0.4004296875,-39.5325100806451
0.40046875,-25.5325100806451
0.4005078125,-11.5325100806451
0.400546875,-0.532510080645125
0.4005859375,7.46748991935488
0.400625,11.4674899193549
0.4006640625,11.4674899193549
0.400703125,10.4674899193549
0.4007421875,10.4674899193549
0.40078125,11.4674899193549
0.4008203125,13.4674899193549
0.400859375,17.4674899193549
0.4008984375,21.4674899193549
0.4009375,25.4674899193549
0.4009765625,27.4674899193549
0.401015625,27.4674899193549
0.4010546875,28.4674899193549
0.40109375,29.4674899193549
0.4011328125,29.4674899193549
0.401171875,28.4674899193549
0.4012109375,27.4674899193549
0.40125,26.4674899193549
0.4012890625,23.4674899193549
0.401328125,19.4674899193549
0.4013671875,16.4674899193549
0.40140625,13.4674899193549
0.4014453125,10.4674899193549
0.401484375,10.4674899193549
0.4015234375,14.4674899193549
0.4015625,14.4674899193549
0.4016015625,10.4674899193549
0.401640625,3.46748991935488
0.4016796875,-1.53251008064512
0.40171875,-5.53251008064512
0.4017578125,-8.53251008064512
0.401796875,-9.53251008064512
0.4018359375,-10.5325100806451
0.401875,-12.5325100806451
0.4019140625,-15.5325100806451
0.401953125,-18.5325100806451
0.4019921875,-20.5325100806451
0.40203125,-20.5325100806451
0.4020703125,-15.5325100806451
0.402109375,-9.53251008064512
0.4021484375,-2.53251008064512
0.4021875,-0.532510080645125
0.4022265625,-1.53251008064512
0.402265625,-6.53251008064512
0.4023046875,-12.5325100806451
0.40234375,-15.5325100806451
0.4023828125,-16.5325100806451
0.402421875,-17.5325100806451
0.4024609375,-16.5325100806451
0.4025,-12.5325100806451
0.4025390625,-7.53251008064512
0.402578125,-3.53251008064512
0.4026171875,0.467489919354875
0.40265625,5.46748991935488
0.4026953125,13.4674899193549
0.402734375,20.4674899193549
0.4027734375,26.4674899193549
0.4028125,27.4674899193549
0.4028515625,24.4674899193549
0.402890625,19.4674899193549
0.4029296875,13.4674899193549
0.40296875,7.46748991935488
0.4030078125,-0.532510080645125
0.403046875,-8.53251008064512
0.4030859375,-14.5325100806451
0.403125,-19.5325100806451
0.4031640625,-18.5325100806451
0.403203125,-19.5325100806451
0.4032421875,-19.5325100806451
0.40328125,-19.5325100806451
0.4033203125,-16.5325100806451
0.403359375,-13.5325100806451
0.4033984375,-8.53251008064512
0.4034375,-2.53251008064512
0.4034765625,2.46748991935488
0.403515625,7.46748991935488
0.4035546875,4.46748991935488
0.40359375,-0.532510080645125
0.4036328125,-4.53251008064512
0.403671875,-6.53251008064512
0.4037109375,-6.53251008064512
0.40375,-6.53251008064512
0.4037890625,-6.53251008064512
0.403828125,-6.53251008064512
0.4038671875,-6.53251008064512
0.40390625,-4.53251008064512
0.4039453125,-2.53251008064512
0.403984375,-1.53251008064512
0.4040234375,-1.53251008064512
0.4040625,-3.53251008064512
0.4041015625,-3.53251008064512
0.404140625,-3.53251008064512
0.4041796875,-2.53251008064512
0.40421875,-3.53251008064512
0.4042578125,-4.53251008064512
0.404296875,-6.53251008064512
0.4043359375,-7.53251008064512
0.404375,-3.53251008064512
0.4044140625,0.467489919354875
0.404453125,9.46748991935488
0.4044921875,18.4674899193549
0.40453125,23.4674899193549
0.4045703125,26.4674899193549
0.404609375,29.4674899193549
0.4046484375,32.4674899193549
0.4046875,38.4674899193549
0.4047265625,39.4674899193549
0.404765625,39.4674899193549
0.4048046875,36.4674899193549
0.40484375,30.4674899193549
0.4048828125,23.4674899193549
0.404921875,15.4674899193549
0.4049609375,9.46748991935488
0.405,2.46748991935488
0.4050390625,-4.53251008064512
0.405078125,-10.5325100806451
0.4051171875,-13.5325100806451
0.40515625,-14.5325100806451
0.4051953125,-14.5325100806451
0.405234375,-13.5325100806451
0.4052734375,-12.5325100806451
0.4053125,-12.5325100806451
0.4053515625,-11.5325100806451
0.405390625,-8.53251008064512
0.4054296875,-3.53251008064512
0.40546875,-0.532510080645125
0.4055078125,-2.53251008064512
0.405546875,-9.53251008064512
0.4055859375,-16.5325100806451
0.405625,-24.5325100806451
0.4056640625,-29.5325100806451
0.405703125,-33.5325100806451
0.4057421875,-34.5325100806451
0.40578125,-32.5325100806451
0.4058203125,-30.5325100806451
0.405859375,-25.5325100806451
0.4058984375,-17.5325100806451
0.4059375,-9.53251008064512
0.4059765625,0.467489919354875
0.406015625,6.46748991935488
0.4060546875,11.4674899193549
0.40609375,16.4674899193549
0.4061328125,21.4674899193549
0.406171875,20.4674899193549
0.4062109375,16.4674899193549
0.40625,10.4674899193549
0.4062890625,5.46748991935488
0.406328125,2.46748991935488
0.4063671875,1.46748991935488
0.40640625,0.467489919354875
0.4064453125,3.46748991935488
0.406484375,4.46748991935488
0.4065234375,3.46748991935488
0.4065625,2.46748991935488
0.4066015625,3.46748991935488
0.406640625,3.46748991935488
0.4066796875,4.46748991935488
0.40671875,6.46748991935488
0.4067578125,6.46748991935488
0.406796875,7.46748991935488
0.4068359375,6.46748991935488
0.406875,6.46748991935488
0.4069140625,10.4674899193549
0.406953125,10.4674899193549
0.4069921875,11.4674899193549
0.40703125,10.4674899193549
0.4070703125,9.46748991935488
0.407109375,6.46748991935488
0.4071484375,3.46748991935488
0.4071875,0.467489919354875
0.4072265625,-2.53251008064512
0.407265625,-6.53251008064512
0.4073046875,-8.53251008064512
0.40734375,-9.53251008064512
0.4073828125,-8.53251008064512
0.407421875,-6.53251008064512
0.4074609375,-5.53251008064512
0.4075,-5.53251008064512
0.4075390625,-5.53251008064512
0.407578125,-4.53251008064512
0.4076171875,0.467489919354875
0.40765625,4.46748991935488
0.4076953125,7.46748991935488
0.407734375,8.46748991935488
0.4077734375,5.46748991935488
0.4078125,1.46748991935488
0.4078515625,-2.53251008064512
0.407890625,-4.53251008064512
0.4079296875,-6.53251008064512
0.40796875,-6.53251008064512
0.4080078125,-7.53251008064512
0.408046875,-8.53251008064512
0.4080859375,-8.53251008064512
0.408125,-8.53251008064512
0.4081640625,-8.53251008064512
0.408203125,-5.53251008064512
0.4082421875,-3.53251008064512
0.40828125,-3.53251008064512
0.4083203125,-3.53251008064512
0.408359375,-3.53251008064512
0.4083984375,-3.53251008064512
0.4084375,-4.53251008064512
0.4084765625,-8.53251008064512
0.408515625,-8.53251008064512
0.4085546875,-6.53251008064512
0.40859375,-1.53251008064512
0.4086328125,4.46748991935488
0.408671875,9.46748991935488
0.4087109375,14.4674899193549
0.40875,13.4674899193549
0.4087890625,9.46748991935488
0.408828125,8.46748991935488
0.4088671875,8.46748991935488
0.40890625,12.4674899193549
0.4089453125,14.4674899193549
0.408984375,14.4674899193549
0.4090234375,12.4674899193549
0.4090625,6.46748991935488
0.4091015625,-0.532510080645125
0.409140625,-3.53251008064512
0.4091796875,-2.53251008064512
0.40921875,-2.53251008064512
0.4092578125,-2.53251008064512
0.409296875,-6.53251008064512
0.4093359375,-8.53251008064512
0.409375,-8.53251008064512
0.4094140625,-6.53251008064512
0.409453125,-5.53251008064512
0.4094921875,-4.53251008064512
0.40953125,-5.53251008064512
0.4095703125,-6.53251008064512
0.409609375,-7.53251008064512
0.4096484375,-6.53251008064512
0.4096875,-7.53251008064512
0.4097265625,-7.53251008064512
0.409765625,-8.53251008064512
0.4098046875,-7.53251008064512
0.40984375,-7.53251008064512
0.4098828125,-6.53251008064512
0.409921875,-3.53251008064512
0.4099609375,0.467489919354875
0.41,4.46748991935488
0.4100390625,4.46748991935488
0.410078125,3.46748991935488
0.4101171875,2.46748991935488
0.41015625,4.46748991935488
0.4101953125,10.4674899193549
0.410234375,15.4674899193549
0.4102734375,18.4674899193549
0.4103125,18.4674899193549
0.4103515625,14.4674899193549
0.410390625,9.46748991935488
0.4104296875,6.46748991935488
0.41046875,6.46748991935488
0.4105078125,8.46748991935488
0.410546875,11.4674899193549
0.4105859375,13.4674899193549
0.410625,13.4674899193549
0.4106640625,13.4674899193549
0.410703125,12.4674899193549
0.4107421875,10.4674899193549
0.41078125,8.46748991935488
0.4108203125,4.46748991935488
0.410859375,-1.53251008064512
0.4108984375,-8.53251008064512
0.4109375,-18.5325100806451
0.4109765625,-25.5325100806451
0.411015625,-29.5325100806451
0.4110546875,-30.5325100806451
0.41109375,-25.5325100806451
0.4111328125,-17.5325100806451
0.411171875,-11.5325100806451
0.4112109375,-6.53251008064512
0.41125,-2.53251008064512
0.4112890625,-0.532510080645125
0.411328125,1.46748991935488
0.4113671875,-1.53251008064512
0.41140625,-8.53251008064512
0.4114453125,-17.5325100806451
0.411484375,-26.5325100806451
0.4115234375,-30.5325100806451
0.4115625,-25.5325100806451
0.4116015625,-15.5325100806451
0.411640625,-3.53251008064512
0.4116796875,7.46748991935488
0.41171875,18.4674899193549
0.4117578125,27.4674899193549
0.411796875,36.4674899193549
0.4118359375,44.4674899193549
0.411875,50.4674899193549
0.4119140625,51.4674899193549
0.411953125,47.4674899193549
0.4119921875,39.4674899193549
0.41203125,26.4674899193549
0.4120703125,11.4674899193549
0.412109375,-2.53251008064512
0.4121484375,-9.53251008064512
0.4121875,-10.5325100806451
0.4122265625,-14.5325100806451
0.412265625,-19.5325100806451
0.4123046875,-21.5325100806451
0.41234375,-29.5325100806451
0.4123828125,-37.5325100806451
0.412421875,-49.5325100806451
0.4124609375,-58.5325100806451
0.4125,-61.5325100806451
0.4125390625,-60.5325100806451
0.412578125,-53.5325100806451
0.4126171875,-42.5325100806451
0.41265625,-28.5325100806451
0.4126953125,-15.5325100806451
0.412734375,-0.532510080645125
0.4127734375,19.4674899193549
0.4128125,41.4674899193549
0.4128515625,61.4674899193549
0.412890625,74.4674899193549
0.4129296875,83.4674899193549
0.41296875,83.4674899193549
0.4130078125,75.4674899193549
0.413046875,61.4674899193549
0.4130859375,50.4674899193549
0.413125,41.4674899193549
0.4131640625,31.4674899193549
0.413203125,20.4674899193549
0.4132421875,10.4674899193549
0.41328125,-0.532510080645125
0.4133203125,-12.5325100806451
0.413359375,-20.5325100806451
0.4133984375,-24.5325100806451
0.4134375,-27.5325100806451
0.4134765625,-33.5325100806451
0.413515625,-39.5325100806451
0.4135546875,-46.5325100806451
0.41359375,-52.5325100806451
0.4136328125,-56.5325100806451
0.413671875,-60.5325100806451
0.4137109375,-62.5325100806451
0.41375,-60.5325100806451
0.4137890625,-57.5325100806451
0.413828125,-49.5325100806451
0.4138671875,-34.5325100806451
0.41390625,-17.5325100806451
0.4139453125,-2.53251008064512
0.413984375,10.4674899193549
0.4140234375,22.4674899193549
0.4140625,33.4674899193549
0.4141015625,41.4674899193549
0.414140625,48.4674899193549
0.4141796875,50.4674899193549
0.41421875,48.4674899193549
0.4142578125,41.4674899193549
0.414296875,31.4674899193549
0.4143359375,20.4674899193549
0.414375,12.4674899193549
0.4144140625,9.46748991935488
0.414453125,7.46748991935488
0.4144921875,4.46748991935488
0.41453125,1.46748991935488
0.4145703125,-2.53251008064512
0.414609375,-7.53251008064512
0.4146484375,-8.53251008064512
0.4146875,-9.53251008064512
0.4147265625,-9.53251008064512
0.414765625,-3.53251008064512
0.4148046875,2.46748991935488
0.41484375,10.4674899193549
0.4148828125,17.4674899193549
0.414921875,20.4674899193549
0.4149609375,20.4674899193549
0.415,14.4674899193549
0.4150390625,5.46748991935488
0.415078125,-1.53251008064512
0.4151171875,-10.5325100806451
0.41515625,-22.5325100806451
0.4151953125,-34.5325100806451
0.415234375,-43.5325100806451
0.4152734375,-45.5325100806451
0.4153125,-39.5325100806451
0.4153515625,-27.5325100806451
0.415390625,-9.53251008064512
0.4154296875,4.46748991935488
0.41546875,12.4674899193549
0.4155078125,19.4674899193549
0.415546875,26.4674899193549
0.4155859375,29.4674899193549
0.415625,27.4674899193549
0.4156640625,27.4674899193549
0.415703125,31.4674899193549
0.4157421875,33.4674899193549
0.41578125,34.4674899193549
0.4158203125,29.4674899193549
0.415859375,23.4674899193549
0.4158984375,13.4674899193549
0.4159375,0.467489919354875
0.4159765625,-9.53251008064512
0.416015625,-13.5325100806451
0.4160546875,-13.5325100806451
0.41609375,-15.5325100806451
0.4161328125,-17.5325100806451
0.416171875,-20.5325100806451
0.4162109375,-21.5325100806451
0.41625,-20.5325100806451
0.4162890625,-17.5325100806451
0.416328125,-11.5325100806451
0.4163671875,-5.53251008064512
0.41640625,-1.53251008064512
0.4164453125,0.467489919354875
0.416484375,2.46748991935488
0.4165234375,3.46748991935488
0.4165625,5.46748991935488
0.4166015625,3.46748991935488
0.416640625,2.46748991935488
0.4166796875,-1.53251008064512
0.41671875,-6.53251008064512
0.4167578125,-10.5325100806451
0.416796875,-13.5325100806451
0.4168359375,-14.5325100806451
0.416875,-13.5325100806451
0.4169140625,-13.5325100806451
0.416953125,-14.5325100806451
0.4169921875,-12.5325100806451
0.41703125,-12.5325100806451
0.4170703125,-14.5325100806451
0.417109375,-13.5325100806451
0.4171484375,-10.5325100806451
0.4171875,-6.53251008064512
0.4172265625,-4.53251008064512
0.417265625,-2.53251008064512
0.4173046875,-1.53251008064512
0.41734375,1.46748991935488
0.4173828125,2.46748991935488
0.417421875,3.46748991935488
0.4174609375,2.46748991935488
0.4175,1.46748991935488
0.4175390625,-0.532510080645125
0.417578125,-3.53251008064512
0.4176171875,-4.53251008064512
0.41765625,-5.53251008064512
0.4176953125,-3.53251008064512
0.417734375,0.467489919354875
0.4177734375,1.46748991935488
0.4178125,5.46748991935488
0.4178515625,9.46748991935488
0.417890625,10.4674899193549
0.4179296875,11.4674899193549
0.41796875,11.4674899193549
0.4180078125,10.4674899193549
0.418046875,8.46748991935488
0.4180859375,7.46748991935488
0.418125,8.46748991935488
0.4181640625,10.4674899193549
0.418203125,11.4674899193549
0.4182421875,7.46748991935488
0.41828125,4.46748991935488
0.4183203125,3.46748991935488
0.418359375,5.46748991935488
0.4183984375,8.46748991935488
0.4184375,11.4674899193549
0.4184765625,14.4674899193549
0.418515625,17.4674899193549
0.4185546875,19.4674899193549
0.41859375,22.4674899193549
0.4186328125,27.4674899193549
0.418671875,32.4674899193549
0.4187109375,33.4674899193549
0.41875,32.4674899193549
0.4187890625,27.4674899193549
0.418828125,20.4674899193549
0.4188671875,11.4674899193549
0.41890625,1.46748991935488
0.4189453125,-4.53251008064512
0.418984375,-7.53251008064512
0.4190234375,-8.53251008064512
0.4190625,-9.53251008064512
0.4191015625,-11.5325100806451
0.419140625,-12.5325100806451
0.4191796875,-17.5325100806451
0.41921875,-21.5325100806451
0.4192578125,-22.5325100806451
0.419296875,-21.5325100806451
0.4193359375,-18.5325100806451
0.419375,-14.5325100806451
0.4194140625,-8.53251008064512
0.419453125,-0.532510080645125
0.4194921875,4.46748991935488
0.41953125,6.46748991935488
0.4195703125,7.46748991935488
0.419609375,5.46748991935488
0.4196484375,1.46748991935488
0.4196875,-4.53251008064512
0.4197265625,-10.5325100806451
0.419765625,-13.5325100806451
0.4198046875,-17.5325100806451
0.41984375,-21.5325100806451
0.4198828125,-25.5325100806451
0.419921875,-28.5325100806451
0.4199609375,-28.5325100806451
0.42,-27.5325100806451
0.4200390625,-23.5325100806451
0.420078125,-19.5325100806451
0.4201171875,-19.5325100806451
0.42015625,-20.5325100806451
0.4201953125,-19.5325100806451
0.420234375,-17.5325100806451
0.4202734375,-12.5325100806451
0.4203125,-7.53251008064512
0.4203515625,-3.53251008064512
0.420390625,-2.53251008064512
0.4204296875,-2.53251008064512
0.42046875,-5.53251008064512
0.4205078125,-5.53251008064512
0.420546875,-3.53251008064512
0.4205859375,0.467489919354875
0.420625,4.46748991935488
0.4206640625,4.46748991935488
0.420703125,1.46748991935488
0.4207421875,-0.532510080645125
0.42078125,-0.532510080645125
0.4208203125,-0.532510080645125
0.420859375,-0.532510080645125
0.4208984375,1.46748991935488
0.4209375,4.46748991935488
0.4209765625,9.46748991935488
0.421015625,15.4674899193549
0.4210546875,21.4674899193549
0.42109375,26.4674899193549
0.4211328125,27.4674899193549
0.421171875,23.4674899193549
0.4212109375,19.4674899193549
0.42125,15.4674899193549
0.4212890625,15.4674899193549
0.421328125,14.4674899193549
0.4213671875,13.4674899193549
0.42140625,8.46748991935488
0.4214453125,5.46748991935488
0.421484375,1.46748991935488
0.4215234375,1.46748991935488
0.4215625,6.46748991935488
0.4216015625,13.4674899193549
0.421640625,20.4674899193549
0.4216796875,21.4674899193549
0.42171875,21.4674899193549
0.4217578125,20.4674899193549
0.421796875,18.4674899193549
0.4218359375,14.4674899193549
0.421875,13.4674899193549
0.4219140625,13.4674899193549
0.421953125,10.4674899193549
0.4219921875,8.46748991935488
0.42203125,6.46748991935488
0.4220703125,6.46748991935488
0.422109375,3.46748991935488
0.4221484375,1.46748991935488
0.4221875,0.467489919354875
0.4222265625,1.46748991935488
0.422265625,4.46748991935488
0.4223046875,5.46748991935488
0.42234375,5.46748991935488
0.4223828125,4.46748991935488
0.422421875,0.467489919354875
0.4224609375,-5.53251008064512
0.4225,-10.5325100806451
0.4225390625,-16.5325100806451
0.422578125,-21.5325100806451
0.4226171875,-24.5325100806451
0.42265625,-26.5325100806451
0.4226953125,-26.5325100806451
0.422734375,-23.5325100806451
0.4227734375,-24.5325100806451
0.4228125,-23.5325100806451
0.4228515625,-21.5325100806451
0.422890625,-15.5325100806451
0.4229296875,-8.53251008064512
0.42296875,-4.53251008064512
0.4230078125,-0.532510080645125
0.423046875,-0.532510080645125
0.4230859375,-5.53251008064512
0.423125,-10.5325100806451
0.4231640625,-14.5325100806451
0.423203125,-16.5325100806451
0.4232421875,-17.5325100806451
0.42328125,-16.5325100806451
0.4233203125,-17.5325100806451
0.423359375,-14.5325100806451
0.4233984375,-12.5325100806451
0.4234375,-9.53251008064512
0.4234765625,-4.53251008064512
0.423515625,-0.532510080645125
0.4235546875,4.46748991935488
0.42359375,9.46748991935488
0.4236328125,12.4674899193549
0.423671875,15.4674899193549
0.4237109375,17.4674899193549
0.42375,15.4674899193549
0.4237890625,12.4674899193549
0.423828125,9.46748991935488
0.4238671875,4.46748991935488
0.42390625,-1.53251008064512
0.4239453125,-4.53251008064512
0.423984375,-6.53251008064512
0.4240234375,-6.53251008064512
0.4240625,-9.53251008064512
0.4241015625,-14.5325100806451
0.424140625,-17.5325100806451
0.4241796875,-16.5325100806451
0.42421875,-13.5325100806451
0.4242578125,-6.53251008064512
0.424296875,1.46748991935488
0.4243359375,10.4674899193549
0.424375,15.4674899193549
0.4244140625,16.4674899193549
0.424453125,16.4674899193549
0.4244921875,17.4674899193549
0.42453125,20.4674899193549
0.4245703125,23.4674899193549
0.424609375,23.4674899193549
0.4246484375,21.4674899193549
0.4246875,17.4674899193549
0.4247265625,12.4674899193549
0.424765625,8.46748991935488
0.4248046875,8.46748991935488
0.42484375,9.46748991935488
0.4248828125,10.4674899193549
0.424921875,10.4674899193549
0.4249609375,8.46748991935488
0.425,8.46748991935488
0.4250390625,7.46748991935488
0.425078125,4.46748991935488
0.4251171875,0.467489919354875
0.42515625,-3.53251008064512
0.4251953125,-6.53251008064512
0.425234375,-8.53251008064512
0.4252734375,-9.53251008064512
0.4253125,-6.53251008064512
0.4253515625,-4.53251008064512
0.425390625,-5.53251008064512
0.4254296875,-5.53251008064512
0.42546875,-3.53251008064512
0.4255078125,-0.532510080645125
0.425546875,3.46748991935488
0.4255859375,5.46748991935488
0.425625,8.46748991935488
0.4256640625,7.46748991935488
0.425703125,3.46748991935488
0.4257421875,-0.532510080645125
0.42578125,-1.53251008064512
0.4258203125,-1.53251008064512
0.425859375,-2.53251008064512
0.4258984375,-2.53251008064512
0.4259375,-2.53251008064512
0.4259765625,-0.532510080645125
0.426015625,1.46748991935488
0.4260546875,2.46748991935488
0.42609375,1.46748991935488
0.4261328125,-0.532510080645125
0.426171875,-2.53251008064512
0.4262109375,-5.53251008064512
0.42625,-9.53251008064512
0.4262890625,-14.5325100806451
0.426328125,-16.5325100806451
0.4263671875,-17.5325100806451
0.42640625,-18.5325100806451
0.4264453125,-18.5325100806451
0.426484375,-16.5325100806451
0.4265234375,-15.5325100806451
0.4265625,-12.5325100806451
0.4266015625,-7.53251008064512
0.426640625,-4.53251008064512
0.4266796875,-4.53251008064512
0.42671875,-6.53251008064512
0.4267578125,-10.5325100806451
0.426796875,-12.5325100806451
0.4268359375,-13.5325100806451
0.426875,-13.5325100806451
0.4269140625,-9.53251008064512
0.426953125,-3.53251008064512
0.4269921875,1.46748991935488
0.42703125,6.46748991935488
0.4270703125,8.46748991935488
0.427109375,11.4674899193549
0.4271484375,11.4674899193549
0.4271875,12.4674899193549
0.4272265625,10.4674899193549
0.427265625,8.46748991935488
0.4273046875,3.46748991935488
0.42734375,0.467489919354875
0.4273828125,-4.53251008064512
0.427421875,-3.53251008064512
0.4274609375,2.46748991935488
0.4275,12.4674899193549
0.4275390625,22.4674899193549
0.427578125,29.4674899193549
0.4276171875,33.4674899193549
0.42765625,30.4674899193549
0.4276953125,26.4674899193549
0.427734375,21.4674899193549
0.4277734375,19.4674899193549
0.4278125,17.4674899193549
0.4278515625,12.4674899193549
0.427890625,7.46748991935488
0.4279296875,4.46748991935488
0.42796875,-1.53251008064512
0.4280078125,-7.53251008064512
0.428046875,-9.53251008064512
0.4280859375,-11.5325100806451
0.428125,-13.5325100806451
0.4281640625,-14.5325100806451
0.428203125,-19.5325100806451
0.4282421875,-25.5325100806451
0.42828125,-33.5325100806451
0.4283203125,-42.5325100806451
0.428359375,-51.5325100806451
0.4283984375,-55.5325100806451
0.4284375,-55.5325100806451
0.4284765625,-50.5325100806451
0.428515625,-40.5325100806451
0.4285546875,-26.5325100806451
0.42859375,-12.5325100806451
0.4286328125,2.46748991935488
0.428671875,19.4674899193549
0.4287109375,42.4674899193549
0.42875,64.4674899193549
0.4287890625,80.4674899193549
0.428828125,93.4674899193549
0.4288671875,97.4674899193549
0.42890625,93.4674899193549
0.4289453125,83.4674899193549
0.428984375,69.4674899193549
0.4290234375,51.4674899193549
0.4290625,33.4674899193549
0.4291015625,16.4674899193549
0.429140625,-0.532510080645125
0.4291796875,-17.5325100806451
0.42921875,-31.5325100806451
0.4292578125,-45.5325100806451
0.429296875,-57.5325100806451
0.4293359375,-64.5325100806451
0.429375,-67.5325100806451
0.4294140625,-67.5325100806451
0.429453125,-63.5325100806451
0.4294921875,-57.5325100806451
0.42953125,-50.5325100806451
0.4295703125,-43.5325100806451
0.429609375,-37.5325100806451
0.4296484375,-31.5325100806451
0.4296875,-26.5325100806451
0.4297265625,-17.5325100806451
0.429765625,-10.5325100806451
0.4298046875,-4.53251008064512
0.42984375,1.46748991935488
0.4298828125,6.46748991935488
0.429921875,8.46748991935488
0.4299609375,9.46748991935488
0.43,10.4674899193549
0.4300390625,13.4674899193549
0.430078125,16.4674899193549
0.4301171875,17.4674899193549
0.43015625,22.4674899193549
0.4301953125,28.4674899193549
0.430234375,29.4674899193549
0.4302734375,29.4674899193549
0.4303125,30.4674899193549
0.4303515625,30.4674899193549
0.430390625,27.4674899193549
0.4304296875,20.4674899193549
0.43046875,15.4674899193549
0.4305078125,5.46748991935488
0.430546875,2.46748991935488
0.4305859375,9.46748991935488
0.430625,17.4674899193549
0.4306640625,18.4674899193549
0.430703125,18.4674899193549
0.4307421875,17.4674899193549
0.43078125,11.4674899193549
0.4308203125,10.4674899193549
0.430859375,12.4674899193549
0.4308984375,7.46748991935488
0.4309375,1.46748991935488
0.4309765625,-3.53251008064512
0.431015625,-7.53251008064512
0.4310546875,-9.53251008064512
0.43109375,-10.5325100806451
0.4311328125,-13.5325100806451
0.431171875,-18.5325100806451
0.4312109375,-23.5325100806451
0.43125,-28.5325100806451
0.4312890625,-32.5325100806451
0.431328125,-34.5325100806451
0.4313671875,-31.5325100806451
0.43140625,-28.5325100806451
0.4314453125,-26.5325100806451
0.431484375,-23.5325100806451
0.4315234375,-15.5325100806451
0.4315625,-11.5325100806451
0.4316015625,-4.53251008064512
0.431640625,2.46748991935488
0.4316796875,13.4674899193549
0.43171875,22.4674899193549
0.4317578125,29.4674899193549
0.431796875,32.4674899193549
0.4318359375,32.4674899193549
0.431875,27.4674899193549
0.4319140625,20.4674899193549
0.431953125,14.4674899193549
0.4319921875,8.46748991935488
0.43203125,1.46748991935488
0.4320703125,-5.53251008064512
0.432109375,-10.5325100806451
0.4321484375,-12.5325100806451
0.4321875,-14.5325100806451
0.4322265625,-16.5325100806451
0.432265625,-17.5325100806451
0.4323046875,-17.5325100806451
0.43234375,-13.5325100806451
0.4323828125,-9.53251008064512
0.432421875,-6.53251008064512
0.4324609375,-3.53251008064512
0.4325,0.467489919354875
0.4325390625,1.46748991935488
0.432578125,-1.53251008064512
0.4326171875,-3.53251008064512
0.43265625,-2.53251008064512
0.4326953125,-1.53251008064512
0.432734375,0.467489919354875
0.4327734375,4.46748991935488
0.4328125,9.46748991935488
0.4328515625,11.4674899193549
0.432890625,10.4674899193549
0.4329296875,8.46748991935488
0.43296875,7.46748991935488
0.4330078125,5.46748991935488
0.433046875,3.46748991935488
0.4330859375,0.467489919354875
0.433125,-3.53251008064512
0.4331640625,-7.53251008064512
0.433203125,-14.5325100806451
0.4332421875,-20.5325100806451
0.43328125,-26.5325100806451
0.4333203125,-28.5325100806451
0.433359375,-27.5325100806451
0.4333984375,-21.5325100806451
0.4334375,-13.5325100806451
0.4334765625,-1.53251008064512
0.433515625,7.46748991935488
0.4335546875,16.4674899193549
0.43359375,23.4674899193549
0.4336328125,26.4674899193549
0.433671875,30.4674899193549
0.4337109375,30.4674899193549
0.43375,28.4674899193549
0.4337890625,24.4674899193549
0.433828125,18.4674899193549
0.4338671875,12.4674899193549
0.43390625,5.46748991935488
0.4339453125,0.467489919354875
0.433984375,-0.532510080645125
0.4340234375,-3.53251008064512
0.4340625,-4.53251008064512
0.4341015625,-6.53251008064512
0.434140625,-2.53251008064512
0.4341796875,2.46748991935488
0.43421875,7.46748991935488
0.4342578125,17.4674899193549
0.434296875,26.4674899193549
0.4343359375,28.4674899193549
0.434375,25.4674899193549
0.4344140625,20.4674899193549
0.434453125,13.4674899193549
0.4344921875,4.46748991935488
0.43453125,-3.53251008064512
0.4345703125,-12.5325100806451
0.434609375,-18.5325100806451
0.4346484375,-25.5325100806451
0.4346875,-26.5325100806451
0.4347265625,-24.5325100806451
0.434765625,-16.5325100806451
0.4348046875,-7.53251008064512
0.43484375,-2.53251008064512
0.4348828125,2.46748991935488
0.434921875,5.46748991935488
0.4349609375,9.46748991935488
0.435,13.4674899193549
0.4350390625,15.4674899193549
0.435078125,15.4674899193549
0.4351171875,9.46748991935488
0.43515625,-0.532510080645125
0.4351953125,-9.53251008064512
0.435234375,-15.5325100806451
0.4352734375,-19.5325100806451
0.4353125,-21.5325100806451
0.4353515625,-21.5325100806451
0.435390625,-18.5325100806451
0.4354296875,-16.5325100806451
0.43546875,-15.5325100806451
0.4355078125,-15.5325100806451
0.435546875,-12.5325100806451
0.4355859375,-8.53251008064512
0.435625,-4.53251008064512
0.4356640625,-3.53251008064512
0.435703125,-3.53251008064512
0.4357421875,-3.53251008064512
0.43578125,-5.53251008064512
0.4358203125,-9.53251008064512
0.435859375,-13.5325100806451
0.4358984375,-14.5325100806451
0.4359375,-13.5325100806451
0.4359765625,-12.5325100806451
0.436015625,-7.53251008064512
0.4360546875,-2.53251008064512
0.43609375,0.467489919354875
0.4361328125,1.46748991935488
0.436171875,1.46748991935488
0.4362109375,1.46748991935488
0.43625,1.46748991935488
0.4362890625,3.46748991935488
0.436328125,6.46748991935488
0.4363671875,7.46748991935488
0.43640625,7.46748991935488
0.4364453125,4.46748991935488
0.436484375,2.46748991935488
0.4365234375,5.46748991935488
0.4365625,7.46748991935488
0.4366015625,9.46748991935488
0.436640625,10.4674899193549
0.4366796875,10.4674899193549
0.43671875,12.4674899193549
0.4367578125,12.4674899193549
0.436796875,12.4674899193549
0.4368359375,14.4674899193549
0.436875,16.4674899193549
0.4369140625,17.4674899193549
0.436953125,19.4674899193549
0.4369921875,20.4674899193549
0.43703125,22.4674899193549
0.4370703125,20.4674899193549
0.437109375,16.4674899193549
0.4371484375,11.4674899193549
0.4371875,5.46748991935488
0.4372265625,2.46748991935488
0.437265625,1.46748991935488
0.4373046875,-0.532510080645125
0.43734375,-3.53251008064512
0.4373828125,-7.53251008064512
0.437421875,-12.5325100806451
0.4374609375,-19.5325100806451
0.4375,-22.5325100806451
0.4375390625,-20.5325100806451
0.437578125,-15.5325100806451
0.4376171875,-10.5325100806451
0.43765625,-6.53251008064512
0.4376953125,-3.53251008064512
0.437734375,-1.53251008064512
0.4377734375,-1.53251008064512
0.4378125,-1.53251008064512
0.4378515625,0.467489919354875
0.437890625,4.46748991935488
0.4379296875,7.46748991935488
0.43796875,10.4674899193549
0.4380078125,11.4674899193549
0.438046875,9.46748991935488
0.4380859375,5.46748991935488
0.438125,-0.532510080645125
0.4381640625,-4.53251008064512
0.438203125,-3.53251008064512
0.4382421875,-0.532510080645125
0.43828125,3.46748991935488
0.4383203125,7.46748991935488
0.438359375,8.46748991935488
0.4383984375,7.46748991935488
0.4384375,5.46748991935488
0.4384765625,4.46748991935488
0.438515625,6.46748991935488
0.4385546875,5.46748991935488
0.43859375,0.467489919354875
0.4386328125,-5.53251008064512
0.438671875,-9.53251008064512
0.4387109375,-14.5325100806451
0.43875,-17.5325100806451
0.4387890625,-20.5325100806451
0.438828125,-23.5325100806451
0.4388671875,-25.5325100806451
0.43890625,-28.5325100806451
0.4389453125,-25.5325100806451
0.438984375,-22.5325100806451
0.4390234375,-19.5325100806451
0.4390625,-18.5325100806451
0.4391015625,-18.5325100806451
0.439140625,-16.5325100806451
0.4391796875,-13.5325100806451
0.43921875,-9.53251008064512
0.4392578125,-2.53251008064512
0.439296875,4.46748991935488
0.4393359375,13.4674899193549
0.439375,19.4674899193549
0.4394140625,20.4674899193549
0.439453125,19.4674899193549
0.4394921875,18.4674899193549
0.43953125,16.4674899193549
0.4395703125,16.4674899193549
0.439609375,14.4674899193549
0.4396484375,9.46748991935488
0.4396875,5.46748991935488
0.4397265625,1.46748991935488
0.439765625,1.46748991935488
0.4398046875,4.46748991935488
0.43984375,7.46748991935488
0.4398828125,12.4674899193549
0.439921875,16.4674899193549
0.4399609375,20.4674899193549
0.44,21.4674899193549
0.4400390625,19.4674899193549
0.440078125,17.4674899193549
0.4401171875,15.4674899193549
0.44015625,11.4674899193549
0.4401953125,7.46748991935488
0.440234375,3.46748991935488
0.4402734375,-1.53251008064512
0.4403125,-6.53251008064512
0.4403515625,-9.53251008064512
0.440390625,-12.5325100806451
0.4404296875,-15.5325100806451
0.44046875,-14.5325100806451
0.4405078125,-12.5325100806451
0.440546875,-10.5325100806451
0.4405859375,-9.53251008064512
0.440625,-8.53251008064512
0.4406640625,-8.53251008064512
0.440703125,-11.5325100806451
0.4407421875,-16.5325100806451
0.44078125,-21.5325100806451
0.4408203125,-22.5325100806451
0.440859375,-18.5325100806451
0.4408984375,-13.5325100806451
0.4409375,-8.53251008064512
0.4409765625,-6.53251008064512
0.441015625,-4.53251008064512
0.4410546875,-0.532510080645125
0.44109375,8.46748991935488
0.4411328125,17.4674899193549
0.441171875,23.4674899193549
0.4412109375,27.4674899193549
0.44125,27.4674899193549
0.4412890625,21.4674899193549
0.441328125,19.4674899193549
0.4413671875,17.4674899193549
0.44140625,15.4674899193549
0.4414453125,13.4674899193549
0.441484375,6.46748991935488
0.4415234375,-6.53251008064512
0.4415625,-12.5325100806451
0.4416015625,-1.53251008064512
0.441640625,15.4674899193549
0.4416796875,28.4674899193549
0.44171875,40.4674899193549
0.4417578125,42.4674899193549
0.441796875,34.4674899193549
0.4418359375,21.4674899193549
0.441875,7.46748991935488
0.4419140625,-9.53251008064512
0.441953125,-26.5325100806451
0.4419921875,-43.5325100806451
0.44203125,-54.5325100806451
0.4420703125,-61.5325100806451
0.442109375,-61.5325100806451
0.4421484375,-54.5325100806451
0.4421875,-42.5325100806451
0.4422265625,-25.5325100806451
0.442265625,-6.53251008064512
0.4423046875,6.46748991935488
0.44234375,13.4674899193549
0.4423828125,16.4674899193549
0.442421875,12.4674899193549
0.4424609375,-0.532510080645125
0.4425,-10.5325100806451
0.4425390625,-9.53251008064512
0.442578125,-3.53251008064512
0.4426171875,10.4674899193549
0.44265625,33.4674899193549
0.4426953125,44.4674899193549
0.442734375,35.4674899193549
0.4427734375,13.4674899193549
0.4428125,-16.5325100806451
0.4428515625,-43.5325100806451
0.442890625,-53.5325100806451
0.4429296875,-48.5325100806451
0.44296875,-39.5325100806451
0.4430078125,-27.5325100806451
0.443046875,-12.5325100806451
0.4430859375,3.46748991935488
0.443125,14.4674899193549
0.4431640625,23.4674899193549
0.443203125,30.4674899193549
0.4432421875,32.4674899193549
0.44328125,32.4674899193549
0.4433203125,27.4674899193549
0.443359375,19.4674899193549
0.4433984375,12.4674899193549
0.4434375,8.46748991935488
0.4434765625,6.46748991935488
0.443515625,5.46748991935488
0.4435546875,6.46748991935488
0.44359375,9.46748991935488
0.4436328125,9.46748991935488
0.443671875,6.46748991935488
0.4437109375,4.46748991935488
0.44375,1.46748991935488
0.4437890625,-0.532510080645125
0.443828125,-1.53251008064512
0.4438671875,-0.532510080645125
0.44390625,-3.53251008064512
0.4439453125,-7.53251008064512
0.443984375,-11.5325100806451
0.4440234375,-7.53251008064512
0.4440625,0.467489919354875
0.4441015625,8.46748991935488
0.444140625,11.4674899193549
0.4441796875,11.4674899193549
0.44421875,5.46748991935488
0.4442578125,-2.53251008064512
0.444296875,-9.53251008064512
0.4443359375,-13.5325100806451
0.444375,-13.5325100806451
0.4444140625,-10.5325100806451
0.444453125,-6.53251008064512
0.4444921875,-4.53251008064512
0.44453125,-1.53251008064512
0.4445703125,1.46748991935488
0.444609375,3.46748991935488
0.4446484375,4.46748991935488
0.4446875,7.46748991935488
0.4447265625,8.46748991935488
0.444765625,7.46748991935488
0.4448046875,4.46748991935488
0.44484375,5.46748991935488
0.4448828125,2.46748991935488
0.444921875,-1.53251008064512
0.4449609375,-8.53251008064512
0.445,-11.5325100806451
0.4450390625,-9.53251008064512
0.445078125,-6.53251008064512
0.4451171875,-0.532510080645125
0.44515625,2.46748991935488
0.4451953125,4.46748991935488
0.445234375,1.46748991935488
0.4452734375,-2.53251008064512
0.4453125,-3.53251008064512
0.4453515625,2.46748991935488
0.445390625,9.46748991935488
0.4454296875,17.4674899193549
0.44546875,17.4674899193549
0.4455078125,16.4674899193549
0.445546875,11.4674899193549
0.4455859375,3.46748991935488
0.445625,-3.53251008064512
0.4456640625,-8.53251008064512
0.445703125,-9.53251008064512
0.4457421875,-8.53251008064512
0.44578125,-9.53251008064512
0.4458203125,-6.53251008064512
0.445859375,-5.53251008064512
0.4458984375,-5.53251008064512
0.4459375,-3.53251008064512
0.4459765625,-5.53251008064512
0.446015625,-6.53251008064512
0.4460546875,-8.53251008064512
0.44609375,-8.53251008064512
0.4461328125,-9.53251008064512
0.446171875,-8.53251008064512
0.4462109375,-10.5325100806451
0.44625,-11.5325100806451
0.4462890625,-10.5325100806451
0.446328125,-6.53251008064512
0.4463671875,1.46748991935488
0.44640625,11.4674899193549
0.4464453125,20.4674899193549
0.446484375,24.4674899193549
0.4465234375,24.4674899193549
0.4465625,20.4674899193549
0.4466015625,16.4674899193549
0.446640625,14.4674899193549
0.4466796875,13.4674899193549
0.44671875,8.46748991935488
0.4467578125,4.46748991935488
0.446796875,1.46748991935488
0.4468359375,-0.532510080645125
0.446875,-1.53251008064512
0.4469140625,-1.53251008064512
0.446953125,-0.532510080645125
0.4469921875,-1.53251008064512
0.44703125,-3.53251008064512
0.4470703125,-4.53251008064512
0.447109375,-5.53251008064512
0.4471484375,-4.53251008064512
0.4471875,-6.53251008064512
0.4472265625,-9.53251008064512
0.447265625,-10.5325100806451
0.4473046875,-13.5325100806451
0.44734375,-11.5325100806451
0.4473828125,-9.53251008064512
0.447421875,-8.53251008064512
0.4474609375,-5.53251008064512
0.4475,7.46748991935488
0.4475390625,8.46748991935488
0.447578125,6.46748991935488
0.4476171875,1.46748991935488
0.44765625,-7.53251008064512
0.4476953125,-15.5325100806451
0.447734375,-18.5325100806451
0.4477734375,-17.5325100806451
0.4478125,-11.5325100806451
0.4478515625,-8.53251008064512
0.447890625,-4.53251008064512
0.4479296875,-3.53251008064512
0.44796875,-4.53251008064512
0.4480078125,-1.53251008064512
0.448046875,2.46748991935488
0.4480859375,8.46748991935488
0.448125,14.4674899193549
0.4481640625,17.4674899193549
0.448203125,19.4674899193549
0.4482421875,18.4674899193549
0.44828125,13.4674899193549
0.4483203125,8.46748991935488
0.448359375,3.46748991935488
0.4483984375,-1.53251008064512
0.4484375,-6.53251008064512
0.4484765625,-10.5325100806451
0.448515625,-15.5325100806451
0.4485546875,-20.5325100806451
0.44859375,-22.5325100806451
0.4486328125,-22.5325100806451
0.448671875,-20.5325100806451
0.4487109375,-20.5325100806451
0.44875,-20.5325100806451
0.4487890625,-20.5325100806451
0.448828125,-19.5325100806451
0.4488671875,-15.5325100806451
0.44890625,-12.5325100806451
0.4489453125,-9.53251008064512
0.448984375,-9.53251008064512
0.4490234375,-9.53251008064512
0.4490625,-5.53251008064512
0.4491015625,0.467489919354875
0.449140625,6.46748991935488
0.4491796875,13.4674899193549
0.44921875,18.4674899193549
0.4492578125,19.4674899193549
0.449296875,16.4674899193549
0.4493359375,17.4674899193549
0.449375,18.4674899193549
0.4494140625,20.4674899193549
0.449453125,23.4674899193549
0.4494921875,24.4674899193549
0.44953125,25.4674899193549
0.4495703125,26.4674899193549
0.449609375,24.4674899193549
0.4496484375,20.4674899193549
0.4496875,17.4674899193549
0.4497265625,14.4674899193549
0.449765625,10.4674899193549
0.4498046875,6.46748991935488
0.44984375,2.46748991935488
0.4498828125,-2.53251008064512
0.449921875,-8.53251008064512
0.4499609375,-17.5325100806451
0.45,-21.5325100806451
0.4500390625,-21.5325100806451
0.450078125,-21.5325100806451
0.4501171875,-17.5325100806451
0.45015625,-11.5325100806451
0.4501953125,-8.53251008064512
0.450234375,-10.5325100806451
0.4502734375,-15.5325100806451
0.4503125,-19.5325100806451
0.4503515625,-21.5325100806451
0.450390625,-21.5325100806451
0.4504296875,-16.5325100806451
0.45046875,-12.5325100806451
0.4505078125,-10.5325100806451
0.450546875,-8.53251008064512
0.4505859375,-5.53251008064512
0.450625,-3.53251008064512
0.4506640625,0.467489919354875
0.450703125,6.46748991935488
0.4507421875,10.4674899193549
0.45078125,11.4674899193549
0.4508203125,14.4674899193549
0.450859375,14.4674899193549
0.4508984375,16.4674899193549
0.4509375,17.4674899193549
0.4509765625,18.4674899193549
0.451015625,15.4674899193549
0.4510546875,11.4674899193549
0.45109375,6.46748991935488
0.4511328125,1.46748991935488
0.451171875,-0.532510080645125
0.4512109375,-4.53251008064512
0.45125,-6.53251008064512
0.4512890625,-4.53251008064512
0.451328125,0.467489919354875
0.4513671875,3.46748991935488
0.45140625,6.46748991935488
0.4514453125,8.46748991935488
0.451484375,7.46748991935488
0.4515234375,4.46748991935488
0.4515625,2.46748991935488
0.4516015625,0.467489919354875
0.451640625,-2.53251008064512
0.4516796875,-5.53251008064512
0.45171875,-6.53251008064512
0.4517578125,-5.53251008064512
0.451796875,-4.53251008064512
0.4518359375,-4.53251008064512
0.451875,-5.53251008064512
0.4519140625,-6.53251008064512
0.451953125,-9.53251008064512
0.4519921875,-11.5325100806451
0.45203125,-12.5325100806451
0.4520703125,-10.5325100806451
0.452109375,-6.53251008064512
0.4521484375,-0.532510080645125
0.4521875,3.46748991935488
0.4522265625,4.46748991935488
0.452265625,7.46748991935488
0.4523046875,9.46748991935488
0.45234375,14.4674899193549
0.4523828125,17.4674899193549
0.452421875,19.4674899193549
0.4524609375,22.4674899193549
0.4525,23.4674899193549
0.4525390625,19.4674899193549
0.452578125,16.4674899193549
0.4526171875,14.4674899193549
0.45265625,11.4674899193549
0.4526953125,9.46748991935488
0.452734375,6.46748991935488
0.4527734375,1.46748991935488
0.4528125,-3.53251008064512
0.4528515625,-11.5325100806451
0.452890625,-20.5325100806451
0.4529296875,-28.5325100806451
0.45296875,-34.5325100806451
0.4530078125,-36.5325100806451
0.453046875,-35.5325100806451
0.4530859375,-29.5325100806451
0.453125,-21.5325100806451
0.4531640625,-13.5325100806451
0.453203125,-6.53251008064512
0.4532421875,0.467489919354875
0.45328125,8.46748991935488
0.4533203125,17.4674899193549
0.453359375,23.4674899193549
0.4533984375,28.4674899193549
0.4534375,26.4674899193549
0.4534765625,22.4674899193549
0.453515625,14.4674899193549
0.4535546875,5.46748991935488
0.45359375,-3.53251008064512
0.4536328125,-10.5325100806451
0.453671875,-15.5325100806451
0.4537109375,-17.5325100806451
0.45375,-17.5325100806451
0.4537890625,-17.5325100806451
0.453828125,-13.5325100806451
0.4538671875,-6.53251008064512
0.45390625,3.46748991935488
0.4539453125,11.4674899193549
0.453984375,16.4674899193549
0.4540234375,18.4674899193549
0.4540625,14.4674899193549
0.4541015625,7.46748991935488
0.454140625,-0.532510080645125
0.4541796875,-7.53251008064512
0.45421875,-12.5325100806451
0.4542578125,-15.5325100806451
0.454296875,-14.5325100806451
0.4543359375,-12.5325100806451
0.454375,-7.53251008064512
0.4544140625,-4.53251008064512
0.454453125,-2.53251008064512
0.4544921875,-0.532510080645125
0.45453125,-0.532510080645125
0.4545703125,0.467489919354875
0.454609375,1.46748991935488
0.4546484375,2.46748991935488
0.4546875,4.46748991935488
0.4547265625,4.46748991935488
0.454765625,1.46748991935488
0.4548046875,-2.53251008064512
0.45484375,-6.53251008064512
0.4548828125,-6.53251008064512
0.454921875,-1.53251008064512
0.4549609375,2.46748991935488
0.455,7.46748991935488
0.4550390625,11.4674899193549
0.455078125,15.4674899193549
0.4551171875,16.4674899193549
0.45515625,14.4674899193549
0.4551953125,10.4674899193549
0.455234375,6.46748991935488
0.4552734375,0.467489919354875
0.4553125,-3.53251008064512
0.4553515625,-6.53251008064512
0.455390625,-7.53251008064512
0.4554296875,-6.53251008064512
0.45546875,-5.53251008064512
0.4555078125,-2.53251008064512
0.455546875,1.46748991935488
0.4555859375,7.46748991935488
0.455625,9.46748991935488
0.4556640625,12.4674899193549
0.455703125,10.4674899193549
0.4557421875,8.46748991935488
0.45578125,4.46748991935488
0.4558203125,1.46748991935488
0.455859375,-0.532510080645125
0.4558984375,0.467489919354875
0.4559375,2.46748991935488
0.4559765625,5.46748991935488
0.456015625,7.46748991935488
0.4560546875,6.46748991935488
0.45609375,3.46748991935488
0.4561328125,0.467489919354875
0.456171875,-3.53251008064512
0.4562109375,-3.53251008064512
0.45625,-3.53251008064512
0.4562890625,-3.53251008064512
0.456328125,1.46748991935488
0.4563671875,7.46748991935488
0.45640625,10.4674899193549
0.4564453125,12.4674899193549
0.456484375,14.4674899193549
0.4565234375,17.4674899193549
0.4565625,19.4674899193549
0.4566015625,19.4674899193549
0.456640625,15.4674899193549
0.4566796875,10.4674899193549
0.45671875,2.46748991935488
0.4567578125,-7.53251008064512
0.456796875,-15.5325100806451
0.4568359375,-17.5325100806451
0.456875,-21.5325100806451
0.4569140625,-23.5325100806451
0.456953125,-27.5325100806451
0.4569921875,-30.5325100806451
0.45703125,-32.5325100806451
0.4570703125,-33.5325100806451
0.457109375,-34.5325100806451
0.4571484375,-32.5325100806451
0.4571875,-30.5325100806451
0.4572265625,-27.5325100806451
0.457265625,-23.5325100806451
0.4573046875,-18.5325100806451
0.45734375,-15.5325100806451
0.4573828125,-13.5325100806451
0.457421875,-11.5325100806451
0.4574609375,-7.53251008064512
0.4575,0.467489919354875
0.4575390625,8.46748991935488
0.457578125,16.4674899193549
0.4576171875,23.4674899193549
0.45765625,27.4674899193549
0.4576953125,29.4674899193549
0.457734375,25.4674899193549
0.4577734375,22.4674899193549
0.4578125,18.4674899193549
0.4578515625,14.4674899193549
0.457890625,14.4674899193549
0.4579296875,10.4674899193549
0.45796875,10.4674899193549
0.4580078125,13.4674899193549
0.458046875,14.4674899193549
0.4580859375,14.4674899193549
0.458125,12.4674899193549
0.4581640625,14.4674899193549
0.458203125,15.4674899193549
0.4582421875,15.4674899193549
0.45828125,13.4674899193549
0.4583203125,8.46748991935488
0.458359375,1.46748991935488
0.4583984375,-8.53251008064512
0.4584375,-16.5325100806451
0.4584765625,-19.5325100806451
0.458515625,-20.5325100806451
0.4585546875,-19.5325100806451
0.45859375,-14.5325100806451
0.4586328125,-10.5325100806451
0.458671875,-5.53251008064512
0.4587109375,-0.532510080645125
0.45875,5.46748991935488
0.4587890625,10.4674899193549
0.458828125,13.4674899193549
0.4588671875,12.4674899193549
0.45890625,12.4674899193549
0.4589453125,12.4674899193549
0.458984375,12.4674899193549
0.4590234375,10.4674899193549
0.4590625,8.46748991935488
0.4591015625,6.46748991935488
0.459140625,7.46748991935488
0.4591796875,10.4674899193549
0.45921875,10.4674899193549
0.4592578125,11.4674899193549
0.459296875,9.46748991935488
0.4593359375,2.46748991935488
0.459375,-8.53251008064512
0.4594140625,-18.5325100806451
0.459453125,-23.5325100806451
0.4594921875,-25.5325100806451
0.45953125,-23.5325100806451
0.4595703125,-20.5325100806451
0.459609375,-16.5325100806451
0.4596484375,-12.5325100806451
0.4596875,-9.53251008064512
0.4597265625,-4.53251008064512
0.459765625,2.46748991935488
0.4598046875,8.46748991935488
0.45984375,11.4674899193549
0.4598828125,11.4674899193549
0.459921875,7.46748991935488
0.4599609375,2.46748991935488
0.46,-3.53251008064512
0.4600390625,-6.53251008064512
0.460078125,-8.53251008064512
0.4601171875,-11.5325100806451
0.46015625,-13.5325100806451
0.4601953125,-14.5325100806451
0.460234375,-10.5325100806451
0.4602734375,-4.53251008064512
0.4603125,0.467489919354875
0.4603515625,4.46748991935488
0.460390625,6.46748991935488
0.4604296875,4.46748991935488
0.46046875,2.46748991935488
0.4605078125,2.46748991935488
0.460546875,5.46748991935488
0.4605859375,7.46748991935488
0.460625,6.46748991935488
0.4606640625,1.46748991935488
0.460703125,-1.53251008064512
0.4607421875,-1.53251008064512
0.46078125,0.467489919354875
0.4608203125,2.46748991935488
0.460859375,3.46748991935488
0.4608984375,3.46748991935488
0.4609375,-0.532510080645125
0.4609765625,-6.53251008064512
0.461015625,-10.5325100806451
0.4610546875,-12.5325100806451
0.46109375,-11.5325100806451
0.4611328125,-10.5325100806451
0.461171875,-10.5325100806451
0.4612109375,-11.5325100806451
0.46125,-13.5325100806451
0.4612890625,-11.5325100806451
0.461328125,-7.53251008064512
0.4613671875,-1.53251008064512
0.46140625,7.46748991935488
0.4614453125,12.4674899193549
0.461484375,16.4674899193549
0.4615234375,19.4674899193549
0.4615625,20.4674899193549
0.4616015625,21.4674899193549
0.461640625,16.4674899193549
0.4616796875,12.4674899193549
0.46171875,9.46748991935488
0.4617578125,6.46748991935488
0.461796875,6.46748991935488
0.4618359375,9.46748991935488
0.461875,13.4674899193549
0.4619140625,17.4674899193549
0.461953125,18.4674899193549
0.4619921875,17.4674899193549
0.46203125,14.4674899193549
0.4620703125,12.4674899193549
0.462109375,9.46748991935488
0.4621484375,7.46748991935488
0.4621875,4.46748991935488
0.4622265625,1.46748991935488
0.462265625,-0.532510080645125
0.4623046875,-3.53251008064512
0.46234375,-4.53251008064512
0.4623828125,-5.53251008064512
0.462421875,-5.53251008064512
0.4624609375,-4.53251008064512
0.4625,-6.53251008064512
0.4625390625,-10.5325100806451
0.462578125,-15.5325100806451
0.4626171875,-21.5325100806451
0.46265625,-25.5325100806451
0.4626953125,-24.5325100806451
0.462734375,-24.5325100806451
0.4627734375,-24.5325100806451
0.4628125,-22.5325100806451
0.4628515625,-20.5325100806451
0.462890625,-15.5325100806451
0.4629296875,-8.53251008064512
0.46296875,0.467489919354875
0.4630078125,7.46748991935488
0.463046875,12.4674899193549
0.4630859375,13.4674899193549
0.463125,12.4674899193549
0.4631640625,12.4674899193549
0.463203125,10.4674899193549
0.4632421875,9.46748991935488
0.46328125,6.46748991935488
0.4633203125,2.46748991935488
0.463359375,-0.532510080645125
0.4633984375,-4.53251008064512
0.4634375,-5.53251008064512
0.4634765625,-5.53251008064512
0.463515625,-4.53251008064512
0.4635546875,-8.53251008064512
0.46359375,-13.5325100806451
0.4636328125,-18.5325100806451
0.463671875,-20.5325100806451
0.4637109375,-20.5325100806451
0.46375,-15.5325100806451
0.4637890625,-9.53251008064512
0.463828125,-3.53251008064512
0.4638671875,-0.532510080645125
0.46390625,0.467489919354875
0.4639453125,2.46748991935488
0.463984375,3.46748991935488
0.4640234375,6.46748991935488
0.4640625,8.46748991935488
0.4641015625,8.46748991935488
0.464140625,5.46748991935488
0.4641796875,0.467489919354875
0.46421875,-4.53251008064512
0.4642578125,-5.53251008064512
0.464296875,-3.53251008064512
0.4643359375,1.46748991935488
0.464375,10.4674899193549
0.4644140625,17.4674899193549
0.464453125,25.4674899193549
0.4644921875,33.4674899193549
0.46453125,37.4674899193549
0.4645703125,34.4674899193549
0.464609375,30.4674899193549
0.4646484375,25.4674899193549
0.4646875,19.4674899193549
0.4647265625,12.4674899193549
0.464765625,9.46748991935488
0.4648046875,6.46748991935488
0.46484375,3.46748991935488
0.4648828125,-1.53251008064512
0.464921875,-6.53251008064512
0.4649609375,-10.5325100806451
