timestamp,voltage
0.0,-3.67991071428571
3.90625e-05,0.320089285714289
7.8125e-05,2.32008928571429
0.0001171875,4.32008928571429
0.00015625,5.32008928571429
0.0001953125,5.32008928571429
0.000234375,6.32008928571429
0.0002734375,9.32008928571429
0.0003125,10.3200892857143
0.0003515625,11.3200892857143
0.000390625,10.3200892857143
0.0004296875,6.32008928571429
0.00046875,5.32008928571429
0.0005078125,4.32008928571429
0.000546875,4.32008928571429
0.0005859375,5.32008928571429
0.000625,4.32008928571429
0.0006640625,3.32008928571429
0.000703125,1.32008928571429
0.0007421875,0.320089285714289
0.00078125,-0.679910714285711
0.0008203125,-0.679910714285711
0.000859375,-0.679910714285711
0.0008984375,0.320089285714289
0.0009375,1.32008928571429
0.0009765625,3.32008928571429
0.001015625,2.32008928571429
0.0010546875,2.32008928571429
0.00109375,-0.679910714285711
0.0011328125,-5.67991071428571
0.001171875,-9.67991071428571
0.0012109375,-11.6799107142857
0.00125,-13.6799107142857
0.0012890625,-11.6799107142857
0.001328125,-9.67991071428571
0.0013671875,-9.67991071428571
0.00140625,-7.67991071428571
0.0014453125,-6.67991071428571
0.001484375,-4.67991071428571
0.0015234375,-1.67991071428571
0.0015625,1.32008928571429
0.0016015625,3.32008928571429
0.001640625,6.32008928571429
0.0016796875,7.32008928571429
0.00171875,5.32008928571429
0.0017578125,4.32008928571429
0.001796875,2.32008928571429
0.0018359375,0.320089285714289
0.001875,0.320089285714289
0.0019140625,-0.679910714285711
0.001953125,0.320089285714289
0.0019921875,4.32008928571429
0.00203125,6.32008928571429
0.0020703125,7.32008928571429
0.002109375,6.32008928571429
0.0021484375,6.32008928571429
0.0021875,4.32008928571429
0.0022265625,6.32008928571429
0.002265625,7.32008928571429
0.0023046875,7.32008928571429
0.00234375,3.32008928571429
0.0023828125,-0.679910714285711
0.002421875,-3.67991071428571
0.0024609375,-7.67991071428571
0.0025,-8.67991071428571
0.0025390625,-6.67991071428571
0.002578125,-4.67991071428571
0.0026171875,-0.679910714285711
0.00265625,1.32008928571429
0.0026953125,2.32008928571429
0.002734375,3.32008928571429
0.0027734375,3.32008928571429
0.0028125,3.32008928571429
0.0028515625,2.32008928571429
0.002890625,1.32008928571429
0.0029296875,0.320089285714289
0.00296875,-1.67991071428571
0.0030078125,-1.67991071428571
0.003046875,-2.67991071428571
0.0030859375,-4.67991071428571
0.003125,-4.67991071428571
0.0031640625,-5.67991071428571
0.003203125,-3.67991071428571
0.0032421875,-1.67991071428571
0.00328125,1.32008928571429
0.0033203125,2.32008928571429
0.003359375,2.32008928571429
0.0033984375,0.320089285714289
0.0034375,-1.67991071428571
0.0034765625,-0.679910714285711
0.003515625,0.320089285714289
0.0035546875,3.32008928571429
0.00359375,3.32008928571429
0.0036328125,4.32008928571429
0.003671875,5.32008928571429
0.0037109375,3.32008928571429
0.00375,3.32008928571429
0.0037890625,3.32008928571429
0.003828125,2.32008928571429
0.0038671875,3.32008928571429
0.00390625,4.32008928571429
0.0039453125,2.32008928571429
0.003984375,1.32008928571429
0.0040234375,0.320089285714289
0.0040625,-0.679910714285711
0.0041015625,-1.67991071428571
0.004140625,-1.67991071428571
0.0041796875,-2.67991071428571
0.00421875,-1.67991071428571
0.0042578125,0.320089285714289
0.004296875,1.32008928571429
0.0043359375,1.32008928571429
0.004375,-1.67991071428571
0.0044140625,-3.67991071428571
0.004453125,-4.67991071428571
0.0044921875,-4.67991071428571
0.00453125,-2.67991071428571
0.0045703125,-0.679910714285711
0.004609375,1.32008928571429
0.0046484375,2.32008928571429
0.0046875,2.32008928571429
0.0047265625,1.32008928571429
0.004765625,-0.679910714285711
0.0048046875,-0.679910714285711
0.00484375,0.320089285714289
0.0048828125,-1.67991071428571
0.004921875,-3.67991071428571
0.0049609375,-5.67991071428571
0.005,-8.67991071428571
0.0050390625,-9.67991071428571
0.005078125,-10.6799107142857
0.0051171875,-9.67991071428571
0.00515625,-6.67991071428571
0.0051953125,-3.67991071428571
0.005234375,0.320089285714289
0.0052734375,3.32008928571429
0.0053125,5.32008928571429
0.0053515625,4.32008928571429
0.005390625,3.32008928571429
0.0054296875,1.32008928571429
0.00546875,0.320089285714289
0.0055078125,0.320089285714289
0.005546875,0.320089285714289
0.0055859375,0.320089285714289
0.005625,0.320089285714289
0.0056640625,0.320089285714289
0.005703125,0.320089285714289
0.0057421875,1.32008928571429
0.00578125,2.32008928571429
0.0058203125,2.32008928571429
0.005859375,3.32008928571429
0.0058984375,4.32008928571429
0.0059375,5.32008928571429
0.0059765625,5.32008928571429
0.006015625,4.32008928571429
0.0060546875,3.32008928571429
0.00609375,3.32008928571429
0.0061328125,3.32008928571429
0.006171875,5.32008928571429
0.0062109375,5.32008928571429
0.00625,6.32008928571429
0.0062890625,7.32008928571429
0.006328125,6.32008928571429
0.0063671875,7.32008928571429
0.00640625,5.32008928571429
0.0064453125,4.32008928571429
0.006484375,3.32008928571429
0.0065234375,2.32008928571429
0.0065625,0.320089285714289
0.0066015625,-1.67991071428571
0.006640625,-5.67991071428571
0.0066796875,-7.67991071428571
0.00671875,-7.67991071428571
0.0067578125,-5.67991071428571
0.006796875,-1.67991071428571
0.0068359375,2.32008928571429
0.006875,6.32008928571429
0.0069140625,9.32008928571429
0.006953125,9.32008928571429
0.0069921875,8.32008928571429
0.00703125,8.32008928571429
0.0070703125,7.32008928571429
0.007109375,7.32008928571429
0.0071484375,5.32008928571429
0.0071875,2.32008928571429
0.0072265625,-1.67991071428571
0.007265625,-4.67991071428571
0.0073046875,-6.67991071428571
0.00734375,-7.67991071428571
0.0073828125,-7.67991071428571
0.007421875,-4.67991071428571
0.0074609375,-2.67991071428571
0.0075,-0.679910714285711
0.0075390625,-0.679910714285711
0.007578125,-1.67991071428571
0.0076171875,-3.67991071428571
0.00765625,-5.67991071428571
0.0076953125,-9.67991071428571
0.007734375,-9.67991071428571
0.0077734375,-9.67991071428571
0.0078125,-8.67991071428571
0.0078515625,-5.67991071428571
0.007890625,-2.67991071428571
0.0079296875,-2.67991071428571
0.00796875,-2.67991071428571
0.0080078125,-3.67991071428571
0.008046875,-3.67991071428571
0.0080859375,-2.67991071428571
0.008125,-0.679910714285711
0.0081640625,-1.67991071428571
0.008203125,-2.67991071428571
0.0082421875,-4.67991071428571
0.00828125,-5.67991071428571
0.0083203125,-7.67991071428571
0.008359375,-6.67991071428571
0.0083984375,-4.67991071428571
0.0084375,-2.67991071428571
0.0084765625,0.320089285714289
0.008515625,1.32008928571429
0.0085546875,4.32008928571429
0.00859375,3.32008928571429
0.0086328125,4.32008928571429
0.008671875,2.32008928571429
0.0087109375,2.32008928571429
0.00875,3.32008928571429
0.0087890625,5.32008928571429
0.008828125,6.32008928571429
0.0088671875,6.32008928571429
0.00890625,6.32008928571429
0.0089453125,6.32008928571429
0.008984375,5.32008928571429
0.0090234375,2.32008928571429
0.0090625,1.32008928571429
0.0091015625,0.320089285714289
0.009140625,1.32008928571429
0.0091796875,0.320089285714289
0.00921875,-0.679910714285711
0.0092578125,-2.67991071428571
0.009296875,-4.67991071428571
0.0093359375,-3.67991071428571
0.009375,-1.67991071428571
0.0094140625,0.320089285714289
0.009453125,2.32008928571429
0.0094921875,4.32008928571429
0.00953125,6.32008928571429
0.0095703125,5.32008928571429
0.009609375,3.32008928571429
0.0096484375,2.32008928571429
0.0096875,1.32008928571429
0.0097265625,0.320089285714289
0.009765625,0.320089285714289
0.0098046875,0.320089285714289
0.00984375,-0.679910714285711
0.0098828125,-0.679910714285711
0.009921875,-0.679910714285711
0.0099609375,0.320089285714289
0.01,2.32008928571429
0.0100390625,4.32008928571429
0.010078125,5.32008928571429
0.0101171875,7.32008928571429
0.01015625,6.32008928571429
0.0101953125,4.32008928571429
0.010234375,3.32008928571429
0.0102734375,1.32008928571429
0.0103125,0.320089285714289
0.0103515625,-0.679910714285711
0.010390625,-0.679910714285711
0.0104296875,0.320089285714289
0.01046875,0.320089285714289
0.0105078125,0.320089285714289
0.010546875,1.32008928571429
0.0105859375,2.32008928571429
0.010625,4.32008928571429
0.0106640625,6.32008928571429
0.010703125,6.32008928571429
0.0107421875,6.32008928571429
0.01078125,4.32008928571429
0.0108203125,1.32008928571429
0.010859375,-2.67991071428571
0.0108984375,-5.67991071428571
0.0109375,-8.67991071428571
0.0109765625,-9.67991071428571
0.011015625,-7.67991071428571
0.0110546875,-4.67991071428571
0.01109375,-1.67991071428571
0.0111328125,1.32008928571429
0.011171875,2.32008928571429
0.0112109375,3.32008928571429
0.01125,3.32008928571429
0.0112890625,3.32008928571429
0.011328125,3.32008928571429
0.0113671875,2.32008928571429
0.01140625,2.32008928571429
0.0114453125,1.32008928571429
0.011484375,-1.67991071428571
0.0115234375,-2.67991071428571
0.0115625,-4.67991071428571
0.0116015625,-5.67991071428571
0.011640625,-5.67991071428571
0.0116796875,-5.67991071428571
0.01171875,-3.67991071428571
0.0117578125,-2.67991071428571
0.011796875,-4.67991071428571
0.0118359375,-5.67991071428571
0.011875,-6.67991071428571
0.0119140625,-7.67991071428571
0.011953125,-6.67991071428571
0.0119921875,-4.67991071428571
0.01203125,-1.67991071428571
0.0120703125,0.320089285714289
0.012109375,2.32008928571429
0.0121484375,2.32008928571429
0.0121875,2.32008928571429
0.0122265625,-0.679910714285711
0.012265625,-2.67991071428571
0.0123046875,-2.67991071428571
0.01234375,-1.67991071428571
0.0123828125,0.320089285714289
0.012421875,2.32008928571429
0.0124609375,5.32008928571429
0.0125,6.32008928571429
0.0125390625,8.32008928571429
0.012578125,8.32008928571429
0.0126171875,9.32008928571429
0.01265625,10.3200892857143
0.0126953125,11.3200892857143
0.012734375,10.3200892857143
0.0127734375,8.32008928571429
0.0128125,5.32008928571429
0.0128515625,2.32008928571429
0.012890625,-0.679910714285711
0.0129296875,-2.67991071428571
0.01296875,-3.67991071428571
0.0130078125,-4.67991071428571
0.013046875,-3.67991071428571
0.0130859375,-1.67991071428571
0.013125,0.320089285714289
0.0131640625,2.32008928571429
0.013203125,4.32008928571429
0.0132421875,6.32008928571429
0.01328125,5.32008928571429
0.0133203125,5.32008928571429
0.013359375,4.32008928571429
0.0133984375,0.320089285714289
0.0134375,-4.67991071428571
0.0134765625,-8.67991071428571
0.013515625,-11.6799107142857
0.0135546875,-13.6799107142857
0.01359375,-13.6799107142857
0.0136328125,-9.67991071428571
0.013671875,-5.67991071428571
0.0137109375,-1.67991071428571
0.01375,2.32008928571429
0.0137890625,4.32008928571429
0.013828125,4.32008928571429
0.0138671875,4.32008928571429
0.01390625,3.32008928571429
0.0139453125,2.32008928571429
0.013984375,3.32008928571429
0.0140234375,2.32008928571429
0.0140625,1.32008928571429
0.0141015625,-0.679910714285711
0.014140625,-1.67991071428571
0.0141796875,-4.67991071428571
0.01421875,-4.67991071428571
0.0142578125,-2.67991071428571
0.014296875,-2.67991071428571
0.0143359375,-1.67991071428571
0.014375,-0.679910714285711
0.0144140625,0.320089285714289
0.014453125,0.320089285714289
0.0144921875,-0.679910714285711
0.01453125,-2.67991071428571
0.0145703125,-2.67991071428571
0.014609375,-2.67991071428571
0.0146484375,-3.67991071428571
0.0146875,-2.67991071428571
0.0147265625,-1.67991071428571
0.014765625,-1.67991071428571
0.0148046875,-0.679910714285711
0.01484375,-0.679910714285711
0.0148828125,2.32008928571429
0.014921875,6.32008928571429
0.0149609375,9.32008928571429
0.015,10.3200892857143
0.0150390625,10.3200892857143
0.015078125,8.32008928571429
0.0151171875,6.32008928571429
0.01515625,4.32008928571429
0.0151953125,1.32008928571429
0.015234375,-1.67991071428571
0.0152734375,-2.67991071428571
0.0153125,-2.67991071428571
0.0153515625,-1.67991071428571
0.015390625,-1.67991071428571
0.0154296875,-2.67991071428571
0.01546875,-1.67991071428571
0.0155078125,-1.67991071428571
0.015546875,1.32008928571429
0.0155859375,4.32008928571429
0.015625,6.32008928571429
0.0156640625,8.32008928571429
0.015703125,8.32008928571429
0.0157421875,6.32008928571429
0.01578125,4.32008928571429
0.0158203125,2.32008928571429
0.015859375,0.320089285714289
0.0158984375,1.32008928571429
0.0159375,1.32008928571429
0.0159765625,0.320089285714289
0.016015625,-1.67991071428571
0.0160546875,-2.67991071428571
0.01609375,-4.67991071428571
0.0161328125,-4.67991071428571
0.016171875,-3.67991071428571
0.0162109375,-0.679910714285711
0.01625,1.32008928571429
0.0162890625,5.32008928571429
0.016328125,7.32008928571429
0.0163671875,7.32008928571429
0.01640625,5.32008928571429
0.0164453125,2.32008928571429
0.016484375,-2.67991071428571
0.0165234375,-6.67991071428571
0.0165625,-9.67991071428571
0.0166015625,-10.6799107142857
0.016640625,-10.6799107142857
0.0166796875,-9.67991071428571
0.01671875,-9.67991071428571
0.0167578125,-9.67991071428571
0.016796875,-8.67991071428571
0.0168359375,-4.67991071428571
0.016875,-2.67991071428571
0.0169140625,0.320089285714289
0.016953125,1.32008928571429
0.0169921875,2.32008928571429
0.01703125,0.320089285714289
0.0170703125,-1.67991071428571
0.017109375,-4.67991071428571
0.0171484375,-5.67991071428571
0.0171875,-6.67991071428571
0.0172265625,-4.67991071428571
0.017265625,-3.67991071428571
0.0173046875,-0.679910714285711
0.01734375,1.32008928571429
0.0173828125,4.32008928571429
0.017421875,5.32008928571429
0.0174609375,8.32008928571429
0.0175,9.32008928571429
0.0175390625,10.3200892857143
0.017578125,10.3200892857143
0.0176171875,9.32008928571429
0.01765625,7.32008928571429
0.0176953125,3.32008928571429
0.017734375,-1.67991071428571
0.0177734375,-5.67991071428571
0.0178125,-5.67991071428571
0.0178515625,-4.67991071428571
0.017890625,-3.67991071428571
0.0179296875,0.320089285714289
0.01796875,2.32008928571429
0.0180078125,0.320089285714289
0.018046875,-0.679910714285711
0.0180859375,-3.67991071428571
0.018125,-5.67991071428571
0.0181640625,-6.67991071428571
0.018203125,-7.67991071428571
0.0182421875,-6.67991071428571
0.01828125,-5.67991071428571
0.0183203125,-5.67991071428571
0.018359375,-5.67991071428571
0.0183984375,-5.67991071428571
0.0184375,-4.67991071428571
0.0184765625,-2.67991071428571
0.018515625,0.320089285714289
0.0185546875,4.32008928571429
0.01859375,9.32008928571429
0.0186328125,10.3200892857143
0.018671875,10.3200892857143
0.0187109375,10.3200892857143
0.01875,9.32008928571429
0.0187890625,9.32008928571429
0.018828125,9.32008928571429
0.0188671875,10.3200892857143
0.01890625,11.3200892857143
0.0189453125,11.3200892857143
0.018984375,10.3200892857143
0.0190234375,9.32008928571429
0.0190625,7.32008928571429
0.0191015625,5.32008928571429
0.019140625,4.32008928571429
0.0191796875,4.32008928571429
0.01921875,3.32008928571429
0.0192578125,3.32008928571429
0.019296875,2.32008928571429
0.0193359375,3.32008928571429
0.019375,1.32008928571429
0.0194140625,0.320089285714289
0.019453125,1.32008928571429
0.0194921875,1.32008928571429
0.01953125,2.32008928571429
0.0195703125,2.32008928571429
0.019609375,0.320089285714289
0.0196484375,-2.67991071428571
0.0196875,-6.67991071428571
0.0197265625,-11.6799107142857
0.019765625,-13.6799107142857
0.0198046875,-13.6799107142857
0.01984375,-12.6799107142857
0.0198828125,-9.67991071428571
0.019921875,-8.67991071428571
0.0199609375,-7.67991071428571
0.02,-7.67991071428571
0.0200390625,-7.67991071428571
0.020078125,-4.67991071428571
0.0201171875,-0.679910714285711
0.02015625,2.32008928571429
0.0201953125,4.32008928571429
0.020234375,5.32008928571429
0.0202734375,5.32008928571429
0.0203125,3.32008928571429
0.0203515625,3.32008928571429
0.020390625,2.32008928571429
0.0204296875,4.32008928571429
0.02046875,5.32008928571429
0.0205078125,6.32008928571429
0.020546875,6.32008928571429
0.0205859375,5.32008928571429
0.020625,4.32008928571429
0.0206640625,1.32008928571429
0.020703125,-1.67991071428571
0.0207421875,-2.67991071428571
0.02078125,-4.67991071428571
0.0208203125,-5.67991071428571
0.020859375,-6.67991071428571
0.0208984375,-7.67991071428571
0.0209375,-7.67991071428571
0.0209765625,-6.67991071428571
0.021015625,-6.67991071428571
0.0210546875,-3.67991071428571
0.02109375,-1.67991071428571
0.0211328125,1.32008928571429
0.021171875,4.32008928571429
0.0212109375,7.32008928571429
0.02125,6.32008928571429
0.0212890625,4.32008928571429
0.021328125,1.32008928571429
0.0213671875,-1.67991071428571
0.02140625,-2.67991071428571
0.0214453125,-2.67991071428571
0.021484375,-2.67991071428571
0.0215234375,-0.679910714285711
0.0215625,1.32008928571429
0.0216015625,3.32008928571429
0.021640625,6.32008928571429
0.0216796875,7.32008928571429
0.02171875,8.32008928571429
0.0217578125,9.32008928571429
0.021796875,10.3200892857143
0.0218359375,12.3200892857143
0.021875,11.3200892857143
0.0219140625,9.32008928571429
0.021953125,5.32008928571429
0.0219921875,1.32008928571429
0.02203125,-3.67991071428571
0.0220703125,-5.67991071428571
0.022109375,-6.67991071428571
0.0221484375,-5.67991071428571
0.0221875,-4.67991071428571
0.0222265625,-5.67991071428571
0.022265625,-7.67991071428571
0.0223046875,-8.67991071428571
0.02234375,-9.67991071428571
0.0223828125,-8.67991071428571
0.022421875,-6.67991071428571
0.0224609375,-4.67991071428571
0.0225,-3.67991071428571
0.0225390625,-2.67991071428571
0.022578125,-1.67991071428571
0.0226171875,-1.67991071428571
0.02265625,-0.679910714285711
0.0226953125,2.32008928571429
0.022734375,5.32008928571429
0.0227734375,7.32008928571429
0.0228125,11.3200892857143
0.0228515625,10.3200892857143
0.022890625,8.32008928571429
0.0229296875,4.32008928571429
0.02296875,1.32008928571429
0.0230078125,-2.67991071428571
0.023046875,-3.67991071428571
0.0230859375,-4.67991071428571
0.023125,-4.67991071428571
0.0231640625,-5.67991071428571
0.023203125,-4.67991071428571
0.0232421875,-5.67991071428571
0.02328125,-6.67991071428571
0.0233203125,-5.67991071428571
0.023359375,-5.67991071428571
0.0233984375,-4.67991071428571
0.0234375,-3.67991071428571
0.0234765625,-0.679910714285711
0.023515625,0.320089285714289
0.0235546875,0.320089285714289
0.02359375,0.320089285714289
0.0236328125,0.320089285714289
0.023671875,1.32008928571429
0.0237109375,1.32008928571429
0.02375,1.32008928571429
0.0237890625,3.32008928571429
0.023828125,3.32008928571429
0.0238671875,2.32008928571429
0.02390625,0.320089285714289
0.0239453125,-0.679910714285711
0.023984375,-1.67991071428571
0.0240234375,-1.67991071428571
0.0240625,-0.679910714285711
0.0241015625,1.32008928571429
0.024140625,4.32008928571429
0.0241796875,6.32008928571429
0.02421875,7.32008928571429
0.0242578125,6.32008928571429
0.024296875,6.32008928571429
0.0243359375,7.32008928571429
0.024375,9.32008928571429
0.0244140625,10.3200892857143
0.024453125,9.32008928571429
0.0244921875,8.32008928571429
0.02453125,4.32008928571429
0.0245703125,0.320089285714289
0.024609375,-1.67991071428571
0.0246484375,-2.67991071428571
0.0246875,-2.67991071428571
0.0247265625,-2.67991071428571
0.024765625,-0.679910714285711
0.0248046875,-0.679910714285711
0.02484375,-1.67991071428571
0.0248828125,-2.67991071428571
0.024921875,-4.67991071428571
0.0249609375,-4.67991071428571
0.025,-2.67991071428571
0.0250390625,0.320089285714289
0.025078125,3.32008928571429
0.0251171875,5.32008928571429
0.02515625,7.32008928571429
0.0251953125,7.32008928571429
0.025234375,7.32008928571429
0.0252734375,6.32008928571429
0.0253125,7.32008928571429
0.0253515625,8.32008928571429
0.025390625,8.32008928571429
0.0254296875,7.32008928571429
0.02546875,7.32008928571429
0.0255078125,4.32008928571429
0.025546875,1.32008928571429
0.0255859375,-1.67991071428571
0.025625,-1.67991071428571
0.0256640625,-0.679910714285711
0.025703125,0.320089285714289
0.0257421875,0.320089285714289
0.02578125,-0.679910714285711
0.0258203125,-2.67991071428571
0.025859375,-5.67991071428571
0.0258984375,-7.67991071428571
0.0259375,-8.67991071428571
0.0259765625,-9.67991071428571
0.026015625,-9.67991071428571
0.0260546875,-7.67991071428571
0.02609375,-5.67991071428571
0.0261328125,-3.67991071428571
0.026171875,-4.67991071428571
0.0262109375,-4.67991071428571
0.02625,-5.67991071428571
0.0262890625,-6.67991071428571
0.026328125,-8.67991071428571
0.0263671875,-8.67991071428571
0.02640625,-8.67991071428571
0.0264453125,-7.67991071428571
0.026484375,-8.67991071428571
0.0265234375,-8.67991071428571
0.0265625,-8.67991071428571
0.0266015625,-7.67991071428571
0.026640625,-4.67991071428571
0.0266796875,-1.67991071428571
0.02671875,3.32008928571429
0.0267578125,6.32008928571429
0.026796875,8.32008928571429
0.0268359375,7.32008928571429
0.026875,5.32008928571429
0.0269140625,4.32008928571429
0.026953125,3.32008928571429
0.0269921875,3.32008928571429
0.02703125,2.32008928571429
0.0270703125,1.32008928571429
0.027109375,-0.679910714285711
0.0271484375,-3.67991071428571
0.0271875,-4.67991071428571
0.0272265625,-5.67991071428571
0.027265625,-4.67991071428571
0.0273046875,-3.67991071428571
0.02734375,-1.67991071428571
0.0273828125,0.320089285714289
0.027421875,0.320089285714289
0.0274609375,-0.679910714285711
0.0275,-3.67991071428571
0.0275390625,-4.67991071428571
0.027578125,-5.67991071428571
0.0276171875,-5.67991071428571
0.02765625,-4.67991071428571
0.0276953125,-0.679910714285711
0.027734375,2.32008928571429
0.0277734375,4.32008928571429
0.0278125,6.32008928571429
0.0278515625,7.32008928571429
0.027890625,9.32008928571429
0.0279296875,12.3200892857143
0.02796875,14.3200892857143
0.0280078125,17.3200892857143
0.028046875,20.3200892857143
0.0280859375,19.3200892857143
0.028125,17.3200892857143
0.0281640625,13.3200892857143
0.028203125,10.3200892857143
0.0282421875,7.32008928571429
0.02828125,5.32008928571429
0.0283203125,4.32008928571429
0.028359375,4.32008928571429
0.0283984375,3.32008928571429
0.0284375,2.32008928571429
0.0284765625,1.32008928571429
0.028515625,-2.67991071428571
0.0285546875,-5.67991071428571
0.02859375,-5.67991071428571
0.0286328125,-5.67991071428571
0.028671875,-5.67991071428571
0.0287109375,-5.67991071428571
0.02875,-6.67991071428571
0.0287890625,-8.67991071428571
0.028828125,-11.6799107142857
0.0288671875,-13.6799107142857
0.02890625,-13.6799107142857
0.0289453125,-11.6799107142857
0.028984375,-9.67991071428571
0.0290234375,-9.67991071428571
0.0290625,-8.67991071428571
0.0291015625,-8.67991071428571
0.029140625,-7.67991071428571
0.0291796875,-5.67991071428571
0.02921875,-2.67991071428571
0.0292578125,-0.679910714285711
0.029296875,2.32008928571429
0.0293359375,3.32008928571429
0.029375,4.32008928571429
0.0294140625,5.32008928571429
0.029453125,7.32008928571429
0.0294921875,7.32008928571429
0.02953125,8.32008928571429
0.0295703125,10.3200892857143
0.029609375,13.3200892857143
0.0296484375,17.3200892857143
0.0296875,17.3200892857143
0.0297265625,15.3200892857143
0.029765625,12.3200892857143
0.0298046875,9.32008928571429
0.02984375,4.32008928571429
0.0298828125,2.32008928571429
0.029921875,0.320089285714289
0.0299609375,-0.679910714285711
0.03,-1.67991071428571
0.0300390625,-2.67991071428571
0.030078125,-5.67991071428571
0.0301171875,-7.67991071428571
0.03015625,-8.67991071428571
0.0301953125,-8.67991071428571
0.030234375,-7.67991071428571
0.0302734375,-6.67991071428571
0.0303125,-3.67991071428571
0.0303515625,-2.67991071428571
0.030390625,-0.679910714285711
0.0304296875,-1.67991071428571
0.03046875,-2.67991071428571
0.0305078125,-4.67991071428571
0.030546875,-3.67991071428571
0.0305859375,-5.67991071428571
0.030625,-5.67991071428571
0.0306640625,-6.67991071428571
0.030703125,-6.67991071428571
0.0307421875,-5.67991071428571
0.03078125,-5.67991071428571
0.0308203125,-4.67991071428571
0.030859375,-2.67991071428571
0.0308984375,1.32008928571429
0.0309375,4.32008928571429
0.0309765625,7.32008928571429
0.031015625,10.3200892857143
0.0310546875,11.3200892857143
0.03109375,11.3200892857143
0.0311328125,8.32008928571429
0.031171875,5.32008928571429
0.0312109375,3.32008928571429
0.03125,2.32008928571429
0.0312890625,2.32008928571429
0.031328125,3.32008928571429
0.0313671875,2.32008928571429
0.03140625,0.320089285714289
0.0314453125,-0.679910714285711
0.031484375,-0.679910714285711
0.0315234375,-0.679910714285711
0.0315625,-1.67991071428571
0.0316015625,-1.67991071428571
0.031640625,-0.679910714285711
0.0316796875,-0.679910714285711
0.03171875,-2.67991071428571
0.0317578125,-5.67991071428571
0.031796875,-6.67991071428571
0.0318359375,-7.67991071428571
0.031875,-5.67991071428571
0.0319140625,-2.67991071428571
0.031953125,-0.679910714285711
0.0319921875,0.320089285714289
0.03203125,1.32008928571429
0.0320703125,2.32008928571429
0.032109375,3.32008928571429
0.0321484375,5.32008928571429
0.0321875,8.32008928571429
0.0322265625,9.32008928571429
0.032265625,8.32008928571429
0.0323046875,4.32008928571429
0.03234375,-0.679910714285711
0.0323828125,-4.67991071428571
0.032421875,-5.67991071428571
0.0324609375,-7.67991071428571
0.0325,-5.67991071428571
0.0325390625,-2.67991071428571
0.032578125,0.320089285714289
0.0326171875,1.32008928571429
0.03265625,0.320089285714289
0.0326953125,-2.67991071428571
0.032734375,-4.67991071428571
0.0327734375,-5.67991071428571
0.0328125,-6.67991071428571
0.0328515625,-6.67991071428571
0.032890625,-6.67991071428571
0.0329296875,-6.67991071428571
0.03296875,-6.67991071428571
0.0330078125,-6.67991071428571
0.033046875,-7.67991071428571
0.0330859375,-8.67991071428571
0.033125,-8.67991071428571
0.0331640625,-6.67991071428571
0.033203125,-4.67991071428571
0.0332421875,-1.67991071428571
0.03328125,1.32008928571429
0.0333203125,3.32008928571429
0.033359375,4.32008928571429
0.0333984375,6.32008928571429
0.0334375,8.32008928571429
0.0334765625,10.3200892857143
0.033515625,12.3200892857143
0.0335546875,15.3200892857143
0.03359375,15.3200892857143
0.0336328125,15.3200892857143
0.033671875,11.3200892857143
0.0337109375,9.32008928571429
0.03375,6.32008928571429
0.0337890625,3.32008928571429
0.033828125,1.32008928571429
0.0338671875,-0.679910714285711
0.03390625,-0.679910714285711
0.0339453125,-0.679910714285711
0.033984375,-1.67991071428571
0.0340234375,-1.67991071428571
0.0340625,-0.679910714285711
0.0341015625,-0.679910714285711
0.034140625,2.32008928571429
0.0341796875,4.32008928571429
0.03421875,6.32008928571429
0.0342578125,7.32008928571429
0.034296875,6.32008928571429
0.0343359375,3.32008928571429
0.034375,-0.679910714285711
0.0344140625,-2.67991071428571
0.034453125,-2.67991071428571
0.0344921875,-1.67991071428571
0.03453125,-0.679910714285711
0.0345703125,0.320089285714289
0.034609375,1.32008928571429
0.0346484375,1.32008928571429
0.0346875,1.32008928571429
0.0347265625,1.32008928571429
0.034765625,1.32008928571429
0.0348046875,1.32008928571429
0.03484375,2.32008928571429
0.0348828125,2.32008928571429
0.034921875,0.320089285714289
0.0349609375,-2.67991071428571
0.035,-4.67991071428571
0.0350390625,-5.67991071428571
0.035078125,-4.67991071428571
0.0351171875,-2.67991071428571
0.03515625,-0.679910714285711
0.0351953125,1.32008928571429
0.035234375,2.32008928571429
0.0352734375,1.32008928571429
0.0353125,-2.67991071428571
0.0353515625,-5.67991071428571
0.035390625,-5.67991071428571
0.0354296875,-5.67991071428571
0.03546875,-4.67991071428571
0.0355078125,-2.67991071428571
0.035546875,-1.67991071428571
0.0355859375,-3.67991071428571
0.035625,-3.67991071428571
0.0356640625,-4.67991071428571
0.035703125,-4.67991071428571
0.0357421875,-2.67991071428571
0.03578125,-0.679910714285711
0.0358203125,2.32008928571429
0.035859375,4.32008928571429
0.0358984375,5.32008928571429
0.0359375,5.32008928571429
0.0359765625,4.32008928571429
0.036015625,3.32008928571429
0.0360546875,1.32008928571429
0.03609375,1.32008928571429
0.0361328125,0.320089285714289
0.036171875,-0.679910714285711
0.0362109375,-1.67991071428571
0.03625,-2.67991071428571
0.0362890625,-3.67991071428571
0.036328125,-4.67991071428571
0.0363671875,-4.67991071428571
0.03640625,-5.67991071428571
0.0364453125,-3.67991071428571
0.036484375,-1.67991071428571
0.0365234375,0.320089285714289
0.0365625,2.32008928571429
0.0366015625,2.32008928571429
0.036640625,0.320089285714289
0.0366796875,-1.67991071428571
0.03671875,0.320089285714289
0.0367578125,2.32008928571429
0.036796875,4.32008928571429
0.0368359375,3.32008928571429
0.036875,1.32008928571429
0.0369140625,0.320089285714289
0.036953125,-2.67991071428571
0.0369921875,-4.67991071428571
0.03703125,-3.67991071428571
0.0370703125,-0.679910714285711
0.037109375,2.32008928571429
0.0371484375,3.32008928571429
0.0371875,3.32008928571429
0.0372265625,4.32008928571429
0.037265625,4.32008928571429
0.0373046875,4.32008928571429
0.03734375,3.32008928571429
0.0373828125,3.32008928571429
0.037421875,4.32008928571429
0.0374609375,4.32008928571429
0.0375,5.32008928571429
0.0375390625,5.32008928571429
0.037578125,3.32008928571429
0.0376171875,-0.679910714285711
0.03765625,-3.67991071428571
0.0376953125,-4.67991071428571
0.037734375,-4.67991071428571
0.0377734375,-4.67991071428571
0.0378125,-4.67991071428571
0.0378515625,-3.67991071428571
0.037890625,-5.67991071428571
0.0379296875,-5.67991071428571
0.03796875,-5.67991071428571
0.0380078125,-4.67991071428571
0.038046875,-2.67991071428571
0.0380859375,-1.67991071428571
0.038125,-0.679910714285711
0.0381640625,0.320089285714289
0.038203125,-0.679910714285711
0.0382421875,-1.67991071428571
0.03828125,-0.679910714285711
0.0383203125,-0.679910714285711
0.038359375,1.32008928571429
0.0383984375,4.32008928571429
0.0384375,6.32008928571429
0.0384765625,7.32008928571429
0.038515625,6.32008928571429
0.0385546875,6.32008928571429
0.03859375,5.32008928571429
0.0386328125,2.32008928571429
0.038671875,1.32008928571429
0.0387109375,1.32008928571429
0.03875,0.320089285714289
0.0387890625,2.32008928571429
0.038828125,3.32008928571429
0.0388671875,2.32008928571429
0.03890625,2.32008928571429
0.0389453125,2.32008928571429
0.038984375,4.32008928571429
0.0390234375,5.32008928571429
0.0390625,4.32008928571429
0.0391015625,4.32008928571429
0.039140625,3.32008928571429
0.0391796875,0.320089285714289
0.03921875,-2.67991071428571
0.0392578125,-5.67991071428571
0.039296875,-5.67991071428571
0.0393359375,-5.67991071428571
0.039375,-3.67991071428571
0.0394140625,-1.67991071428571
0.039453125,0.320089285714289
0.0394921875,2.32008928571429
0.03953125,3.32008928571429
0.0395703125,2.32008928571429
0.039609375,2.32008928571429
0.0396484375,3.32008928571429
0.0396875,4.32008928571429
0.0397265625,5.32008928571429
0.039765625,7.32008928571429
0.0398046875,6.32008928571429
0.03984375,5.32008928571429
0.0398828125,4.32008928571429
0.039921875,2.32008928571429
0.0399609375,3.32008928571429
0.04,4.32008928571429
0.0400390625,4.32008928571429
0.040078125,6.32008928571429
0.0401171875,5.32008928571429
0.04015625,5.32008928571429
0.0401953125,3.32008928571429
0.040234375,1.32008928571429
0.0402734375,-0.679910714285711
0.0403125,-1.67991071428571
0.0403515625,-3.67991071428571
0.040390625,-3.67991071428571
0.0404296875,-3.67991071428571
0.04046875,-2.67991071428571
0.0405078125,-5.67991071428571
0.040546875,-8.67991071428571
0.0405859375,-11.6799107142857
0.040625,-13.6799107142857
0.0406640625,-13.6799107142857
0.040703125,-12.6799107142857
0.0407421875,-10.6799107142857
0.04078125,-9.67991071428571
0.0408203125,-8.67991071428571
0.040859375,-8.67991071428571
0.0408984375,-7.67991071428571
0.0409375,-4.67991071428571
0.0409765625,0.320089285714289
0.041015625,1.32008928571429
0.0410546875,-2.67991071428571
0.04109375,4.32008928571429
0.0411328125,23.3200892857143
0.041171875,30.3200892857143
0.0412109375,24.3200892857143
0.04125,12.3200892857143
0.0412890625,-0.679910714285711
0.041328125,-7.67991071428571
0.0413671875,-1.67991071428571
0.04140625,5.32008928571429
0.0414453125,10.3200892857143
0.041484375,9.32008928571429
0.0415234375,5.32008928571429
0.0415625,5.32008928571429
0.0416015625,9.32008928571429
0.041640625,11.3200892857143
0.0416796875,9.32008928571429
0.04171875,10.3200892857143
0.0417578125,21.3200892857143
0.041796875,35.3200892857143
0.0418359375,46.3200892857143
0.041875,45.3200892857143
0.0419140625,32.3200892857143
0.041953125,5.32008928571429
0.0419921875,-39.6799107142857
0.04203125,-89.6799107142857
0.0420703125,-130.679910714286
0.042109375,-160.679910714286
0.0421484375,-176.679910714286
0.0421875,-174.679910714286
0.0422265625,-157.679910714286
0.042265625,-130.679910714286
0.0423046875,-98.6799107142857
0.04234375,-66.6799107142857
0.0423828125,-33.6799107142857
0.042421875,-0.679910714285711
0.0424609375,30.3200892857143
0.0425,63.3200892857143
0.0425390625,94.3200892857143
0.042578125,121.320089285714
0.0426171875,142.320089285714
0.04265625,152.320089285714
0.0426953125,157.320089285714
0.042734375,161.320089285714
0.0427734375,162.320089285714
0.0428125,159.320089285714
0.0428515625,151.320089285714
0.042890625,143.320089285714
0.0429296875,131.320089285714
0.04296875,117.320089285714
0.0430078125,96.3200892857143
0.043046875,71.3200892857143
0.0430859375,40.3200892857143
0.043125,9.32008928571429
0.0431640625,-19.6799107142857
0.043203125,-41.6799107142857
0.0432421875,-56.6799107142857
0.04328125,-65.6799107142857
0.0433203125,-71.6799107142857
0.043359375,-80.6799107142857
0.0433984375,-94.6799107142857
0.0434375,-110.679910714286
0.0434765625,-125.679910714286
0.043515625,-142.679910714286
0.0435546875,-155.679910714286
0.04359375,-161.679910714286
0.0436328125,-158.679910714286
0.043671875,-146.679910714286
0.0437109375,-126.679910714286
0.04375,-103.679910714286
0.0437890625,-78.6799107142857
0.043828125,-52.6799107142857
0.0438671875,-23.6799107142857
0.04390625,6.32008928571429
0.0439453125,32.3200892857143
0.043984375,55.3200892857143
0.0440234375,74.3200892857143
0.0440625,85.3200892857143
0.0441015625,93.3200892857143
0.044140625,96.3200892857143
0.0441796875,97.3200892857143
0.04421875,92.3200892857143
0.0442578125,81.3200892857143
0.044296875,73.3200892857143
0.0443359375,66.3200892857143
0.044375,63.3200892857143
0.0444140625,61.3200892857143
0.044453125,57.3200892857143
0.0444921875,48.3200892857143
0.04453125,40.3200892857143
0.0445703125,32.3200892857143
0.044609375,22.3200892857143
0.0446484375,8.32008928571429
0.0446875,-11.6799107142857
0.0447265625,-34.6799107142857
0.044765625,-54.6799107142857
0.0448046875,-70.6799107142857
0.04484375,-77.6799107142857
0.0448828125,-80.6799107142857
0.044921875,-78.6799107142857
0.0449609375,-69.6799107142857
0.045,-56.6799107142857
0.0450390625,-41.6799107142857
0.045078125,-27.6799107142857
0.0451171875,-16.6799107142857
0.04515625,-9.67991071428571
0.0451953125,-5.67991071428571
0.045234375,-5.67991071428571
0.0452734375,-5.67991071428571
0.0453125,-5.67991071428571
0.0453515625,-4.67991071428571
0.045390625,-1.67991071428571
0.0454296875,2.32008928571429
0.04546875,10.3200892857143
0.0455078125,22.3200892857143
0.045546875,39.3200892857143
0.0455859375,57.3200892857143
0.045625,77.3200892857143
0.0456640625,94.3200892857143
0.045703125,105.320089285714
0.0457421875,110.320089285714
0.04578125,108.320089285714
0.0458203125,100.320089285714
0.045859375,81.3200892857143
0.0458984375,57.3200892857143
0.0459375,28.3200892857143
0.0459765625,-1.67991071428571
0.046015625,-31.6799107142857
0.0460546875,-58.6799107142857
0.04609375,-80.6799107142857
0.0461328125,-95.6799107142857
0.046171875,-104.679910714286
0.0462109375,-105.679910714286
0.04625,-101.679910714286
0.0462890625,-93.6799107142857
0.046328125,-84.6799107142857
0.0463671875,-74.6799107142857
0.04640625,-67.6799107142857
0.0464453125,-58.6799107142857
0.046484375,-47.6799107142857
0.0465234375,-35.6799107142857
0.0465625,-23.6799107142857
0.0466015625,-14.6799107142857
0.046640625,-4.67991071428571
0.0466796875,4.32008928571429
0.04671875,15.3200892857143
0.0467578125,26.3200892857143
0.046796875,37.3200892857143
0.0468359375,49.3200892857143
0.046875,58.3200892857143
0.0469140625,65.3200892857143
0.046953125,68.3200892857143
0.0469921875,66.3200892857143
0.04703125,63.3200892857143
0.0470703125,58.3200892857143
0.047109375,52.3200892857143
0.0471484375,47.3200892857143
0.0471875,43.3200892857143
0.0472265625,39.3200892857143
0.047265625,36.3200892857143
0.0473046875,32.3200892857143
0.04734375,27.3200892857143
0.0473828125,20.3200892857143
0.047421875,12.3200892857143
0.0474609375,3.32008928571429
0.0475,-5.67991071428571
0.0475390625,-16.6799107142857
0.047578125,-26.6799107142857
0.0476171875,-39.6799107142857
0.04765625,-53.6799107142857
0.0476953125,-64.6799107142857
0.047734375,-72.6799107142857
0.0477734375,-76.6799107142857
0.0478125,-75.6799107142857
0.0478515625,-72.6799107142857
0.047890625,-67.6799107142857
0.0479296875,-57.6799107142857
0.04796875,-44.6799107142857
0.0480078125,-28.6799107142857
0.048046875,-11.6799107142857
0.0480859375,8.32008928571429
0.048125,26.3200892857143
0.0481640625,43.3200892857143
0.048203125,56.3200892857143
0.0482421875,67.3200892857143
0.04828125,72.3200892857143
0.0483203125,73.3200892857143
0.048359375,69.3200892857143
0.0483984375,64.3200892857143
0.0484375,58.3200892857143
0.0484765625,51.3200892857143
0.048515625,43.3200892857143
0.0485546875,35.3200892857143
0.04859375,27.3200892857143
0.0486328125,16.3200892857143
0.048671875,4.32008928571429
0.0487109375,-7.67991071428571
0.04875,-16.6799107142857
0.0487890625,-24.6799107142857
0.048828125,-30.6799107142857
0.0488671875,-34.6799107142857
0.04890625,-38.6799107142857
0.0489453125,-43.6799107142857
0.048984375,-49.6799107142857
0.0490234375,-54.6799107142857
0.0490625,-57.6799107142857
0.0491015625,-60.6799107142857
0.049140625,-57.6799107142857
0.0491796875,-53.6799107142857
0.04921875,-47.6799107142857
0.0492578125,-40.6799107142857
0.049296875,-32.6799107142857
0.0493359375,-24.6799107142857
0.049375,-16.6799107142857
0.0494140625,-7.67991071428571
0.049453125,2.32008928571429
0.0494921875,11.3200892857143
0.04953125,18.3200892857143
0.0495703125,23.3200892857143
0.049609375,26.3200892857143
0.0496484375,28.3200892857143
0.0496875,31.3200892857143
0.0497265625,36.3200892857143
0.049765625,40.3200892857143
0.0498046875,43.3200892857143
0.04984375,47.3200892857143
0.0498828125,49.3200892857143
0.049921875,50.3200892857143
0.0499609375,48.3200892857143
0.05,46.3200892857143
0.0500390625,42.3200892857143
0.050078125,37.3200892857143
0.0501171875,28.3200892857143
0.05015625,19.3200892857143
0.0501953125,9.32008928571429
0.050234375,-0.679910714285711
0.0502734375,-9.67991071428571
0.0503125,-19.6799107142857
0.0503515625,-28.6799107142857
0.050390625,-36.6799107142857
0.0504296875,-42.6799107142857
0.05046875,-45.6799107142857
0.0505078125,-46.6799107142857
0.050546875,-46.6799107142857
0.0505859375,-45.6799107142857
0.050625,-42.6799107142857
0.0506640625,-38.6799107142857
0.050703125,-33.6799107142857
0.0507421875,-26.6799107142857
0.05078125,-17.6799107142857
0.0508203125,-8.67991071428571
0.050859375,0.320089285714289
0.0508984375,9.32008928571429
0.0509375,16.3200892857143
0.0509765625,22.3200892857143
0.051015625,27.3200892857143
0.0510546875,31.3200892857143
0.05109375,33.3200892857143
0.0511328125,35.3200892857143
0.051171875,34.3200892857143
0.0512109375,31.3200892857143
0.05125,26.3200892857143
0.0512890625,21.3200892857143
0.051328125,17.3200892857143
0.0513671875,16.3200892857143
0.05140625,12.3200892857143
0.0514453125,8.32008928571429
0.051484375,2.32008928571429
0.0515234375,-4.67991071428571
0.0515625,-11.6799107142857
0.0516015625,-17.6799107142857
0.051640625,-22.6799107142857
0.0516796875,-25.6799107142857
0.05171875,-26.6799107142857
0.0517578125,-25.6799107142857
0.051796875,-22.6799107142857
0.0518359375,-19.6799107142857
0.051875,-15.6799107142857
0.0519140625,-9.67991071428571
0.051953125,-3.67991071428571
0.0519921875,2.32008928571429
0.05203125,8.32008928571429
0.0520703125,15.3200892857143
0.052109375,20.3200892857143
0.0521484375,25.3200892857143
0.0521875,28.3200892857143
0.0522265625,27.3200892857143
0.052265625,26.3200892857143
0.0523046875,22.3200892857143
0.05234375,18.3200892857143
0.0523828125,14.3200892857143
0.052421875,11.3200892857143
0.0524609375,8.32008928571429
0.0525,5.32008928571429
0.0525390625,-1.67991071428571
0.052578125,-8.67991071428571
0.0526171875,-15.6799107142857
0.05265625,-20.6799107142857
0.0526953125,-23.6799107142857
0.052734375,-27.6799107142857
0.0527734375,-29.6799107142857
0.0528125,-33.6799107142857
0.0528515625,-35.6799107142857
0.052890625,-36.6799107142857
0.0529296875,-37.6799107142857
0.05296875,-35.6799107142857
0.0530078125,-30.6799107142857
0.053046875,-25.6799107142857
0.0530859375,-17.6799107142857
0.053125,-10.6799107142857
0.0531640625,-2.67991071428571
0.053203125,2.32008928571429
0.0532421875,8.32008928571429
0.05328125,13.3200892857143
0.0533203125,18.3200892857143
0.053359375,23.3200892857143
0.0533984375,28.3200892857143
0.0534375,33.3200892857143
0.0534765625,34.3200892857143
0.053515625,34.3200892857143
0.0535546875,33.3200892857143
0.05359375,31.3200892857143
0.0536328125,31.3200892857143
0.053671875,31.3200892857143
0.0537109375,29.3200892857143
0.05375,27.3200892857143
0.0537890625,23.3200892857143
0.053828125,18.3200892857143
0.0538671875,12.3200892857143
0.05390625,4.32008928571429
0.0539453125,-1.67991071428571
0.053984375,-9.67991071428571
0.0540234375,-16.6799107142857
0.0540625,-22.6799107142857
0.0541015625,-27.6799107142857
0.054140625,-29.6799107142857
0.0541796875,-31.6799107142857
0.05421875,-32.6799107142857
0.0542578125,-32.6799107142857
0.054296875,-30.6799107142857
0.0543359375,-24.6799107142857
0.054375,-16.6799107142857
0.0544140625,-10.6799107142857
0.054453125,-5.67991071428571
0.0544921875,-0.679910714285711
0.05453125,3.32008928571429
0.0545703125,7.32008928571429
0.054609375,11.3200892857143
0.0546484375,14.3200892857143
0.0546875,19.3200892857143
0.0547265625,21.3200892857143
0.054765625,20.3200892857143
0.0548046875,16.3200892857143
0.05484375,13.3200892857143
0.0548828125,10.3200892857143
0.054921875,6.32008928571429
0.0549609375,5.32008928571429
0.055,4.32008928571429
0.0550390625,3.32008928571429
0.055078125,2.32008928571429
0.0551171875,1.32008928571429
0.05515625,0.320089285714289
0.0551953125,-2.67991071428571
0.055234375,-4.67991071428571
0.0552734375,-4.67991071428571
0.0553125,-3.67991071428571
0.0553515625,-2.67991071428571
0.055390625,-1.67991071428571
0.0554296875,-0.679910714285711
0.05546875,-3.67991071428571
0.0555078125,-4.67991071428571
0.055546875,-4.67991071428571
0.0555859375,-3.67991071428571
0.055625,-0.679910714285711
0.0556640625,3.32008928571429
0.055703125,7.32008928571429
0.0557421875,8.32008928571429
0.05578125,8.32008928571429
0.0558203125,7.32008928571429
0.055859375,5.32008928571429
0.0558984375,2.32008928571429
0.0559375,3.32008928571429
0.0559765625,2.32008928571429
0.056015625,2.32008928571429
0.0560546875,1.32008928571429
0.05609375,-1.67991071428571
0.0561328125,-3.67991071428571
0.056171875,-5.67991071428571
0.0562109375,-7.67991071428571
0.05625,-7.67991071428571
0.0562890625,-6.67991071428571
0.056328125,-9.67991071428571
0.0563671875,-11.6799107142857
0.05640625,-13.6799107142857
0.0564453125,-15.6799107142857
0.056484375,-19.6799107142857
0.0565234375,-23.6799107142857
0.0565625,-25.6799107142857
0.0566015625,-23.6799107142857
0.056640625,-20.6799107142857
0.0566796875,-16.6799107142857
0.05671875,-9.67991071428571
0.0567578125,-5.67991071428571
0.056796875,-2.67991071428571
0.0568359375,2.32008928571429
0.056875,6.32008928571429
0.0569140625,11.3200892857143
0.056953125,16.3200892857143
0.0569921875,19.3200892857143
0.05703125,20.3200892857143
0.0570703125,19.3200892857143
0.057109375,18.3200892857143
0.0571484375,18.3200892857143
0.0571875,20.3200892857143
0.0572265625,23.3200892857143
0.057265625,26.3200892857143
0.0573046875,28.3200892857143
0.05734375,30.3200892857143
0.0573828125,30.3200892857143
0.057421875,27.3200892857143
0.0574609375,23.3200892857143
0.0575,16.3200892857143
0.0575390625,11.3200892857143
0.057578125,5.32008928571429
0.0576171875,-1.67991071428571
0.05765625,-7.67991071428571
0.0576953125,-14.6799107142857
0.057734375,-20.6799107142857
0.0577734375,-25.6799107142857
0.0578125,-28.6799107142857
0.0578515625,-30.6799107142857
0.057890625,-29.6799107142857
0.0579296875,-26.6799107142857
0.05796875,-24.6799107142857
0.0580078125,-23.6799107142857
0.058046875,-21.6799107142857
0.0580859375,-20.6799107142857
0.058125,-19.6799107142857
0.0581640625,-17.6799107142857
0.058203125,-15.6799107142857
0.0582421875,-11.6799107142857
0.05828125,-6.67991071428571
0.0583203125,-1.67991071428571
0.058359375,1.32008928571429
0.0583984375,3.32008928571429
0.0584375,4.32008928571429
0.0584765625,6.32008928571429
0.058515625,9.32008928571429
0.0585546875,13.3200892857143
0.05859375,17.3200892857143
0.0586328125,21.3200892857143
0.058671875,24.3200892857143
0.0587109375,27.3200892857143
0.05875,27.3200892857143
0.0587890625,26.3200892857143
0.058828125,25.3200892857143
0.0588671875,26.3200892857143
0.05890625,26.3200892857143
0.0589453125,26.3200892857143
0.058984375,23.3200892857143
0.0590234375,17.3200892857143
0.0590625,10.3200892857143
0.0591015625,3.32008928571429
0.059140625,-2.67991071428571
0.0591796875,-7.67991071428571
0.05921875,-11.6799107142857
0.0592578125,-14.6799107142857
0.059296875,-15.6799107142857
0.0593359375,-17.6799107142857
0.059375,-19.6799107142857
0.0594140625,-20.6799107142857
0.059453125,-19.6799107142857
0.0594921875,-19.6799107142857
0.05953125,-19.6799107142857
0.0595703125,-18.6799107142857
0.059609375,-16.6799107142857
0.0596484375,-16.6799107142857
0.0596875,-17.6799107142857
0.0597265625,-18.6799107142857
0.059765625,-16.6799107142857
0.0598046875,-13.6799107142857
0.05984375,-8.67991071428571
0.0598828125,-5.67991071428571
0.059921875,-0.679910714285711
0.0599609375,4.32008928571429
0.06,7.32008928571429
0.0600390625,10.3200892857143
0.060078125,17.3200892857143
0.0601171875,24.3200892857143
0.06015625,30.3200892857143
0.0601953125,29.3200892857143
0.060234375,22.3200892857143
0.0602734375,13.3200892857143
0.0603125,4.32008928571429
0.0603515625,0.320089285714289
0.060390625,1.32008928571429
0.0604296875,2.32008928571429
0.06046875,4.32008928571429
0.0605078125,6.32008928571429
0.060546875,9.32008928571429
0.0605859375,11.3200892857143
0.060625,10.3200892857143
0.0606640625,8.32008928571429
0.060703125,5.32008928571429
0.0607421875,0.320089285714289
0.06078125,-1.67991071428571
0.0608203125,4.32008928571429
0.060859375,19.3200892857143
0.0608984375,38.3200892857143
0.0609375,51.3200892857143
0.0609765625,47.3200892857143
0.061015625,20.3200892857143
0.0610546875,-25.6799107142857
0.06109375,-81.6799107142857
0.0611328125,-128.679910714286
0.061171875,-159.679910714286
0.0612109375,-165.679910714286
0.06125,-147.679910714286
0.0612890625,-112.679910714286
0.061328125,-67.6799107142857
0.0613671875,-24.6799107142857
0.06140625,13.3200892857143
0.0614453125,41.3200892857143
0.061484375,58.3200892857143
0.0615234375,65.3200892857143
0.0615625,64.3200892857143
0.0616015625,59.3200892857143
0.061640625,56.3200892857143
0.0616796875,53.3200892857143
0.06171875,55.3200892857143
0.0617578125,60.3200892857143
0.061796875,68.3200892857143
0.0618359375,76.3200892857143
0.061875,85.3200892857143
0.0619140625,91.3200892857143
0.061953125,95.3200892857143
0.0619921875,96.3200892857143
0.06203125,92.3200892857143
0.0620703125,80.3200892857143
0.062109375,61.3200892857143
0.0621484375,39.3200892857143
0.0621875,16.3200892857143
0.0622265625,-5.67991071428571
0.062265625,-21.6799107142857
0.0623046875,-31.6799107142857
0.06234375,-38.6799107142857
0.0623828125,-43.6799107142857
0.062421875,-43.6799107142857
0.0624609375,-43.6799107142857
0.0625,-49.6799107142857
0.0625390625,-62.6799107142857
0.062578125,-78.6799107142857
0.0626171875,-91.6799107142857
0.06265625,-102.679910714286
0.0626953125,-107.679910714286
0.062734375,-105.679910714286
0.0627734375,-102.679910714286
0.0628125,-95.6799107142857
0.0628515625,-84.6799107142857
0.062890625,-72.6799107142857
0.0629296875,-60.6799107142857
0.06296875,-36.6799107142857
0.0630078125,-14.6799107142857
0.063046875,-0.679910714285711
0.0630859375,17.3200892857143
0.063125,40.3200892857143
0.0631640625,58.3200892857143
0.063203125,71.3200892857143
0.0632421875,73.3200892857143
0.06328125,68.3200892857143
0.0633203125,60.3200892857143
0.063359375,50.3200892857143
0.0633984375,43.3200892857143
0.0634375,37.3200892857143
0.0634765625,33.3200892857143
0.063515625,35.3200892857143
0.0635546875,38.3200892857143
0.06359375,40.3200892857143
0.0636328125,43.3200892857143
0.063671875,43.3200892857143
0.0637109375,41.3200892857143
0.06375,38.3200892857143
0.0637890625,33.3200892857143
0.063828125,24.3200892857143
0.0638671875,10.3200892857143
0.06390625,-3.67991071428571
0.0639453125,-18.6799107142857
0.063984375,-32.6799107142857
0.0640234375,-41.6799107142857
0.0640625,-45.6799107142857
0.0641015625,-46.6799107142857
0.064140625,-44.6799107142857
0.0641796875,-40.6799107142857
0.06421875,-37.6799107142857
0.0642578125,-35.6799107142857
0.064296875,-33.6799107142857
0.0643359375,-30.6799107142857
0.064375,-25.6799107142857
0.0644140625,-21.6799107142857
0.064453125,-16.6799107142857
0.0644921875,-10.6799107142857
0.06453125,-5.67991071428571
0.0645703125,-0.679910714285711
0.064609375,6.32008928571429
0.0646484375,14.3200892857143
0.0646875,26.3200892857143
0.0647265625,41.3200892857143
0.064765625,58.3200892857143
0.0648046875,75.3200892857143
0.06484375,87.3200892857143
0.0648828125,91.3200892857143
0.064921875,88.3200892857143
0.0649609375,78.3200892857143
0.065,62.3200892857143
0.0650390625,41.3200892857143
0.065078125,20.3200892857143
0.0651171875,-1.67991071428571
0.06515625,-20.6799107142857
0.0651953125,-38.6799107142857
0.065234375,-52.6799107142857
0.0652734375,-63.6799107142857
0.0653125,-72.6799107142857
0.0653515625,-76.6799107142857
0.065390625,-74.6799107142857
0.0654296875,-71.6799107142857
0.06546875,-63.6799107142857
0.0655078125,-56.6799107142857
0.065546875,-48.6799107142857
0.0655859375,-41.6799107142857
0.065625,-34.6799107142857
0.0656640625,-27.6799107142857
0.065703125,-19.6799107142857
0.0657421875,-11.6799107142857
0.06578125,-3.67991071428571
0.0658203125,0.320089285714289
0.065859375,6.32008928571429
0.0658984375,11.3200892857143
0.0659375,14.3200892857143
0.0659765625,17.3200892857143
0.066015625,22.3200892857143
0.0660546875,27.3200892857143
0.06609375,31.3200892857143
0.0661328125,35.3200892857143
0.066171875,37.3200892857143
0.0662109375,39.3200892857143
0.06625,41.3200892857143
0.0662890625,40.3200892857143
0.066328125,39.3200892857143
0.0663671875,39.3200892857143
0.06640625,39.3200892857143
0.0664453125,37.3200892857143
0.066484375,34.3200892857143
0.0665234375,31.3200892857143
0.0665625,24.3200892857143
0.0666015625,16.3200892857143
0.066640625,7.32008928571429
0.0666796875,-3.67991071428571
0.06671875,-13.6799107142857
0.0667578125,-26.6799107142857
0.066796875,-37.6799107142857
0.0668359375,-50.6799107142857
0.066875,-61.6799107142857
0.0669140625,-70.6799107142857
0.066953125,-76.6799107142857
0.0669921875,-76.6799107142857
0.06703125,-72.6799107142857
0.0670703125,-64.6799107142857
0.067109375,-50.6799107142857
0.0671484375,-35.6799107142857
0.0671875,-18.6799107142857
0.0672265625,-1.67991071428571
0.067265625,15.3200892857143
0.0673046875,30.3200892857143
0.06734375,42.3200892857143
0.0673828125,50.3200892857143
0.067421875,55.3200892857143
0.0674609375,57.3200892857143
0.0675,60.3200892857143
0.0675390625,59.3200892857143
0.067578125,56.3200892857143
0.0676171875,52.3200892857143
0.06765625,48.3200892857143
0.0676953125,47.3200892857143
0.067734375,44.3200892857143
0.0677734375,42.3200892857143
0.0678125,37.3200892857143
0.0678515625,30.3200892857143
0.067890625,23.3200892857143
0.0679296875,14.3200892857143
0.06796875,5.32008928571429
0.0680078125,-4.67991071428571
0.068046875,-14.6799107142857
0.0680859375,-27.6799107142857
0.068125,-39.6799107142857
0.0681640625,-53.6799107142857
0.068203125,-64.6799107142857
0.0682421875,-71.6799107142857
0.06828125,-75.6799107142857
0.0683203125,-75.6799107142857
0.068359375,-70.6799107142857
0.0683984375,-62.6799107142857
0.0684375,-52.6799107142857
0.0684765625,-40.6799107142857
0.068515625,-30.6799107142857
0.0685546875,-20.6799107142857
0.06859375,-12.6799107142857
0.0686328125,-6.67991071428571
0.068671875,0.320089285714289
0.0687109375,3.32008928571429
0.06875,6.32008928571429
0.0687890625,10.3200892857143
0.068828125,14.3200892857143
0.0688671875,17.3200892857143
0.06890625,23.3200892857143
0.0689453125,31.3200892857143
0.068984375,39.3200892857143
0.0690234375,47.3200892857143
0.0690625,53.3200892857143
0.0691015625,57.3200892857143
0.069140625,58.3200892857143
0.0691796875,56.3200892857143
0.06921875,52.3200892857143
0.0692578125,48.3200892857143
0.069296875,42.3200892857143
0.0693359375,34.3200892857143
0.069375,25.3200892857143
0.0694140625,15.3200892857143
0.069453125,2.32008928571429
0.0694921875,-10.6799107142857
0.06953125,-22.6799107142857
0.0695703125,-32.6799107142857
0.069609375,-39.6799107142857
0.0696484375,-42.6799107142857
0.0696875,-44.6799107142857
0.0697265625,-44.6799107142857
0.069765625,-44.6799107142857
0.0698046875,-45.6799107142857
0.06984375,-43.6799107142857
0.0698828125,-42.6799107142857
0.069921875,-38.6799107142857
0.0699609375,-31.6799107142857
0.07,-22.6799107142857
0.0700390625,-14.6799107142857
0.070078125,-6.67991071428571
0.0701171875,2.32008928571429
0.07015625,10.3200892857143
0.0701953125,16.3200892857143
0.070234375,23.3200892857143
0.0702734375,30.3200892857143
0.0703125,35.3200892857143
0.0703515625,38.3200892857143
0.070390625,38.3200892857143
0.0704296875,36.3200892857143
0.07046875,34.3200892857143
0.0705078125,31.3200892857143
0.070546875,27.3200892857143
0.0705859375,23.3200892857143
0.070625,18.3200892857143
0.0706640625,14.3200892857143
0.070703125,9.32008928571429
0.0707421875,4.32008928571429
0.07078125,-2.67991071428571
0.0708203125,-7.67991071428571
0.070859375,-12.6799107142857
0.0708984375,-13.6799107142857
0.0709375,-12.6799107142857
0.0709765625,-10.6799107142857
0.071015625,-7.67991071428571
0.0710546875,-6.67991071428571
0.07109375,-5.67991071428571
0.0711328125,-6.67991071428571
0.071171875,-7.67991071428571
0.0712109375,-7.67991071428571
0.07125,-5.67991071428571
0.0712890625,-1.67991071428571
0.071328125,1.32008928571429
0.0713671875,4.32008928571429
0.07140625,2.32008928571429
0.0714453125,1.32008928571429
0.071484375,-0.679910714285711
0.0715234375,-3.67991071428571
0.0715625,-6.67991071428571
0.0716015625,-8.67991071428571
0.071640625,-10.6799107142857
0.0716796875,-12.6799107142857
0.07171875,-13.6799107142857
0.0717578125,-15.6799107142857
0.071796875,-16.6799107142857
0.0718359375,-16.6799107142857
0.071875,-16.6799107142857
0.0719140625,-17.6799107142857
0.071953125,-17.6799107142857
0.0719921875,-16.6799107142857
0.07203125,-14.6799107142857
0.0720703125,-13.6799107142857
0.072109375,-13.6799107142857
0.0721484375,-14.6799107142857
0.0721875,-14.6799107142857
0.0722265625,-11.6799107142857
0.072265625,-8.67991071428571
0.0723046875,-4.67991071428571
0.07234375,-0.679910714285711
0.0723828125,2.32008928571429
0.072421875,8.32008928571429
0.0724609375,10.3200892857143
0.0725,14.3200892857143
0.0725390625,19.3200892857143
0.072578125,25.3200892857143
0.0726171875,30.3200892857143
0.07265625,35.3200892857143
0.0726953125,37.3200892857143
0.072734375,39.3200892857143
0.0727734375,38.3200892857143
0.0728125,37.3200892857143
0.0728515625,34.3200892857143
0.072890625,33.3200892857143
0.0729296875,31.3200892857143
0.07296875,28.3200892857143
0.0730078125,24.3200892857143
0.073046875,19.3200892857143
0.0730859375,12.3200892857143
0.073125,5.32008928571429
0.0731640625,0.320089285714289
0.073203125,-4.67991071428571
0.0732421875,-8.67991071428571
0.07328125,-12.6799107142857
0.0733203125,-16.6799107142857
0.073359375,-17.6799107142857
0.0733984375,-20.6799107142857
0.0734375,-21.6799107142857
0.0734765625,-20.6799107142857
0.073515625,-17.6799107142857
0.0735546875,-15.6799107142857
0.07359375,-15.6799107142857
0.0736328125,-16.6799107142857
0.073671875,-17.6799107142857
0.0737109375,-20.6799107142857
0.07375,-22.6799107142857
0.0737890625,-23.6799107142857
0.073828125,-21.6799107142857
0.0738671875,-19.6799107142857
0.07390625,-16.6799107142857
0.0739453125,-13.6799107142857
0.073984375,-11.6799107142857
0.0740234375,-10.6799107142857
0.0740625,-11.6799107142857
0.0741015625,-11.6799107142857
0.074140625,-10.6799107142857
0.0741796875,-7.67991071428571
0.07421875,-3.67991071428571
0.0742578125,1.32008928571429
0.074296875,5.32008928571429
0.0743359375,7.32008928571429
0.074375,5.32008928571429
0.0744140625,4.32008928571429
0.074453125,3.32008928571429
0.0744921875,2.32008928571429
0.07453125,1.32008928571429
0.0745703125,2.32008928571429
0.074609375,4.32008928571429
0.0746484375,5.32008928571429
0.0746875,7.32008928571429
0.0747265625,8.32008928571429
0.074765625,10.3200892857143
0.0748046875,11.3200892857143
0.07484375,13.3200892857143
0.0748828125,15.3200892857143
0.074921875,17.3200892857143
0.0749609375,19.3200892857143
0.075,22.3200892857143
0.0750390625,24.3200892857143
0.075078125,23.3200892857143
0.0751171875,21.3200892857143
0.07515625,21.3200892857143
0.0751953125,21.3200892857143
0.075234375,19.3200892857143
0.0752734375,18.3200892857143
0.0753125,15.3200892857143
0.0753515625,11.3200892857143
0.075390625,8.32008928571429
0.0754296875,3.32008928571429
0.07546875,-1.67991071428571
0.0755078125,-3.67991071428571
0.075546875,-4.67991071428571
0.0755859375,-8.67991071428571
0.075625,-11.6799107142857
0.0756640625,-15.6799107142857
0.075703125,-19.6799107142857
0.0757421875,-25.6799107142857
0.07578125,-25.6799107142857
0.0758203125,-27.6799107142857
0.075859375,-28.6799107142857
0.0758984375,-27.6799107142857
0.0759375,-25.6799107142857
0.0759765625,-24.6799107142857
0.076015625,-24.6799107142857
0.0760546875,-24.6799107142857
0.07609375,-23.6799107142857
0.0761328125,-20.6799107142857
0.076171875,-17.6799107142857
0.0762109375,-13.6799107142857
0.07625,-6.67991071428571
0.0762890625,-0.679910714285711
0.076328125,4.32008928571429
0.0763671875,8.32008928571429
0.07640625,13.3200892857143
0.0764453125,20.3200892857143
0.076484375,26.3200892857143
0.0765234375,30.3200892857143
0.0765625,31.3200892857143
0.0766015625,32.3200892857143
0.076640625,30.3200892857143
0.0766796875,28.3200892857143
0.07671875,26.3200892857143
0.0767578125,24.3200892857143
0.076796875,22.3200892857143
0.0768359375,20.3200892857143
0.076875,19.3200892857143
0.0769140625,16.3200892857143
0.076953125,11.3200892857143
0.0769921875,6.32008928571429
0.07703125,1.32008928571429
0.0770703125,-2.67991071428571
0.077109375,-5.67991071428571
0.0771484375,-7.67991071428571
0.0771875,-7.67991071428571
0.0772265625,-8.67991071428571
0.077265625,-10.6799107142857
0.0773046875,-12.6799107142857
0.07734375,-15.6799107142857
0.0773828125,-18.6799107142857
0.077421875,-20.6799107142857
0.0774609375,-21.6799107142857
0.0775,-21.6799107142857
0.0775390625,-21.6799107142857
0.077578125,-20.6799107142857
0.0776171875,-18.6799107142857
0.07765625,-15.6799107142857
0.0776953125,-12.6799107142857
0.077734375,-9.67991071428571
0.0777734375,-5.67991071428571
0.0778125,-1.67991071428571
0.0778515625,2.32008928571429
0.077890625,5.32008928571429
0.0779296875,8.32008928571429
0.07796875,10.3200892857143
0.0780078125,10.3200892857143
0.078046875,9.32008928571429
0.0780859375,9.32008928571429
0.078125,8.32008928571429
0.0781640625,10.3200892857143
0.078203125,11.3200892857143
0.0782421875,11.3200892857143
0.07828125,9.32008928571429
0.0783203125,6.32008928571429
0.078359375,3.32008928571429
0.0783984375,-1.67991071428571
0.0784375,-3.67991071428571
0.0784765625,1.32008928571429
0.078515625,-4.67991071428571
0.0785546875,-7.67991071428571
0.07859375,5.32008928571429
0.0786328125,12.3200892857143
0.078671875,-2.67991071428571
0.0787109375,-28.6799107142857
0.07875,-39.6799107142857
0.0787890625,-29.6799107142857
0.078828125,-23.6799107142857
0.0788671875,-16.6799107142857
0.07890625,-8.67991071428571
0.0789453125,-4.67991071428571
0.078984375,3.32008928571429
0.0790234375,15.3200892857143
0.0790625,27.3200892857143
0.0791015625,35.3200892857143
0.079140625,37.3200892857143
0.0791796875,35.3200892857143
0.07921875,32.3200892857143
0.0792578125,30.3200892857143
0.079296875,32.3200892857143
0.0793359375,27.3200892857143
0.079375,19.3200892857143
0.0794140625,9.32008928571429
0.079453125,-6.67991071428571
0.0794921875,-29.6799107142857
0.07953125,-45.6799107142857
0.0795703125,-59.6799107142857
0.079609375,-73.6799107142857
0.0796484375,-72.6799107142857
0.0796875,-55.6799107142857
0.0797265625,-32.6799107142857
0.079765625,-6.67991071428571
0.0798046875,26.3200892857143
0.07984375,52.3200892857143
0.0798828125,63.3200892857143
0.079921875,66.3200892857143
0.0799609375,66.3200892857143
0.08,58.3200892857143
0.0800390625,44.3200892857143
0.080078125,25.3200892857143
0.0801171875,2.32008928571429
0.08015625,-16.6799107142857
0.0801953125,-27.6799107142857
0.080234375,-33.6799107142857
0.0802734375,-32.6799107142857
0.0803125,-29.6799107142857
0.0803515625,-22.6799107142857
0.080390625,-12.6799107142857
0.0804296875,1.32008928571429
0.08046875,15.3200892857143
0.0805078125,19.3200892857143
0.080546875,17.3200892857143
0.0805859375,15.3200892857143
0.080625,10.3200892857143
0.0806640625,5.32008928571429
0.080703125,3.32008928571429
0.0807421875,5.32008928571429
0.08078125,8.32008928571429
0.0808203125,10.3200892857143
0.080859375,12.3200892857143
0.0808984375,13.3200892857143
0.0809375,8.32008928571429
0.0809765625,0.320089285714289
0.081015625,-8.67991071428571
0.0810546875,-18.6799107142857
0.08109375,-24.6799107142857
0.0811328125,-29.6799107142857
0.081171875,-33.6799107142857
0.0812109375,-37.6799107142857
0.08125,-41.6799107142857
0.0812890625,-42.6799107142857
0.081328125,-38.6799107142857
0.0813671875,-30.6799107142857
0.08140625,-19.6799107142857
0.0814453125,-9.67991071428571
0.081484375,-0.679910714285711
0.0815234375,7.32008928571429
0.0815625,16.3200892857143
0.0816015625,19.3200892857143
0.081640625,20.3200892857143
0.0816796875,20.3200892857143
0.08171875,17.3200892857143
0.0817578125,13.3200892857143
0.081796875,9.32008928571429
0.0818359375,0.320089285714289
0.081875,-3.67991071428571
0.0819140625,-1.67991071428571
0.081953125,1.32008928571429
0.0819921875,1.32008928571429
0.08203125,4.32008928571429
0.0820703125,7.32008928571429
0.082109375,11.3200892857143
0.0821484375,15.3200892857143
0.0821875,16.3200892857143
0.0822265625,13.3200892857143
0.082265625,9.32008928571429
0.0823046875,6.32008928571429
0.08234375,2.32008928571429
0.0823828125,0.320089285714289
0.082421875,-0.679910714285711
0.0824609375,-2.67991071428571
0.0825,-4.67991071428571
0.0825390625,-6.67991071428571
0.082578125,-8.67991071428571
0.0826171875,-9.67991071428571
0.08265625,-10.6799107142857
0.0826953125,-11.6799107142857
0.082734375,-13.6799107142857
0.0827734375,-15.6799107142857
0.0828125,-15.6799107142857
0.0828515625,-16.6799107142857
0.082890625,-15.6799107142857
0.0829296875,-13.6799107142857
0.08296875,-9.67991071428571
0.0830078125,-3.67991071428571
0.083046875,2.32008928571429
0.0830859375,9.32008928571429
0.083125,17.3200892857143
0.0831640625,22.3200892857143
0.083203125,26.3200892857143
0.0832421875,31.3200892857143
0.08328125,37.3200892857143
0.0833203125,43.3200892857143
0.083359375,49.3200892857143
0.0833984375,52.3200892857143
0.0834375,51.3200892857143
0.0834765625,46.3200892857143
0.083515625,36.3200892857143
0.0835546875,26.3200892857143
0.08359375,15.3200892857143
0.0836328125,3.32008928571429
0.083671875,-6.67991071428571
0.0837109375,-16.6799107142857
0.08375,-26.6799107142857
0.0837890625,-35.6799107142857
0.083828125,-43.6799107142857
0.0838671875,-49.6799107142857
0.08390625,-52.6799107142857
0.0839453125,-51.6799107142857
0.083984375,-47.6799107142857
0.0840234375,-42.6799107142857
0.0840625,-37.6799107142857
0.0841015625,-33.6799107142857
0.084140625,-29.6799107142857
0.0841796875,-23.6799107142857
0.08421875,-17.6799107142857
0.0842578125,-8.67991071428571
0.084296875,-2.67991071428571
0.0843359375,4.32008928571429
0.084375,10.3200892857143
0.0844140625,13.3200892857143
0.084453125,16.3200892857143
0.0844921875,18.3200892857143
0.08453125,21.3200892857143
0.0845703125,22.3200892857143
0.084609375,28.3200892857143
0.0846484375,31.3200892857143
0.0846875,34.3200892857143
0.0847265625,36.3200892857143
0.084765625,35.3200892857143
0.0848046875,32.3200892857143
0.08484375,27.3200892857143
0.0848828125,20.3200892857143
0.084921875,15.3200892857143
0.0849609375,10.3200892857143
0.085,6.32008928571429
0.0850390625,1.32008928571429
0.085078125,-4.67991071428571
0.0851171875,-12.6799107142857
0.08515625,-20.6799107142857
0.0851953125,-26.6799107142857
0.085234375,-32.6799107142857
0.0852734375,-36.6799107142857
0.0853125,-40.6799107142857
0.0853515625,-42.6799107142857
0.085390625,-45.6799107142857
0.0854296875,-46.6799107142857
0.08546875,-45.6799107142857
0.0855078125,-44.6799107142857
0.085546875,-38.6799107142857
0.0855859375,-28.6799107142857
0.085625,-17.6799107142857
0.0856640625,-5.67991071428571
0.085703125,8.32008928571429
0.0857421875,18.3200892857143
0.08578125,27.3200892857143
0.0858203125,33.3200892857143
0.085859375,37.3200892857143
0.0858984375,42.3200892857143
0.0859375,43.3200892857143
0.0859765625,44.3200892857143
0.086015625,42.3200892857143
0.0860546875,39.3200892857143
0.08609375,34.3200892857143
0.0861328125,29.3200892857143
0.086171875,25.3200892857143
0.0862109375,23.3200892857143
0.08625,23.3200892857143
0.0862890625,23.3200892857143
0.086328125,23.3200892857143
0.0863671875,20.3200892857143
0.08640625,17.3200892857143
0.0864453125,12.3200892857143
0.086484375,4.32008928571429
0.0865234375,-1.67991071428571
0.0865625,-8.67991071428571
0.0866015625,-14.6799107142857
0.086640625,-18.6799107142857
0.0866796875,-23.6799107142857
0.08671875,-29.6799107142857
0.0867578125,-33.6799107142857
0.086796875,-35.6799107142857
0.0868359375,-36.6799107142857
0.086875,-33.6799107142857
0.0869140625,-29.6799107142857
0.086953125,-24.6799107142857
0.0869921875,-21.6799107142857
0.08703125,-18.6799107142857
0.0870703125,-15.6799107142857
0.087109375,-12.6799107142857
0.0871484375,-9.67991071428571
0.0871875,-4.67991071428571
0.0872265625,-0.679910714285711
0.087265625,4.32008928571429
0.0873046875,9.32008928571429
0.08734375,13.3200892857143
0.0873828125,17.3200892857143
0.087421875,20.3200892857143
0.0874609375,22.3200892857143
0.0875,22.3200892857143
0.0875390625,23.3200892857143
0.087578125,24.3200892857143
0.0876171875,23.3200892857143
0.08765625,21.3200892857143
0.0876953125,18.3200892857143
0.087734375,14.3200892857143
0.0877734375,10.3200892857143
0.0878125,7.32008928571429
0.0878515625,2.32008928571429
0.087890625,-0.679910714285711
0.0879296875,-4.67991071428571
0.08796875,-9.67991071428571
0.0880078125,-14.6799107142857
0.088046875,-18.6799107142857
0.0880859375,-22.6799107142857
0.088125,-24.6799107142857
0.0881640625,-24.6799107142857
0.088203125,-23.6799107142857
0.0882421875,-20.6799107142857
0.08828125,-17.6799107142857
0.0883203125,-14.6799107142857
0.088359375,-10.6799107142857
0.0883984375,-9.67991071428571
0.0884375,-9.67991071428571
0.0884765625,-7.67991071428571
0.088515625,-6.67991071428571
0.0885546875,-4.67991071428571
0.08859375,-2.67991071428571
0.0886328125,-0.679910714285711
0.088671875,1.32008928571429
0.0887109375,1.32008928571429
0.08875,5.32008928571429
0.0887890625,8.32008928571429
0.088828125,16.3200892857143
0.0888671875,22.3200892857143
0.08890625,27.3200892857143
0.0889453125,30.3200892857143
0.088984375,30.3200892857143
0.0890234375,25.3200892857143
0.0890625,19.3200892857143
0.0891015625,14.3200892857143
0.089140625,8.32008928571429
0.0891796875,2.32008928571429
0.08921875,-3.67991071428571
0.0892578125,-8.67991071428571
0.089296875,-13.6799107142857
0.0893359375,-15.6799107142857
0.089375,-18.6799107142857
0.0894140625,-17.6799107142857
0.089453125,-15.6799107142857
0.0894921875,-11.6799107142857
0.08953125,-6.67991071428571
0.0895703125,-1.67991071428571
0.089609375,1.32008928571429
0.0896484375,6.32008928571429
0.0896875,7.32008928571429
0.0897265625,9.32008928571429
0.089765625,12.3200892857143
0.0898046875,15.3200892857143
0.08984375,18.3200892857143
0.0898828125,18.3200892857143
0.089921875,18.3200892857143
0.0899609375,16.3200892857143
0.09,12.3200892857143
0.0900390625,8.32008928571429
0.090078125,3.32008928571429
0.0901171875,-1.67991071428571
0.09015625,-4.67991071428571
0.0901953125,-6.67991071428571
0.090234375,-10.6799107142857
0.0902734375,-12.6799107142857
0.0903125,-15.6799107142857
0.0903515625,-17.6799107142857
0.090390625,-18.6799107142857
0.0904296875,-16.6799107142857
0.09046875,-14.6799107142857
0.0905078125,-10.6799107142857
0.090546875,-8.67991071428571
0.0905859375,-7.67991071428571
0.090625,-6.67991071428571
0.0906640625,-7.67991071428571
0.090703125,-9.67991071428571
0.0907421875,-10.6799107142857
0.09078125,-9.67991071428571
0.0908203125,-8.67991071428571
0.090859375,-5.67991071428571
0.0908984375,-3.67991071428571
0.0909375,-0.679910714285711
0.0909765625,1.32008928571429
0.091015625,1.32008928571429
0.0910546875,2.32008928571429
0.09109375,6.32008928571429
0.0911328125,10.3200892857143
0.091171875,14.3200892857143
0.0912109375,17.3200892857143
0.09125,18.3200892857143
0.0912890625,20.3200892857143
0.091328125,21.3200892857143
0.0913671875,20.3200892857143
0.09140625,19.3200892857143
0.0914453125,17.3200892857143
0.091484375,15.3200892857143
0.0915234375,13.3200892857143
0.0915625,11.3200892857143
0.0916015625,8.32008928571429
0.091640625,3.32008928571429
0.0916796875,-4.67991071428571
0.09171875,-10.6799107142857
0.0917578125,-14.6799107142857
0.091796875,-16.6799107142857
0.0918359375,-15.6799107142857
0.091875,-12.6799107142857
0.0919140625,-10.6799107142857
0.091953125,-10.6799107142857
0.0919921875,-9.67991071428571
0.09203125,-7.67991071428571
0.0920703125,-4.67991071428571
0.092109375,-1.67991071428571
0.0921484375,1.32008928571429
0.0921875,2.32008928571429
0.0922265625,2.32008928571429
0.092265625,1.32008928571429
0.0923046875,-0.679910714285711
0.09234375,-1.67991071428571
0.0923828125,-1.67991071428571
0.092421875,-1.67991071428571
0.0924609375,-0.679910714285711
0.0925,0.320089285714289
0.0925390625,2.32008928571429
0.092578125,2.32008928571429
0.0926171875,2.32008928571429
0.09265625,1.32008928571429
0.0926953125,0.320089285714289
0.092734375,-0.679910714285711
0.0927734375,-0.679910714285711
0.0928125,-0.679910714285711
0.0928515625,-0.679910714285711
0.092890625,-1.67991071428571
0.0929296875,-3.67991071428571
0.09296875,-5.67991071428571
0.0930078125,-6.67991071428571
0.093046875,-4.67991071428571
0.0930859375,-1.67991071428571
0.093125,1.32008928571429
0.0931640625,5.32008928571429
0.093203125,7.32008928571429
0.0932421875,7.32008928571429
0.09328125,6.32008928571429
0.0933203125,4.32008928571429
0.093359375,3.32008928571429
0.0933984375,3.32008928571429
0.0934375,3.32008928571429
0.0934765625,3.32008928571429
0.093515625,5.32008928571429
0.0935546875,5.32008928571429
0.09359375,5.32008928571429
0.0936328125,5.32008928571429
0.093671875,3.32008928571429
0.0937109375,2.32008928571429
0.09375,3.32008928571429
0.0937890625,4.32008928571429
0.093828125,5.32008928571429
0.0938671875,6.32008928571429
0.09390625,3.32008928571429
0.0939453125,0.320089285714289
0.093984375,-2.67991071428571
0.0940234375,-3.67991071428571
0.0940625,-5.67991071428571
0.0941015625,-6.67991071428571
0.094140625,-6.67991071428571
0.0941796875,-8.67991071428571
0.09421875,-9.67991071428571
0.0942578125,-12.6799107142857
0.094296875,-12.6799107142857
0.0943359375,-13.6799107142857
0.094375,-11.6799107142857
0.0944140625,-9.67991071428571
0.094453125,-6.67991071428571
0.0944921875,-3.67991071428571
0.09453125,-0.679910714285711
0.0945703125,0.320089285714289
0.094609375,0.320089285714289
0.0946484375,-1.67991071428571
0.0946875,0.320089285714289
0.0947265625,1.32008928571429
0.094765625,4.32008928571429
0.0948046875,6.32008928571429
0.09484375,7.32008928571429
0.0948828125,6.32008928571429
0.094921875,5.32008928571429
0.0949609375,4.32008928571429
0.095,5.32008928571429
0.0950390625,7.32008928571429
0.095078125,8.32008928571429
0.0951171875,8.32008928571429
0.09515625,5.32008928571429
0.0951953125,1.32008928571429
0.095234375,-2.67991071428571
0.0952734375,-4.67991071428571
0.0953125,-7.67991071428571
0.0953515625,-7.67991071428571
0.095390625,-6.67991071428571
0.0954296875,-4.67991071428571
0.09546875,-3.67991071428571
0.0955078125,0.320089285714289
0.095546875,3.32008928571429
0.0955859375,8.32008928571429
0.095625,7.32008928571429
0.0956640625,0.320089285714289
0.095703125,-8.67991071428571
0.0957421875,-13.6799107142857
0.09578125,-12.6799107142857
0.0958203125,-7.67991071428571
0.095859375,0.320089285714289
0.0958984375,4.32008928571429
0.0959375,4.32008928571429
0.0959765625,6.32008928571429
0.096015625,11.3200892857143
0.0960546875,19.3200892857143
0.09609375,24.3200892857143
0.0961328125,25.3200892857143
0.096171875,21.3200892857143
0.0962109375,15.3200892857143
0.09625,10.3200892857143
0.0962890625,6.32008928571429
0.096328125,2.32008928571429
0.0963671875,1.32008928571429
0.09640625,-4.67991071428571
0.0964453125,-16.6799107142857
0.096484375,-34.6799107142857
0.0965234375,-58.6799107142857
0.0965625,-86.6799107142857
0.0966015625,-112.679910714286
0.096640625,-133.679910714286
0.0966796875,-140.679910714286
0.09671875,-127.679910714286
0.0967578125,-90.6799107142857
0.096796875,-31.6799107142857
0.0968359375,40.3200892857143
0.096875,112.320089285714
0.0969140625,174.320089285714
0.096953125,220.320089285714
0.0969921875,245.320089285714
0.09703125,249.320089285714
0.0970703125,235.320089285714
0.097109375,206.320089285714
0.0971484375,164.320089285714
0.0971875,113.320089285714
0.0972265625,57.3200892857143
0.097265625,4.32008928571429
0.0973046875,-42.6799107142857
0.09734375,-79.6799107142857
0.0973828125,-105.679910714286
0.097421875,-121.679910714286
0.0974609375,-129.679910714286
0.0975,-130.679910714286
0.0975390625,-127.679910714286
0.097578125,-120.679910714286
0.0976171875,-111.679910714286
0.09765625,-102.679910714286
0.0976953125,-90.6799107142857
0.097734375,-77.6799107142857
0.0977734375,-65.6799107142857
0.0978125,-53.6799107142857
0.0978515625,-40.6799107142857
0.097890625,-27.6799107142857
0.0979296875,-14.6799107142857
0.09796875,-5.67991071428571
0.0980078125,-0.679910714285711
0.098046875,3.32008928571429
0.0980859375,5.32008928571429
0.098125,4.32008928571429
0.0981640625,4.32008928571429
0.098203125,3.32008928571429
0.0982421875,4.32008928571429
0.09828125,7.32008928571429
0.0983203125,12.3200892857143
0.098359375,18.3200892857143
0.0983984375,23.3200892857143
0.0984375,30.3200892857143
0.0984765625,36.3200892857143
0.098515625,37.3200892857143
0.0985546875,35.3200892857143
0.09859375,36.3200892857143
0.0986328125,36.3200892857143
0.098671875,35.3200892857143
0.0987109375,33.3200892857143
0.09875,27.3200892857143
0.0987890625,16.3200892857143
0.098828125,3.32008928571429
0.0988671875,-9.67991071428571
0.09890625,-20.6799107142857
0.0989453125,-27.6799107142857
0.098984375,-30.6799107142857
0.0990234375,-31.6799107142857
0.0990625,-29.6799107142857
0.0991015625,-24.6799107142857
0.099140625,-16.6799107142857
0.0991796875,-5.67991071428571
0.09921875,6.32008928571429
0.0992578125,19.3200892857143
0.099296875,29.3200892857143
0.0993359375,37.3200892857143
0.099375,42.3200892857143
0.0994140625,44.3200892857143
0.099453125,43.3200892857143
0.0994921875,41.3200892857143
0.09953125,36.3200892857143
0.0995703125,30.3200892857143
0.099609375,26.3200892857143
0.0996484375,21.3200892857143
0.0996875,13.3200892857143
0.0997265625,5.32008928571429
0.099765625,-4.67991071428571
0.0998046875,-13.6799107142857
0.09984375,-22.6799107142857
0.0998828125,-27.6799107142857
0.099921875,-31.6799107142857
0.0999609375,-30.6799107142857
0.1,-28.6799107142857
0.1000390625,-24.6799107142857
0.100078125,-19.6799107142857
0.1001171875,-12.6799107142857
0.10015625,-4.67991071428571
0.1001953125,2.32008928571429
0.100234375,11.3200892857143
0.1002734375,17.3200892857143
0.1003125,23.3200892857143
0.1003515625,26.3200892857143
0.100390625,25.3200892857143
0.1004296875,21.3200892857143
0.10046875,15.3200892857143
0.1005078125,9.32008928571429
0.100546875,4.32008928571429
0.1005859375,-0.679910714285711
0.100625,-4.67991071428571
0.1006640625,-8.67991071428571
0.100703125,-12.6799107142857
0.1007421875,-17.6799107142857
0.10078125,-21.6799107142857
0.1008203125,-25.6799107142857
0.100859375,-26.6799107142857
0.1008984375,-26.6799107142857
0.1009375,-24.6799107142857
0.1009765625,-23.6799107142857
0.101015625,-20.6799107142857
0.1010546875,-20.6799107142857
0.10109375,-20.6799107142857
0.1011328125,-18.6799107142857
0.101171875,-16.6799107142857
0.1012109375,-13.6799107142857
0.10125,-8.67991071428571
0.1012890625,-1.67991071428571
0.101328125,3.32008928571429
0.1013671875,6.32008928571429
0.10140625,9.32008928571429
0.1014453125,11.3200892857143
0.101484375,11.3200892857143
0.1015234375,13.3200892857143
0.1015625,14.3200892857143
0.1016015625,16.3200892857143
0.101640625,17.3200892857143
0.1016796875,17.3200892857143
0.10171875,17.3200892857143
0.1017578125,14.3200892857143
0.101796875,12.3200892857143
0.1018359375,11.3200892857143
0.101875,9.32008928571429
0.1019140625,7.32008928571429
0.101953125,7.32008928571429
0.1019921875,6.32008928571429
0.10203125,3.32008928571429
0.1020703125,-1.67991071428571
0.102109375,-8.67991071428571
0.1021484375,-12.6799107142857
0.1021875,-18.6799107142857
0.1022265625,-20.6799107142857
0.102265625,-19.6799107142857
0.1023046875,-18.6799107142857
0.10234375,-15.6799107142857
0.1023828125,-13.6799107142857
0.102421875,-11.6799107142857
0.1024609375,-10.6799107142857
0.1025,-8.67991071428571
0.1025390625,-5.67991071428571
0.102578125,-2.67991071428571
0.1026171875,0.320089285714289
0.10265625,2.32008928571429
0.1026953125,4.32008928571429
0.102734375,5.32008928571429
0.1027734375,6.32008928571429
0.1028125,9.32008928571429
0.1028515625,12.3200892857143
0.102890625,16.3200892857143
0.1029296875,20.3200892857143
0.10296875,24.3200892857143
0.1030078125,26.3200892857143
0.103046875,27.3200892857143
0.1030859375,25.3200892857143
0.103125,24.3200892857143
0.1031640625,21.3200892857143
0.103203125,16.3200892857143
0.1032421875,12.3200892857143
0.10328125,8.32008928571429
0.1033203125,4.32008928571429
0.103359375,2.32008928571429
0.1033984375,-0.679910714285711
0.1034375,-2.67991071428571
0.1034765625,-1.67991071428571
0.103515625,-0.679910714285711
0.1035546875,2.32008928571429
0.10359375,3.32008928571429
0.1036328125,1.32008928571429
0.103671875,-0.679910714285711
0.1037109375,-3.67991071428571
0.10375,-6.67991071428571
0.1037890625,-10.6799107142857
0.103828125,-12.6799107142857
0.1038671875,-14.6799107142857
0.10390625,-15.6799107142857
0.1039453125,-16.6799107142857
0.103984375,-17.6799107142857
0.1040234375,-17.6799107142857
0.1040625,-18.6799107142857
0.1041015625,-16.6799107142857
0.104140625,-12.6799107142857
0.1041796875,-10.6799107142857
0.10421875,-8.67991071428571
0.1042578125,-8.67991071428571
0.104296875,-7.67991071428571
0.1043359375,-7.67991071428571
0.104375,-7.67991071428571
0.1044140625,-7.67991071428571
0.104453125,-6.67991071428571
0.1044921875,-3.67991071428571
0.10453125,-0.679910714285711
0.1045703125,2.32008928571429
0.104609375,5.32008928571429
0.1046484375,7.32008928571429
0.1046875,6.32008928571429
0.1047265625,6.32008928571429
0.104765625,8.32008928571429
0.1048046875,10.3200892857143
0.10484375,13.3200892857143
0.1048828125,13.3200892857143
0.104921875,12.3200892857143
0.1049609375,8.32008928571429
0.105,5.32008928571429
0.1050390625,1.32008928571429
0.105078125,-2.67991071428571
0.1051171875,-3.67991071428571
0.10515625,-5.67991071428571
0.1051953125,-7.67991071428571
0.105234375,-8.67991071428571
0.1052734375,-8.67991071428571
0.1053125,-9.67991071428571
0.1053515625,-9.67991071428571
0.105390625,-8.67991071428571
0.1054296875,-5.67991071428571
0.10546875,-2.67991071428571
0.1055078125,0.320089285714289
0.105546875,3.32008928571429
0.1055859375,6.32008928571429
0.105625,8.32008928571429
0.1056640625,7.32008928571429
0.105703125,6.32008928571429
0.1057421875,6.32008928571429
0.10578125,6.32008928571429
0.1058203125,6.32008928571429
0.105859375,7.32008928571429
0.1058984375,9.32008928571429
0.1059375,9.32008928571429
0.1059765625,12.3200892857143
0.106015625,14.3200892857143
0.1060546875,17.3200892857143
0.10609375,19.3200892857143
0.1061328125,19.3200892857143
0.106171875,20.3200892857143
0.1062109375,18.3200892857143
0.10625,15.3200892857143
0.1062890625,12.3200892857143
0.106328125,7.32008928571429
0.1063671875,1.32008928571429
0.10640625,-5.67991071428571
0.1064453125,-10.6799107142857
0.106484375,-15.6799107142857
0.1065234375,-18.6799107142857
0.1065625,-19.6799107142857
0.1066015625,-20.6799107142857
0.106640625,-19.6799107142857
0.1066796875,-16.6799107142857
0.10671875,-11.6799107142857
0.1067578125,-3.67991071428571
0.106796875,4.32008928571429
0.1068359375,8.32008928571429
0.106875,9.32008928571429
0.1069140625,9.32008928571429
0.106953125,6.32008928571429
0.1069921875,4.32008928571429
0.10703125,0.320089285714289
0.1070703125,-0.679910714285711
0.107109375,-1.67991071428571
0.1071484375,-4.67991071428571
0.1071875,-7.67991071428571
0.1072265625,-9.67991071428571
0.107265625,-11.6799107142857
0.1073046875,-14.6799107142857
0.10734375,-16.6799107142857
0.1073828125,-17.6799107142857
0.107421875,-16.6799107142857
0.1074609375,-12.6799107142857
0.1075,-9.67991071428571
0.1075390625,-8.67991071428571
0.107578125,-9.67991071428571
0.1076171875,-6.67991071428571
0.10765625,-6.67991071428571
0.1076953125,-4.67991071428571
0.107734375,-0.679910714285711
0.1077734375,2.32008928571429
0.1078125,6.32008928571429
0.1078515625,10.3200892857143
0.107890625,12.3200892857143
0.1079296875,12.3200892857143
0.10796875,12.3200892857143
0.1080078125,11.3200892857143
0.108046875,12.3200892857143
0.1080859375,12.3200892857143
0.108125,13.3200892857143
0.1081640625,14.3200892857143
0.108203125,16.3200892857143
0.1082421875,16.3200892857143
0.10828125,15.3200892857143
0.1083203125,16.3200892857143
0.108359375,17.3200892857143
0.1083984375,17.3200892857143
0.1084375,17.3200892857143
0.1084765625,14.3200892857143
0.108515625,10.3200892857143
0.1085546875,6.32008928571429
0.10859375,-0.679910714285711
0.1086328125,-6.67991071428571
0.108671875,-10.6799107142857
0.1087109375,-13.6799107142857
0.10875,-14.6799107142857
0.1087890625,-15.6799107142857
0.108828125,-17.6799107142857
0.1088671875,-22.6799107142857
0.10890625,-25.6799107142857
0.1089453125,-28.6799107142857
0.108984375,-28.6799107142857
0.1090234375,-29.6799107142857
0.1090625,-30.6799107142857
0.1091015625,-28.6799107142857
0.109140625,-24.6799107142857
0.1091796875,-18.6799107142857
0.10921875,-13.6799107142857
0.1092578125,-9.67991071428571
0.109296875,-5.67991071428571
0.1093359375,1.32008928571429
0.109375,8.32008928571429
0.1094140625,14.3200892857143
0.109453125,19.3200892857143
0.1094921875,21.3200892857143
0.10953125,21.3200892857143
0.1095703125,20.3200892857143
0.109609375,21.3200892857143
0.1096484375,20.3200892857143
0.1096875,20.3200892857143
0.1097265625,22.3200892857143
0.109765625,23.3200892857143
0.1098046875,22.3200892857143
0.10984375,22.3200892857143
0.1098828125,18.3200892857143
0.109921875,15.3200892857143
0.1099609375,12.3200892857143
0.11,9.32008928571429
0.1100390625,7.32008928571429
0.110078125,5.32008928571429
0.1101171875,2.32008928571429
0.11015625,0.320089285714289
0.1101953125,-2.67991071428571
0.110234375,-4.67991071428571
0.1102734375,-3.67991071428571
0.1103125,-2.67991071428571
0.1103515625,-1.67991071428571
0.110390625,1.32008928571429
0.1104296875,2.32008928571429
0.11046875,0.320089285714289
0.1105078125,-2.67991071428571
0.110546875,-5.67991071428571
0.1105859375,-8.67991071428571
0.110625,-11.6799107142857
0.1106640625,-14.6799107142857
0.110703125,-15.6799107142857
0.1107421875,-15.6799107142857
0.11078125,-15.6799107142857
0.1108203125,-16.6799107142857
0.110859375,-15.6799107142857
0.1108984375,-13.6799107142857
0.1109375,-10.6799107142857
0.1109765625,-4.67991071428571
0.111015625,1.32008928571429
0.1110546875,4.32008928571429
0.11109375,6.32008928571429
0.1111328125,5.32008928571429
0.111171875,1.32008928571429
0.1112109375,-1.67991071428571
0.11125,-3.67991071428571
0.1112890625,-4.67991071428571
0.111328125,-4.67991071428571
0.1113671875,-2.67991071428571
0.11140625,-2.67991071428571
0.1114453125,-2.67991071428571
0.111484375,-1.67991071428571
0.1115234375,-2.67991071428571
0.1115625,-3.67991071428571
0.1116015625,-1.67991071428571
0.111640625,-0.679910714285711
0.1116796875,1.32008928571429
0.11171875,2.32008928571429
0.1117578125,4.32008928571429
0.111796875,5.32008928571429
0.1118359375,7.32008928571429
0.111875,7.32008928571429
0.1119140625,8.32008928571429
0.111953125,10.3200892857143
0.1119921875,13.3200892857143
0.11203125,16.3200892857143
0.1120703125,16.3200892857143
0.112109375,15.3200892857143
0.1121484375,13.3200892857143
0.1121875,10.3200892857143
0.1122265625,7.32008928571429
0.112265625,7.32008928571429
0.1123046875,6.32008928571429
0.11234375,5.32008928571429
0.1123828125,3.32008928571429
0.112421875,2.32008928571429
0.1124609375,-0.679910714285711
0.1125,-2.67991071428571
0.1125390625,-5.67991071428571
0.112578125,-6.67991071428571
0.1126171875,-6.67991071428571
0.11265625,-7.67991071428571
0.1126953125,-6.67991071428571
0.112734375,-5.67991071428571
0.1127734375,-5.67991071428571
0.1128125,-8.67991071428571
0.1128515625,-10.6799107142857
0.112890625,-11.6799107142857
0.1129296875,-14.6799107142857
0.11296875,-4.67991071428571
0.1130078125,13.3200892857143
0.113046875,15.3200892857143
0.1130859375,8.32008928571429
0.113125,-26.6799107142857
0.1131640625,-46.6799107142857
0.113203125,-48.6799107142857
0.1132421875,-60.6799107142857
0.11328125,-66.6799107142857
0.1133203125,-53.6799107142857
0.113359375,-30.6799107142857
0.1133984375,2.32008928571429
0.1134375,21.3200892857143
0.1134765625,23.3200892857143
0.113515625,18.3200892857143
0.1135546875,13.3200892857143
0.11359375,6.32008928571429
0.1136328125,0.320089285714289
0.113671875,-3.67991071428571
0.1137109375,-9.67991071428571
0.11375,-15.6799107142857
0.1137890625,-20.6799107142857
0.113828125,-32.6799107142857
0.1138671875,-53.6799107142857
0.11390625,-73.6799107142857
0.1139453125,-78.6799107142857
0.113984375,-81.6799107142857
0.1140234375,-90.6799107142857
0.1140625,-89.6799107142857
0.1141015625,-53.6799107142857
0.114140625,7.32008928571429
0.1141796875,68.3200892857143
0.11421875,131.320089285714
0.1142578125,208.320089285714
0.114296875,285.320089285714
0.1143359375,344.320089285714
0.114375,383.320089285714
0.1144140625,402.320089285714
0.114453125,399.320089285714
0.1144921875,368.320089285714
0.11453125,311.320089285714
0.1145703125,229.320089285714
0.114609375,134.320089285714
0.1146484375,39.3200892857143
0.1146875,-49.6799107142857
0.1147265625,-135.679910714286
0.114765625,-211.679910714286
0.1148046875,-273.679910714286
0.11484375,-323.679910714286
0.1148828125,-354.679910714286
0.114921875,-368.679910714286
0.1149609375,-367.679910714286
0.115,-354.679910714286
0.1150390625,-328.679910714286
0.115078125,-294.679910714286
0.1151171875,-250.679910714286
0.11515625,-199.679910714286
0.1151953125,-144.679910714286
0.115234375,-88.6799107142857
0.1152734375,-37.6799107142857
0.1153125,6.32008928571429
0.1153515625,44.3200892857143
0.115390625,70.3200892857143
0.1154296875,85.3200892857143
0.11546875,90.3200892857143
0.1155078125,88.3200892857143
0.115546875,83.3200892857143
0.1155859375,78.3200892857143
0.115625,75.3200892857143
0.1156640625,72.3200892857143
0.115703125,69.3200892857143
0.1157421875,62.3200892857143
0.11578125,54.3200892857143
0.1158203125,47.3200892857143
0.115859375,46.3200892857143
0.1158984375,49.3200892857143
0.1159375,53.3200892857143
0.1159765625,57.3200892857143
0.116015625,59.3200892857143
0.1160546875,59.3200892857143
0.11609375,57.3200892857143
0.1161328125,51.3200892857143
0.116171875,41.3200892857143
0.1162109375,28.3200892857143
0.11625,10.3200892857143
0.1162890625,-8.67991071428571
0.116328125,-27.6799107142857
0.1163671875,-44.6799107142857
0.11640625,-57.6799107142857
0.1164453125,-63.6799107142857
0.116484375,-64.6799107142857
0.1165234375,-60.6799107142857
0.1165625,-55.6799107142857
0.1166015625,-47.6799107142857
0.116640625,-36.6799107142857
0.1166796875,-21.6799107142857
0.11671875,-3.67991071428571
0.1167578125,14.3200892857143
0.116796875,34.3200892857143
0.1168359375,52.3200892857143
0.116875,71.3200892857143
0.1169140625,84.3200892857143
0.116953125,91.3200892857143
0.1169921875,90.3200892857143
0.11703125,84.3200892857143
0.1170703125,76.3200892857143
0.117109375,65.3200892857143
0.1171484375,52.3200892857143
0.1171875,42.3200892857143
0.1172265625,33.3200892857143
0.117265625,24.3200892857143
0.1173046875,18.3200892857143
0.11734375,9.32008928571429
0.1173828125,1.32008928571429
0.117421875,-3.67991071428571
0.1174609375,-5.67991071428571
0.1175,-8.67991071428571
0.1175390625,-7.67991071428571
0.117578125,-4.67991071428571
0.1176171875,-2.67991071428571
0.11765625,-1.67991071428571
0.1176953125,-2.67991071428571
0.117734375,-8.67991071428571
0.1177734375,-13.6799107142857
0.1178125,-18.6799107142857
0.1178515625,-24.6799107142857
0.117890625,-33.6799107142857
0.1179296875,-43.6799107142857
0.11796875,-51.6799107142857
0.1180078125,-59.6799107142857
0.118046875,-69.6799107142857
0.1180859375,-75.6799107142857
0.118125,-75.6799107142857
0.1181640625,-71.6799107142857
0.118203125,-62.6799107142857
0.1182421875,-50.6799107142857
0.11828125,-36.6799107142857
0.1183203125,-23.6799107142857
0.118359375,-11.6799107142857
0.1183984375,0.320089285714289
0.1184375,8.32008928571429
0.1184765625,17.3200892857143
0.118515625,24.3200892857143
0.1185546875,31.3200892857143
0.11859375,36.3200892857143
0.1186328125,41.3200892857143
0.118671875,43.3200892857143
0.1187109375,42.3200892857143
0.11875,40.3200892857143
0.1187890625,39.3200892857143
0.118828125,37.3200892857143
0.1188671875,35.3200892857143
0.11890625,32.3200892857143
0.1189453125,25.3200892857143
0.118984375,18.3200892857143
0.1190234375,9.32008928571429
0.1190625,-1.67991071428571
0.1191015625,-10.6799107142857
0.119140625,-20.6799107142857
0.1191796875,-27.6799107142857
0.11921875,-35.6799107142857
0.1192578125,-40.6799107142857
0.119296875,-45.6799107142857
0.1193359375,-48.6799107142857
0.119375,-50.6799107142857
0.1194140625,-49.6799107142857
0.119453125,-46.6799107142857
0.1194921875,-43.6799107142857
0.11953125,-36.6799107142857
0.1195703125,-29.6799107142857
0.119609375,-21.6799107142857
0.1196484375,-15.6799107142857
0.1196875,-10.6799107142857
0.1197265625,-5.67991071428571
0.119765625,0.320089285714289
0.1198046875,7.32008928571429
0.11984375,14.3200892857143
0.1198828125,22.3200892857143
0.119921875,28.3200892857143
0.1199609375,32.3200892857143
0.12,34.3200892857143
0.1200390625,33.3200892857143
0.120078125,35.3200892857143
0.1201171875,36.3200892857143
0.12015625,38.3200892857143
0.1201953125,37.3200892857143
0.120234375,35.3200892857143
0.1202734375,32.3200892857143
0.1203125,29.3200892857143
0.1203515625,25.3200892857143
0.120390625,23.3200892857143
0.1204296875,21.3200892857143
0.12046875,18.3200892857143
0.1205078125,17.3200892857143
0.120546875,13.3200892857143
0.1205859375,8.32008928571429
0.120625,2.32008928571429
0.1206640625,-3.67991071428571
0.120703125,-9.67991071428571
0.1207421875,-12.6799107142857
0.12078125,-15.6799107142857
0.1208203125,-15.6799107142857
0.120859375,-14.6799107142857
0.1208984375,-14.6799107142857
0.1209375,-12.6799107142857
0.1209765625,-11.6799107142857
0.121015625,-9.67991071428571
0.1210546875,-5.67991071428571
0.12109375,-1.67991071428571
0.1211328125,3.32008928571429
0.121171875,5.32008928571429
0.1212109375,7.32008928571429
0.12125,7.32008928571429
0.1212890625,7.32008928571429
0.121328125,8.32008928571429
0.1213671875,8.32008928571429
0.12140625,9.32008928571429
0.1214453125,10.3200892857143
0.121484375,10.3200892857143
0.1215234375,9.32008928571429
0.1215625,7.32008928571429
0.1216015625,5.32008928571429
0.121640625,1.32008928571429
0.1216796875,-1.67991071428571
0.12171875,-5.67991071428571
0.1217578125,-6.67991071428571
0.121796875,-5.67991071428571
0.1218359375,-6.67991071428571
0.121875,-5.67991071428571
0.1219140625,-4.67991071428571
0.121953125,-5.67991071428571
0.1219921875,-6.67991071428571
0.12203125,-5.67991071428571
0.1220703125,-4.67991071428571
0.122109375,-3.67991071428571
0.1221484375,-3.67991071428571
0.1221875,-4.67991071428571
0.1222265625,-6.67991071428571
0.122265625,-11.6799107142857
0.1223046875,-17.6799107142857
0.12234375,-21.6799107142857
0.1223828125,-24.6799107142857
0.122421875,-26.6799107142857
0.1224609375,-27.6799107142857
0.1225,-27.6799107142857
0.1225390625,-26.6799107142857
0.122578125,-24.6799107142857
0.1226171875,-21.6799107142857
0.12265625,-17.6799107142857
0.1226953125,-11.6799107142857
0.122734375,-5.67991071428571
0.1227734375,-0.679910714285711
0.1228125,4.32008928571429
0.1228515625,7.32008928571429
0.122890625,9.32008928571429
0.1229296875,9.32008928571429
0.12296875,10.3200892857143
0.1230078125,10.3200892857143
0.123046875,12.3200892857143
0.1230859375,15.3200892857143
0.123125,17.3200892857143
0.1231640625,19.3200892857143
0.123203125,19.3200892857143
0.1232421875,20.3200892857143
0.12328125,20.3200892857143
0.1233203125,22.3200892857143
0.123359375,23.3200892857143
0.1233984375,25.3200892857143
0.1234375,26.3200892857143
0.1234765625,25.3200892857143
0.123515625,25.3200892857143
0.1235546875,23.3200892857143
0.12359375,22.3200892857143
0.1236328125,18.3200892857143
0.123671875,16.3200892857143
0.1237109375,12.3200892857143
0.12375,8.32008928571429
0.1237890625,3.32008928571429
0.123828125,-0.679910714285711
0.1238671875,-6.67991071428571
0.12390625,-11.6799107142857
0.1239453125,-16.6799107142857
0.123984375,-18.6799107142857
0.1240234375,-20.6799107142857
0.1240625,-22.6799107142857
0.1241015625,-22.6799107142857
0.124140625,-21.6799107142857
0.1241796875,-20.6799107142857
0.12421875,-17.6799107142857
0.1242578125,-15.6799107142857
0.124296875,-13.6799107142857
0.1243359375,-10.6799107142857
0.124375,-9.67991071428571
0.1244140625,-6.67991071428571
0.124453125,-6.67991071428571
0.1244921875,-5.67991071428571
0.12453125,-7.67991071428571
0.1245703125,-8.67991071428571
0.124609375,-9.67991071428571
0.1246484375,-9.67991071428571
0.1246875,-9.67991071428571
0.1247265625,-7.67991071428571
0.124765625,-6.67991071428571
0.1248046875,-4.67991071428571
0.12484375,-4.67991071428571
0.1248828125,-4.67991071428571
0.124921875,-2.67991071428571
0.1249609375,1.32008928571429
0.125,5.32008928571429
0.1250390625,10.3200892857143
0.125078125,17.3200892857143
0.1251171875,22.3200892857143
0.12515625,25.3200892857143
0.1251953125,27.3200892857143
0.125234375,26.3200892857143
0.1252734375,25.3200892857143
0.1253125,25.3200892857143
0.1253515625,24.3200892857143
0.125390625,21.3200892857143
0.1254296875,16.3200892857143
0.12546875,10.3200892857143
0.1255078125,4.32008928571429
0.125546875,-2.67991071428571
0.1255859375,-7.67991071428571
0.125625,-9.67991071428571
0.1256640625,-9.67991071428571
0.125703125,-9.67991071428571
0.1257421875,-9.67991071428571
0.12578125,-11.6799107142857
0.1258203125,-14.6799107142857
0.125859375,-16.6799107142857
0.1258984375,-18.6799107142857
0.1259375,-19.6799107142857
0.1259765625,-17.6799107142857
0.126015625,-16.6799107142857
0.1260546875,-14.6799107142857
0.12609375,-11.6799107142857
0.1261328125,-12.6799107142857
0.126171875,-13.6799107142857
0.1262109375,-12.6799107142857
0.12625,-10.6799107142857
0.1262890625,-8.67991071428571
0.126328125,-5.67991071428571
0.1263671875,-2.67991071428571
0.12640625,-0.679910714285711
0.1264453125,2.32008928571429
0.126484375,4.32008928571429
0.1265234375,6.32008928571429
0.1265625,9.32008928571429
0.1266015625,10.3200892857143
0.126640625,14.3200892857143
0.1266796875,16.3200892857143
0.12671875,18.3200892857143
0.1267578125,18.3200892857143
0.126796875,17.3200892857143
0.1268359375,19.3200892857143
0.126875,18.3200892857143
0.1269140625,18.3200892857143
0.126953125,18.3200892857143
0.1269921875,18.3200892857143
0.12703125,15.3200892857143
0.1270703125,11.3200892857143
0.127109375,8.32008928571429
0.1271484375,3.32008928571429
0.1271875,-1.67991071428571
0.1272265625,-7.67991071428571
0.127265625,-11.6799107142857
0.1273046875,-14.6799107142857
0.12734375,-14.6799107142857
0.1273828125,-14.6799107142857
0.127421875,-14.6799107142857
0.1274609375,-14.6799107142857
0.1275,-15.6799107142857
0.1275390625,-14.6799107142857
0.127578125,-12.6799107142857
0.1276171875,-8.67991071428571
0.12765625,-3.67991071428571
0.1276953125,-0.679910714285711
0.127734375,4.32008928571429
0.1277734375,6.32008928571429
0.1278125,4.32008928571429
0.1278515625,2.32008928571429
0.127890625,0.320089285714289
0.1279296875,-1.67991071428571
0.12796875,-2.67991071428571
0.1280078125,-2.67991071428571
0.128046875,-5.67991071428571
0.1280859375,-6.67991071428571
0.128125,-6.67991071428571
0.1281640625,-5.67991071428571
0.128203125,-3.67991071428571
0.1282421875,-0.679910714285711
0.12828125,2.32008928571429
0.1283203125,7.32008928571429
0.128359375,11.3200892857143
0.1283984375,14.3200892857143
0.1284375,16.3200892857143
0.1284765625,18.3200892857143
0.128515625,19.3200892857143
0.1285546875,19.3200892857143
0.12859375,19.3200892857143
0.1286328125,18.3200892857143
0.128671875,16.3200892857143
0.1287109375,12.3200892857143
0.12875,8.32008928571429
0.1287890625,4.32008928571429
0.128828125,0.320089285714289
0.1288671875,-2.67991071428571
0.12890625,-4.67991071428571
0.1289453125,-7.67991071428571
0.128984375,-9.67991071428571
0.1290234375,-12.6799107142857
0.1290625,-12.6799107142857
0.1291015625,-14.6799107142857
0.129140625,-14.6799107142857
0.1291796875,-15.6799107142857
0.12921875,-15.6799107142857
0.1292578125,-14.6799107142857
0.129296875,-12.6799107142857
0.1293359375,-12.6799107142857
0.129375,-12.6799107142857
0.1294140625,-10.6799107142857
0.129453125,-9.67991071428571
0.1294921875,-8.67991071428571
0.12953125,-7.67991071428571
0.1295703125,-6.67991071428571
0.129609375,-3.67991071428571
0.1296484375,-2.67991071428571
0.1296875,-1.67991071428571
0.1297265625,-1.67991071428571
0.129765625,-1.67991071428571
0.1298046875,0.320089285714289
0.12984375,9.32008928571429
0.1298828125,18.3200892857143
0.129921875,13.3200892857143
0.1299609375,-2.67991071428571
0.13,-17.6799107142857
0.1300390625,-19.6799107142857
0.130078125,-18.6799107142857
0.1301171875,-17.6799107142857
0.13015625,-13.6799107142857
0.1301953125,-4.67991071428571
0.130234375,3.32008928571429
0.1302734375,9.32008928571429
0.1303125,15.3200892857143
0.1303515625,15.3200892857143
0.130390625,9.32008928571429
0.1304296875,-4.67991071428571
0.13046875,-20.6799107142857
0.1305078125,-35.6799107142857
0.130546875,-51.6799107142857
0.1305859375,-73.6799107142857
0.130625,-106.679910714286
0.1306640625,-149.679910714286
0.130703125,-200.679910714286
0.1307421875,-252.679910714286
0.13078125,-294.679910714286
0.1308203125,-312.679910714286
0.130859375,-293.679910714286
0.1308984375,-226.679910714286
0.1309375,-107.679910714286
0.1309765625,50.3200892857143
0.131015625,231.320089285714
0.1310546875,414.320089285714
0.13109375,494.320089285714
0.1311328125,494.320089285714
0.131171875,494.320089285714
0.1312109375,494.320089285714
0.13125,494.320089285714
0.1312890625,494.320089285714
0.131328125,494.320089285714
0.1313671875,494.320089285714
0.13140625,494.320089285714
0.1314453125,428.320089285714
0.131484375,221.320089285714
0.1315234375,19.3200892857143
0.1315625,-168.679910714286
0.1316015625,-338.679910714286
0.131640625,-479.679910714286
0.1316796875,-501.679910714286
0.13171875,-505.679910714286
0.1317578125,-508.679910714286
0.131796875,-509.679910714286
0.1318359375,-509.679910714286
0.131875,-508.679910714286
0.1319140625,-506.679910714286
0.131953125,-503.679910714286
0.1319921875,-496.679910714286
0.13203125,-457.679910714286
0.1320703125,-339.679910714286
0.132109375,-222.679910714286
0.1321484375,-121.679910714286
0.1321875,-37.6799107142857
0.1322265625,31.3200892857143
0.132265625,80.3200892857143
0.1323046875,99.3200892857143
0.13234375,110.320089285714
0.1323828125,137.320089285714
0.132421875,155.320089285714
0.1324609375,165.320089285714
0.1325,179.320089285714
0.1325390625,202.320089285714
0.132578125,217.320089285714
0.1326171875,228.320089285714
0.13265625,238.320089285714
0.1326953125,246.320089285714
0.132734375,254.320089285714
0.1327734375,254.320089285714
0.1328125,246.320089285714
0.1328515625,241.320089285714
0.132890625,230.320089285714
0.1329296875,209.320089285714
0.13296875,177.320089285714
0.1330078125,140.320089285714
0.133046875,96.3200892857143
0.1330859375,53.3200892857143
0.133125,9.32008928571429
0.1331640625,-30.6799107142857
0.133203125,-71.6799107142857
0.1332421875,-109.679910714286
0.13328125,-139.679910714286
0.1333203125,-160.679910714286
0.133359375,-177.679910714286
0.1333984375,-187.679910714286
0.1334375,-187.679910714286
0.1334765625,-180.679910714286
0.133515625,-170.679910714286
0.1335546875,-150.679910714286
0.13359375,-123.679910714286
0.1336328125,-91.6799107142857
0.133671875,-59.6799107142857
0.1337109375,-31.6799107142857
0.13375,0.320089285714289
0.1337890625,36.3200892857143
0.133828125,64.3200892857143
0.1338671875,85.3200892857143
0.13390625,101.320089285714
0.1339453125,110.320089285714
0.133984375,111.320089285714
0.1340234375,106.320089285714
0.1340625,103.320089285714
0.1341015625,101.320089285714
0.134140625,98.3200892857143
0.1341796875,97.3200892857143
0.13421875,94.3200892857143
0.1342578125,89.3200892857143
0.134296875,84.3200892857143
0.1343359375,77.3200892857143
0.134375,73.3200892857143
0.1344140625,68.3200892857143
0.134453125,60.3200892857143
0.1344921875,48.3200892857143
0.13453125,31.3200892857143
0.1345703125,9.32008928571429
0.134609375,-19.6799107142857
0.1346484375,-49.6799107142857
0.1346875,-78.6799107142857
0.1347265625,-102.679910714286
0.134765625,-120.679910714286
0.1348046875,-132.679910714286
0.13484375,-136.679910714286
0.1348828125,-135.679910714286
0.134921875,-128.679910714286
0.1349609375,-118.679910714286
0.135,-106.679910714286
0.1350390625,-89.6799107142857
0.135078125,-71.6799107142857
0.1351171875,-55.6799107142857
0.13515625,-42.6799107142857
0.1351953125,-34.6799107142857
0.135234375,-27.6799107142857
0.1352734375,-23.6799107142857
0.1353125,-22.6799107142857
0.1353515625,-19.6799107142857
0.135390625,-15.6799107142857
0.1354296875,-10.6799107142857
0.13546875,-2.67991071428571
0.1355078125,6.32008928571429
0.135546875,14.3200892857143
0.1355859375,21.3200892857143
0.135625,28.3200892857143
0.1356640625,35.3200892857143
0.135703125,40.3200892857143
0.1357421875,43.3200892857143
0.13578125,47.3200892857143
0.1358203125,48.3200892857143
0.135859375,45.3200892857143
0.1358984375,39.3200892857143
0.1359375,28.3200892857143
0.1359765625,15.3200892857143
0.136015625,2.32008928571429
0.1360546875,-9.67991071428571
0.13609375,-18.6799107142857
0.1361328125,-27.6799107142857
0.136171875,-33.6799107142857
0.1362109375,-39.6799107142857
0.13625,-43.6799107142857
0.1362890625,-43.6799107142857
0.136328125,-39.6799107142857
0.1363671875,-30.6799107142857
0.13640625,-19.6799107142857
0.1364453125,-8.67991071428571
0.136484375,1.32008928571429
0.1365234375,9.32008928571429
0.1365625,17.3200892857143
0.1366015625,23.3200892857143
0.136640625,30.3200892857143
0.1366796875,39.3200892857143
0.13671875,46.3200892857143
0.1367578125,52.3200892857143
0.136796875,57.3200892857143
0.1368359375,59.3200892857143
0.136875,57.3200892857143
0.1369140625,50.3200892857143
0.136953125,41.3200892857143
0.1369921875,31.3200892857143
0.13703125,21.3200892857143
0.1370703125,11.3200892857143
0.137109375,4.32008928571429
0.1371484375,-1.67991071428571
0.1371875,-7.67991071428571
0.1372265625,-11.6799107142857
0.137265625,-14.6799107142857
0.1373046875,-16.6799107142857
0.13734375,-15.6799107142857
0.1373828125,-15.6799107142857
0.137421875,-15.6799107142857
0.1374609375,-16.6799107142857
0.1375,-18.6799107142857
0.1375390625,-20.6799107142857
0.137578125,-23.6799107142857
0.1376171875,-26.6799107142857
0.13765625,-27.6799107142857
0.1376953125,-28.6799107142857
0.137734375,-26.6799107142857
0.1377734375,-23.6799107142857
0.1378125,-18.6799107142857
0.1378515625,-13.6799107142857
0.137890625,-9.67991071428571
0.1379296875,-2.67991071428571
0.13796875,5.32008928571429
0.1380078125,16.3200892857143
0.138046875,26.3200892857143
0.1380859375,37.3200892857143
0.138125,44.3200892857143
0.1381640625,51.3200892857143
0.138203125,53.3200892857143
0.1382421875,56.3200892857143
0.13828125,55.3200892857143
0.1383203125,56.3200892857143
0.138359375,55.3200892857143
0.1383984375,51.3200892857143
0.1384375,47.3200892857143
0.1384765625,41.3200892857143
0.138515625,34.3200892857143
0.1385546875,29.3200892857143
0.13859375,25.3200892857143
0.1386328125,25.3200892857143
0.138671875,25.3200892857143
0.1387109375,24.3200892857143
0.13875,22.3200892857143
0.1387890625,18.3200892857143
0.138828125,12.3200892857143
0.1388671875,2.32008928571429
0.13890625,-8.67991071428571
0.1389453125,-19.6799107142857
0.138984375,-30.6799107142857
0.1390234375,-39.6799107142857
0.1390625,-50.6799107142857
0.1391015625,-61.6799107142857
0.139140625,-71.6799107142857
0.1391796875,-80.6799107142857
0.13921875,-86.6799107142857
0.1392578125,-90.6799107142857
0.139296875,-91.6799107142857
0.1393359375,-91.6799107142857
0.139375,-86.6799107142857
0.1394140625,-81.6799107142857
0.139453125,-75.6799107142857
0.1394921875,-70.6799107142857
0.13953125,-64.6799107142857
0.1395703125,-59.6799107142857
0.139609375,-51.6799107142857
0.1396484375,-42.6799107142857
0.1396875,-32.6799107142857
0.1397265625,-19.6799107142857
0.139765625,-7.67991071428571
0.1398046875,2.32008928571429
0.13984375,11.3200892857143
0.1398828125,19.3200892857143
0.139921875,29.3200892857143
0.1399609375,39.3200892857143
0.14,48.3200892857143
0.1400390625,56.3200892857143
0.140078125,61.3200892857143
0.1401171875,66.3200892857143
0.14015625,70.3200892857143
0.1401953125,73.3200892857143
0.140234375,75.3200892857143
0.1402734375,79.3200892857143
0.1403125,83.3200892857143
0.1403515625,86.3200892857143
0.140390625,89.3200892857143
0.1404296875,89.3200892857143
0.14046875,85.3200892857143
0.1405078125,78.3200892857143
0.140546875,69.3200892857143
0.1405859375,56.3200892857143
0.140625,44.3200892857143
0.1406640625,30.3200892857143
0.140703125,13.3200892857143
0.1407421875,-3.67991071428571
0.14078125,-18.6799107142857
0.1408203125,-32.6799107142857
0.140859375,-42.6799107142857
0.1408984375,-51.6799107142857
0.1409375,-56.6799107142857
0.1409765625,-59.6799107142857
0.141015625,-58.6799107142857
0.1410546875,-57.6799107142857
0.14109375,-56.6799107142857
0.1411328125,-54.6799107142857
0.141171875,-54.6799107142857
0.1412109375,-52.6799107142857
0.14125,-50.6799107142857
0.1412890625,-48.6799107142857
0.141328125,-48.6799107142857
0.1413671875,-49.6799107142857
0.14140625,-48.6799107142857
0.1414453125,-48.6799107142857
0.141484375,-47.6799107142857
0.1415234375,-45.6799107142857
0.1415625,-41.6799107142857
0.1416015625,-35.6799107142857
0.141640625,-27.6799107142857
0.1416796875,-17.6799107142857
0.14171875,-8.67991071428571
0.1417578125,0.320089285714289
0.141796875,10.3200892857143
0.1418359375,20.3200892857143
0.141875,31.3200892857143
0.1419140625,43.3200892857143
0.141953125,53.3200892857143
0.1419921875,63.3200892857143
0.14203125,69.3200892857143
0.1420703125,71.3200892857143
0.142109375,71.3200892857143
0.1421484375,69.3200892857143
0.1421875,65.3200892857143
0.1422265625,61.3200892857143
0.142265625,57.3200892857143
0.1423046875,53.3200892857143
0.14234375,45.3200892857143
0.1423828125,38.3200892857143
0.142421875,29.3200892857143
0.1424609375,18.3200892857143
0.1425,8.32008928571429
0.1425390625,0.320089285714289
0.142578125,-8.67991071428571
0.1426171875,-15.6799107142857
0.14265625,-23.6799107142857
0.1426953125,-30.6799107142857
0.142734375,-37.6799107142857
0.1427734375,-43.6799107142857
0.1428125,-49.6799107142857
0.1428515625,-52.6799107142857
0.142890625,-53.6799107142857
0.1429296875,-52.6799107142857
0.14296875,-51.6799107142857
0.1430078125,-48.6799107142857
0.143046875,-48.6799107142857
0.1430859375,-49.6799107142857
0.143125,-49.6799107142857
0.1431640625,-49.6799107142857
0.143203125,-44.6799107142857
0.1432421875,-39.6799107142857
0.14328125,-30.6799107142857
0.1433203125,-20.6799107142857
0.143359375,-12.6799107142857
0.1433984375,-4.67991071428571
0.1434375,4.32008928571429
0.1434765625,14.3200892857143
0.143515625,25.3200892857143
0.1435546875,37.3200892857143
0.14359375,48.3200892857143
0.1436328125,58.3200892857143
0.143671875,65.3200892857143
0.1437109375,69.3200892857143
0.14375,71.3200892857143
0.1437890625,70.3200892857143
0.143828125,66.3200892857143
0.1438671875,62.3200892857143
0.14390625,59.3200892857143
0.1439453125,53.3200892857143
0.143984375,47.3200892857143
0.1440234375,39.3200892857143
0.1440625,31.3200892857143
0.1441015625,21.3200892857143
0.144140625,12.3200892857143
0.1441796875,1.32008928571429
0.14421875,-5.67991071428571
0.1442578125,-13.6799107142857
0.144296875,-23.6799107142857
0.1443359375,-30.6799107142857
0.144375,-39.6799107142857
0.1444140625,-47.6799107142857
0.144453125,-54.6799107142857
0.1444921875,-56.6799107142857
0.14453125,-56.6799107142857
0.1445703125,-55.6799107142857
0.144609375,-54.6799107142857
0.1446484375,-50.6799107142857
0.1446875,-49.6799107142857
0.1447265625,-48.6799107142857
0.144765625,-44.6799107142857
0.1448046875,-39.6799107142857
0.14484375,-34.6799107142857
0.1448828125,-30.6799107142857
0.144921875,-22.6799107142857
0.1449609375,-16.6799107142857
0.145,-12.6799107142857
0.1450390625,-7.67991071428571
0.145078125,0.320089285714289
0.1451171875,6.32008928571429
0.14515625,15.3200892857143
0.1451953125,26.3200892857143
0.145234375,38.3200892857143
0.1452734375,46.3200892857143
0.1453125,52.3200892857143
0.1453515625,57.3200892857143
0.145390625,60.3200892857143
0.1454296875,62.3200892857143
0.14546875,62.3200892857143
0.1455078125,59.3200892857143
0.145546875,58.3200892857143
0.1455859375,54.3200892857143
0.145625,48.3200892857143
0.1456640625,40.3200892857143
0.145703125,30.3200892857143
0.1457421875,19.3200892857143
0.14578125,10.3200892857143
0.1458203125,0.320089285714289
0.145859375,-8.67991071428571
0.1458984375,-16.6799107142857
0.1459375,-22.6799107142857
0.1459765625,-27.6799107142857
0.146015625,-34.6799107142857
0.1460546875,-40.6799107142857
0.14609375,-47.6799107142857
0.1461328125,-49.6799107142857
0.146171875,-49.6799107142857
0.1462109375,-50.6799107142857
0.14625,-51.6799107142857
0.1462890625,-52.6799107142857
0.146328125,-53.6799107142857
0.1463671875,-55.6799107142857
0.14640625,-56.6799107142857
0.1464453125,-54.6799107142857
0.146484375,-48.6799107142857
0.1465234375,-38.6799107142857
0.1465625,-28.6799107142857
0.1466015625,-16.6799107142857
0.146640625,-2.67991071428571
0.1466796875,11.3200892857143
0.14671875,20.3200892857143
0.1467578125,31.3200892857143
0.146796875,40.3200892857143
0.1468359375,48.3200892857143
0.146875,54.3200892857143
0.1469140625,58.3200892857143
0.146953125,60.3200892857143
0.1469921875,60.3200892857143
0.14703125,58.3200892857143
0.1470703125,56.3200892857143
0.147109375,55.3200892857143
0.1471484375,52.3200892857143
0.1471875,50.3200892857143
0.1472265625,46.3200892857143
0.147265625,44.3200892857143
0.1473046875,39.3200892857143
0.14734375,33.3200892857143
0.1473828125,30.3200892857143
0.147421875,45.3200892857143
0.1474609375,27.3200892857143
0.1475,-39.6799107142857
0.1475390625,-89.6799107142857
0.147578125,-102.679910714286
0.1476171875,-106.679910714286
0.14765625,-106.679910714286
0.1476953125,-99.6799107142857
0.147734375,-85.6799107142857
0.1477734375,-81.6799107142857
0.1478125,-89.6799107142857
0.1478515625,-100.679910714286
0.147890625,-111.679910714286
0.1479296875,-112.679910714286
0.14796875,-116.679910714286
0.1480078125,-125.679910714286
0.148046875,-121.679910714286
0.1480859375,-109.679910714286
0.148125,-101.679910714286
0.1481640625,-93.6799107142857
0.148203125,-87.6799107142857
0.1482421875,-86.6799107142857
0.14828125,-79.6799107142857
0.1483203125,-56.6799107142857
0.148359375,-15.6799107142857
0.1483984375,27.3200892857143
0.1484375,71.3200892857143
0.1484765625,128.320089285714
0.148515625,203.320089285714
0.1485546875,287.320089285714
0.14859375,370.320089285714
0.1486328125,448.320089285714
0.148671875,494.320089285714
0.1487109375,494.320089285714
0.14875,494.320089285714
0.1487890625,494.320089285714
0.148828125,494.320089285714
0.1488671875,494.320089285714
0.14890625,455.320089285714
0.1489453125,363.320089285714
0.148984375,254.320089285714
0.1490234375,135.320089285714
0.1490625,18.3200892857143
0.1491015625,-91.6799107142857
0.149140625,-202.679910714286
0.1491796875,-304.679910714286
0.14921875,-393.679910714286
0.1492578125,-470.679910714286
0.149296875,-493.679910714286
0.1493359375,-499.679910714286
0.149375,-501.679910714286
0.1494140625,-502.679910714286
0.149453125,-500.679910714286
0.1494921875,-498.679910714286
0.14953125,-491.679910714286
0.1495703125,-465.679910714286
0.149609375,-395.679910714286
0.1496484375,-312.679910714286
0.1496875,-230.679910714286
0.1497265625,-156.679910714286
0.149765625,-91.6799107142857
0.1498046875,-36.6799107142857
0.14984375,5.32008928571429
0.1498828125,41.3200892857143
0.149921875,70.3200892857143
0.1499609375,92.3200892857143
0.15,112.320089285714
0.1500390625,125.320089285714
0.150078125,135.320089285714
0.1501171875,139.320089285714
0.15015625,142.320089285714
0.1501953125,143.320089285714
0.150234375,142.320089285714
0.1502734375,138.320089285714
0.1503125,133.320089285714
0.1503515625,128.320089285714
0.150390625,122.320089285714
0.1504296875,111.320089285714
0.15046875,97.3200892857143
0.1505078125,84.3200892857143
0.150546875,70.3200892857143
0.1505859375,54.3200892857143
0.150625,35.3200892857143
0.1506640625,15.3200892857143
0.150703125,-2.67991071428571
0.1507421875,-17.6799107142857
0.15078125,-25.6799107142857
0.1508203125,-30.6799107142857
0.150859375,-27.6799107142857
0.1508984375,-36.6799107142857
0.1509375,-47.6799107142857
0.1509765625,-45.6799107142857
0.151015625,-39.6799107142857
0.1510546875,-33.6799107142857
0.15109375,-20.6799107142857
0.1511328125,-3.67991071428571
0.151171875,20.3200892857143
0.1512109375,47.3200892857143
0.15125,70.3200892857143
0.1512890625,93.3200892857143
0.151328125,114.320089285714
0.1513671875,135.320089285714
0.15140625,151.320089285714
0.1514453125,165.320089285714
0.151484375,178.320089285714
0.1515234375,183.320089285714
0.1515625,179.320089285714
0.1516015625,167.320089285714
0.151640625,152.320089285714
0.1516796875,132.320089285714
0.15171875,109.320089285714
0.1517578125,87.3200892857143
0.151796875,62.3200892857143
0.1518359375,32.3200892857143
0.151875,-0.679910714285711
0.1519140625,-30.6799107142857
0.151953125,-57.6799107142857
0.1519921875,-81.6799107142857
0.15203125,-102.679910714286
0.1520703125,-124.679910714286
0.152109375,-139.679910714286
0.1521484375,-151.679910714286
0.1521875,-162.679910714286
0.1522265625,-166.679910714286
0.152265625,-169.679910714286
0.1523046875,-166.679910714286
0.15234375,-160.679910714286
0.1523828125,-148.679910714286
0.152421875,-132.679910714286
0.1524609375,-113.679910714286
0.1525,-91.6799107142857
0.1525390625,-66.6799107142857
0.152578125,-40.6799107142857
0.1526171875,-13.6799107142857
0.15265625,10.3200892857143
0.1526953125,32.3200892857143
0.152734375,52.3200892857143
0.1527734375,66.3200892857143
0.1528125,77.3200892857143
0.1528515625,83.3200892857143
0.152890625,85.3200892857143
0.1529296875,83.3200892857143
0.15296875,81.3200892857143
0.1530078125,78.3200892857143
0.153046875,75.3200892857143
0.1530859375,68.3200892857143
0.153125,58.3200892857143
0.1531640625,45.3200892857143
0.153203125,30.3200892857143
0.1532421875,15.3200892857143
0.15328125,1.32008928571429
0.1533203125,-12.6799107142857
0.153359375,-24.6799107142857
0.1533984375,-33.6799107142857
0.1534375,-42.6799107142857
0.1534765625,-49.6799107142857
0.153515625,-54.6799107142857
0.1535546875,-60.6799107142857
0.15359375,-65.6799107142857
0.1536328125,-69.6799107142857
0.153671875,-72.6799107142857
0.1537109375,-74.6799107142857
0.15375,-75.6799107142857
0.1537890625,-72.6799107142857
0.153828125,-67.6799107142857
0.1538671875,-62.6799107142857
0.15390625,-54.6799107142857
0.1539453125,-42.6799107142857
0.153984375,-29.6799107142857
0.1540234375,-13.6799107142857
0.1540625,0.320089285714289
0.1541015625,13.3200892857143
0.154140625,23.3200892857143
0.1541796875,31.3200892857143
0.15421875,37.3200892857143
0.1542578125,42.3200892857143
0.154296875,46.3200892857143
0.1543359375,48.3200892857143
0.154375,48.3200892857143
0.1544140625,44.3200892857143
0.154453125,39.3200892857143
0.1544921875,34.3200892857143
0.15453125,28.3200892857143
0.1545703125,25.3200892857143
0.154609375,22.3200892857143
0.1546484375,20.3200892857143
0.1546875,17.3200892857143
0.1547265625,15.3200892857143
0.154765625,11.3200892857143
0.1548046875,7.32008928571429
0.15484375,2.32008928571429
0.1548828125,-2.67991071428571
0.154921875,-4.67991071428571
0.1549609375,-6.67991071428571
0.155,-8.67991071428571
0.1550390625,-10.6799107142857
0.155078125,-11.6799107142857
0.1551171875,-15.6799107142857
0.15515625,-16.6799107142857
0.1551953125,-16.6799107142857
0.155234375,-14.6799107142857
0.1552734375,-10.6799107142857
0.1553125,-6.67991071428571
0.1553515625,0.320089285714289
0.155390625,5.32008928571429
0.1554296875,11.3200892857143
0.15546875,16.3200892857143
0.1555078125,21.3200892857143
0.155546875,28.3200892857143
0.1555859375,33.3200892857143
0.155625,41.3200892857143
0.1556640625,46.3200892857143
0.155703125,51.3200892857143
0.1557421875,55.3200892857143
0.15578125,56.3200892857143
0.1558203125,55.3200892857143
0.155859375,57.3200892857143
0.1558984375,51.3200892857143
0.1559375,41.3200892857143
0.1559765625,35.3200892857143
0.156015625,31.3200892857143
0.1560546875,29.3200892857143
0.15609375,27.3200892857143
0.1561328125,24.3200892857143
0.156171875,19.3200892857143
0.1562109375,14.3200892857143
0.15625,14.3200892857143
0.1562890625,13.3200892857143
0.156328125,10.3200892857143
0.1563671875,4.32008928571429
0.15640625,-1.67991071428571
0.1564453125,-10.6799107142857
0.156484375,-17.6799107142857
0.1565234375,-26.6799107142857
0.1565625,-37.6799107142857
0.1566015625,-46.6799107142857
0.156640625,-55.6799107142857
0.1566796875,-64.6799107142857
0.15671875,-73.6799107142857
0.1567578125,-80.6799107142857
0.156796875,-83.6799107142857
0.1568359375,-87.6799107142857
0.156875,-89.6799107142857
0.1569140625,-89.6799107142857
0.156953125,-87.6799107142857
0.1569921875,-82.6799107142857
0.15703125,-71.6799107142857
0.1570703125,-60.6799107142857
0.157109375,-48.6799107142857
0.1571484375,-39.6799107142857
0.1571875,-28.6799107142857
0.1572265625,-15.6799107142857
0.157265625,-4.67991071428571
0.1573046875,5.32008928571429
0.15734375,13.3200892857143
0.1573828125,20.3200892857143
0.157421875,24.3200892857143
0.1574609375,27.3200892857143
0.1575,32.3200892857143
0.1575390625,39.3200892857143
0.157578125,45.3200892857143
0.1576171875,52.3200892857143
0.15765625,58.3200892857143
0.1576953125,64.3200892857143
0.157734375,70.3200892857143
0.1577734375,75.3200892857143
0.1578125,79.3200892857143
0.1578515625,81.3200892857143
0.157890625,82.3200892857143
0.1579296875,80.3200892857143
0.15796875,75.3200892857143
0.1580078125,68.3200892857143
0.158046875,59.3200892857143
0.1580859375,48.3200892857143
0.158125,35.3200892857143
0.1581640625,23.3200892857143
0.158203125,9.32008928571429
0.1582421875,-6.67991071428571
0.15828125,-19.6799107142857
0.1583203125,-31.6799107142857
0.158359375,-42.6799107142857
0.1583984375,-52.6799107142857
0.1584375,-61.6799107142857
0.1584765625,-67.6799107142857
0.158515625,-70.6799107142857
0.1585546875,-68.6799107142857
0.15859375,-66.6799107142857
0.1586328125,-63.6799107142857
0.158671875,-60.6799107142857
0.1587109375,-54.6799107142857
0.15875,-50.6799107142857
0.1587890625,-42.6799107142857
0.158828125,-34.6799107142857
0.1588671875,-26.6799107142857
0.15890625,-18.6799107142857
0.1589453125,-10.6799107142857
0.158984375,-4.67991071428571
0.1590234375,0.320089285714289
0.1590625,4.32008928571429
0.1591015625,7.32008928571429
0.159140625,10.3200892857143
0.1591796875,15.3200892857143
0.15921875,22.3200892857143
0.1592578125,28.3200892857143
0.159296875,35.3200892857143
0.1593359375,38.3200892857143
0.159375,41.3200892857143
0.1594140625,41.3200892857143
0.159453125,40.3200892857143
0.1594921875,40.3200892857143
0.15953125,41.3200892857143
0.1595703125,41.3200892857143
0.159609375,40.3200892857143
0.1596484375,38.3200892857143
0.1596875,37.3200892857143
0.1597265625,30.3200892857143
0.159765625,10.3200892857143
0.1598046875,-4.67991071428571
0.15984375,-9.67991071428571
0.1598828125,-8.67991071428571
0.159921875,-7.67991071428571
0.1599609375,-9.67991071428571
0.16,-14.6799107142857
0.1600390625,-20.6799107142857
0.160078125,-21.6799107142857
0.1601171875,-24.6799107142857
0.16015625,-25.6799107142857
0.1601953125,-27.6799107142857
0.160234375,-26.6799107142857
0.1602734375,-26.6799107142857
0.1603125,-26.6799107142857
0.1603515625,-27.6799107142857
0.160390625,-26.6799107142857
0.1604296875,-26.6799107142857
0.16046875,-26.6799107142857
0.1605078125,-25.6799107142857
0.160546875,-26.6799107142857
0.1605859375,-25.6799107142857
0.160625,-20.6799107142857
0.1606640625,-15.6799107142857
0.160703125,-15.6799107142857
0.1607421875,-19.6799107142857
0.16078125,-24.6799107142857
0.1608203125,-25.6799107142857
0.160859375,-21.6799107142857
0.1608984375,-12.6799107142857
0.1609375,-4.67991071428571
0.1609765625,1.32008928571429
0.161015625,5.32008928571429
0.1610546875,10.3200892857143
0.16109375,17.3200892857143
0.1611328125,23.3200892857143
0.161171875,29.3200892857143
0.1612109375,36.3200892857143
0.16125,41.3200892857143
0.1612890625,46.3200892857143
0.161328125,49.3200892857143
0.1613671875,50.3200892857143
0.16140625,52.3200892857143
0.1614453125,52.3200892857143
0.161484375,49.3200892857143
0.1615234375,48.3200892857143
0.1615625,44.3200892857143
0.1616015625,37.3200892857143
0.161640625,31.3200892857143
0.1616796875,22.3200892857143
0.16171875,13.3200892857143
0.1617578125,5.32008928571429
0.161796875,-1.67991071428571
0.1618359375,-6.67991071428571
0.161875,-11.6799107142857
0.1619140625,-12.6799107142857
0.161953125,-14.6799107142857
0.1619921875,-17.6799107142857
0.16203125,-21.6799107142857
0.1620703125,-25.6799107142857
0.162109375,-29.6799107142857
0.1621484375,-31.6799107142857
0.1621875,-31.6799107142857
0.1622265625,-32.6799107142857
0.162265625,-32.6799107142857
0.1623046875,-32.6799107142857
0.16234375,-30.6799107142857
0.1623828125,-30.6799107142857
0.162421875,-26.6799107142857
0.1624609375,-19.6799107142857
0.1625,-14.6799107142857
0.1625390625,-9.67991071428571
0.162578125,-6.67991071428571
0.1626171875,-2.67991071428571
0.16265625,0.320089285714289
0.1626953125,4.32008928571429
0.162734375,9.32008928571429
0.1627734375,13.3200892857143
0.1628125,17.3200892857143
0.1628515625,22.3200892857143
0.162890625,25.3200892857143
0.1629296875,28.3200892857143
0.16296875,30.3200892857143
0.1630078125,31.3200892857143
0.163046875,33.3200892857143
0.1630859375,34.3200892857143
0.163125,34.3200892857143
0.1631640625,32.3200892857143
0.163203125,28.3200892857143
0.1632421875,23.3200892857143
0.16328125,16.3200892857143
0.1633203125,8.32008928571429
0.163359375,2.32008928571429
0.1633984375,-2.67991071428571
0.1634375,-8.67991071428571
0.1634765625,-15.6799107142857
0.163515625,-22.6799107142857
0.1635546875,-29.6799107142857
0.16359375,-37.6799107142857
0.1636328125,-43.6799107142857
0.163671875,-49.6799107142857
0.1637109375,-53.6799107142857
0.16375,-54.6799107142857
0.1637890625,-54.6799107142857
0.163828125,-53.6799107142857
0.1638671875,-48.6799107142857
0.16390625,-46.6799107142857
0.1639453125,-45.6799107142857
0.163984375,-54.6799107142857
0.1640234375,-72.6799107142857
0.1640625,-73.6799107142857
0.1641015625,-51.6799107142857
0.164140625,-22.6799107142857
0.1641796875,4.32008928571429
0.16421875,21.3200892857143
0.1642578125,31.3200892857143
0.164296875,41.3200892857143
0.1643359375,49.3200892857143
0.164375,57.3200892857143
0.1644140625,53.3200892857143
0.164453125,39.3200892857143
0.1644921875,18.3200892857143
0.16453125,-0.679910714285711
0.1645703125,-18.6799107142857
0.164609375,-34.6799107142857
0.1646484375,-54.6799107142857
0.1646875,-79.6799107142857
0.1647265625,-114.679910714286
0.164765625,-159.679910714286
0.1648046875,-211.679910714286
0.16484375,-264.679910714286
0.1648828125,-313.679910714286
0.164921875,-350.679910714286
0.1649609375,-361.679910714286
0.165,-329.679910714286
0.1650390625,-239.679910714286
0.165078125,-86.6799107142857
0.1651171875,120.320089285714
0.16515625,347.320089285714
0.1651953125,494.320089285714
0.165234375,494.320089285714
0.1652734375,494.320089285714
0.1653125,494.320089285714
0.1653515625,494.320089285714
0.165390625,494.320089285714
0.1654296875,494.320089285714
0.16546875,494.320089285714
0.1655078125,494.320089285714
0.165546875,494.320089285714
0.1655859375,494.320089285714
0.165625,494.320089285714
0.1656640625,380.320089285714
0.165703125,234.320089285714
0.1657421875,93.3200892857143
0.16578125,-39.6799107142857
0.1658203125,-165.679910714286
0.165859375,-288.679910714286
0.1658984375,-409.679910714286
0.1659375,-494.679910714286
0.1659765625,-503.679910714286
0.166015625,-508.679910714286
0.1660546875,-510.679910714286
0.16609375,-511.679910714286
0.1661328125,-511.679910714286
0.166171875,-512.679910714286
0.1662109375,-511.679910714286
0.16625,-510.679910714286
0.1662890625,-508.679910714286
0.166328125,-506.679910714286
0.1663671875,-502.679910714286
0.16640625,-493.679910714286
0.1664453125,-453.679910714286
0.166484375,-349.679910714286
0.1665234375,-242.679910714286
0.1665625,-138.679910714286
0.1666015625,-38.6799107142857
0.166640625,53.3200892857143
0.1666796875,134.320089285714
0.16671875,204.320089285714
0.1667578125,262.320089285714
0.166796875,313.320089285714
0.1668359375,356.320089285714
0.166875,385.320089285714
0.1669140625,404.320089285714
0.166953125,413.320089285714
0.1669921875,397.320089285714
0.16703125,358.320089285714
0.1670703125,312.320089285714
0.167109375,263.320089285714
0.1671484375,209.320089285714
0.1671875,155.320089285714
0.1672265625,105.320089285714
0.167265625,64.3200892857143
0.1673046875,29.3200892857143
0.16734375,10.3200892857143
0.1673828125,-0.679910714285711
0.167421875,-4.67991071428571
0.1674609375,-3.67991071428571
0.1675,0.320089285714289
0.1675390625,9.32008928571429
0.167578125,16.3200892857143
0.1676171875,25.3200892857143
0.16765625,30.3200892857143
0.1676953125,33.3200892857143
0.167734375,34.3200892857143
0.1677734375,32.3200892857143
0.1678125,26.3200892857143
0.1678515625,19.3200892857143
0.167890625,15.3200892857143
0.1679296875,12.3200892857143
0.16796875,14.3200892857143
0.1680078125,17.3200892857143
0.168046875,19.3200892857143
0.1680859375,22.3200892857143
0.168125,30.3200892857143
0.1681640625,40.3200892857143
0.168203125,48.3200892857143
0.1682421875,54.3200892857143
0.16828125,61.3200892857143
0.1683203125,67.3200892857143
0.168359375,68.3200892857143
0.1683984375,66.3200892857143
0.1684375,58.3200892857143
0.1684765625,48.3200892857143
0.168515625,40.3200892857143
0.1685546875,30.3200892857143
0.16859375,25.3200892857143
0.1686328125,20.3200892857143
0.168671875,14.3200892857143
0.1687109375,4.32008928571429
0.16875,-11.6799107142857
0.1687890625,-34.6799107142857
0.168828125,-62.6799107142857
0.1688671875,-94.6799107142857
0.16890625,-125.679910714286
0.1689453125,-150.679910714286
0.168984375,-172.679910714286
0.1690234375,-186.679910714286
0.1690625,-192.679910714286
0.1691015625,-193.679910714286
0.169140625,-190.679910714286
0.1691796875,-183.679910714286
0.16921875,-170.679910714286
0.1692578125,-151.679910714286
0.169296875,-129.679910714286
0.1693359375,-106.679910714286
0.169375,-83.6799107142857
0.1694140625,-56.6799107142857
0.169453125,-30.6799107142857
0.1694921875,-5.67991071428571
0.16953125,16.3200892857143
0.1695703125,39.3200892857143
0.169609375,60.3200892857143
0.1696484375,76.3200892857143
0.1696875,89.3200892857143
0.1697265625,96.3200892857143
0.169765625,98.3200892857143
0.1698046875,95.3200892857143
0.16984375,85.3200892857143
0.1698828125,75.3200892857143
0.169921875,66.3200892857143
0.1699609375,58.3200892857143
0.17,49.3200892857143
0.1700390625,40.3200892857143
0.170078125,31.3200892857143
0.1701171875,19.3200892857143
0.17015625,4.32008928571429
0.1701953125,-14.6799107142857
0.170234375,-34.6799107142857
0.1702734375,-54.6799107142857
0.1703125,-72.6799107142857
0.1703515625,-87.6799107142857
0.170390625,-100.679910714286
0.1704296875,-109.679910714286
0.17046875,-115.679910714286
0.1705078125,-114.679910714286
0.170546875,-107.679910714286
0.1705859375,-97.6799107142857
0.170625,-84.6799107142857
0.1706640625,-68.6799107142857
0.170703125,-52.6799107142857
0.1707421875,-36.6799107142857
0.17078125,-18.6799107142857
0.1708203125,-1.67991071428571
0.170859375,16.3200892857143
0.1708984375,32.3200892857143
0.1709375,47.3200892857143
0.1709765625,60.3200892857143
0.171015625,69.3200892857143
0.1710546875,76.3200892857143
0.17109375,78.3200892857143
0.1711328125,80.3200892857143
0.171171875,82.3200892857143
0.1712109375,85.3200892857143
0.17125,88.3200892857143
0.1712890625,93.3200892857143
0.171328125,95.3200892857143
0.1713671875,95.3200892857143
0.17140625,92.3200892857143
0.1714453125,88.3200892857143
0.171484375,84.3200892857143
0.1715234375,82.3200892857143
0.1715625,79.3200892857143
0.1716015625,76.3200892857143
0.171640625,71.3200892857143
0.1716796875,67.3200892857143
0.17171875,61.3200892857143
0.1717578125,55.3200892857143
0.171796875,47.3200892857143
0.1718359375,39.3200892857143
0.171875,30.3200892857143
0.1719140625,20.3200892857143
0.171953125,7.32008928571429
0.1719921875,-5.67991071428571
0.17203125,-20.6799107142857
0.1720703125,-35.6799107142857
0.172109375,-49.6799107142857
0.1721484375,-61.6799107142857
0.1721875,-69.6799107142857
0.1722265625,-73.6799107142857
0.172265625,-73.6799107142857
0.1723046875,-72.6799107142857
0.17234375,-69.6799107142857
0.1723828125,-65.6799107142857
0.172421875,-58.6799107142857
0.1724609375,-50.6799107142857
0.1725,-39.6799107142857
0.1725390625,-26.6799107142857
0.172578125,-13.6799107142857
0.1726171875,-1.67991071428571
0.17265625,7.32008928571429
0.1726953125,15.3200892857143
0.172734375,22.3200892857143
0.1727734375,27.3200892857143
0.1728125,29.3200892857143
0.1728515625,32.3200892857143
0.172890625,33.3200892857143
0.1729296875,34.3200892857143
0.17296875,35.3200892857143
0.1730078125,33.3200892857143
0.173046875,30.3200892857143
0.1730859375,25.3200892857143
0.173125,22.3200892857143
0.1731640625,18.3200892857143
0.173203125,13.3200892857143
0.1732421875,5.32008928571429
0.17328125,-3.67991071428571
0.1733203125,-13.6799107142857
0.173359375,-23.6799107142857
0.1733984375,-35.6799107142857
0.1734375,-46.6799107142857
0.1734765625,-55.6799107142857
0.173515625,-62.6799107142857
0.1735546875,-67.6799107142857
0.17359375,-72.6799107142857
0.1736328125,-75.6799107142857
0.173671875,-76.6799107142857
0.1737109375,-77.6799107142857
0.17375,-74.6799107142857
0.1737890625,-70.6799107142857
0.173828125,-66.6799107142857
0.1738671875,-59.6799107142857
0.17390625,-51.6799107142857
0.1739453125,-42.6799107142857
0.173984375,-35.6799107142857
0.1740234375,-30.6799107142857
0.1740625,-25.6799107142857
0.1741015625,-19.6799107142857
0.174140625,-10.6799107142857
0.1741796875,-0.679910714285711
0.17421875,10.3200892857143
0.1742578125,20.3200892857143
0.174296875,32.3200892857143
0.1743359375,41.3200892857143
0.174375,48.3200892857143
0.1744140625,54.3200892857143
0.174453125,63.3200892857143
0.1744921875,72.3200892857143
0.17453125,78.3200892857143
0.1745703125,82.3200892857143
0.174609375,84.3200892857143
0.1746484375,81.3200892857143
0.1746875,76.3200892857143
0.1747265625,70.3200892857143
0.174765625,64.3200892857143
0.1748046875,57.3200892857143
0.17484375,50.3200892857143
0.1748828125,44.3200892857143
0.174921875,37.3200892857143
0.1749609375,30.3200892857143
0.175,23.3200892857143
0.1750390625,17.3200892857143
0.175078125,10.3200892857143
0.1751171875,6.32008928571429
0.17515625,2.32008928571429
0.1751953125,-3.67991071428571
0.175234375,-8.67991071428571
0.1752734375,-15.6799107142857
0.1753125,-23.6799107142857
0.1753515625,-32.6799107142857
0.175390625,-41.6799107142857
0.1754296875,-45.6799107142857
0.17546875,-44.6799107142857
0.1755078125,-44.6799107142857
0.175546875,-42.6799107142857
0.1755859375,-40.6799107142857
0.175625,-40.6799107142857
0.1756640625,-39.6799107142857
0.175703125,-40.6799107142857
0.1757421875,-42.6799107142857
0.17578125,-42.6799107142857
0.1758203125,-40.6799107142857
0.175859375,-37.6799107142857
0.1758984375,-34.6799107142857
0.1759375,-31.6799107142857
0.1759765625,-28.6799107142857
0.176015625,-23.6799107142857
0.1760546875,-15.6799107142857
0.17609375,-5.67991071428571
0.1761328125,6.32008928571429
0.176171875,16.3200892857143
0.1762109375,25.3200892857143
0.17625,34.3200892857143
0.1762890625,38.3200892857143
0.176328125,41.3200892857143
0.1763671875,44.3200892857143
0.17640625,44.3200892857143
0.1764453125,42.3200892857143
0.176484375,43.3200892857143
0.1765234375,43.3200892857143
0.1765625,42.3200892857143
0.1766015625,41.3200892857143
0.176640625,38.3200892857143
0.1766796875,35.3200892857143
0.17671875,33.3200892857143
0.1767578125,31.3200892857143
0.176796875,30.3200892857143
0.1768359375,27.3200892857143
0.176875,23.3200892857143
0.1769140625,18.3200892857143
0.176953125,10.3200892857143
0.1769921875,-0.679910714285711
0.17703125,-11.6799107142857
0.1770703125,-19.6799107142857
0.177109375,-26.6799107142857
0.1771484375,-32.6799107142857
0.1771875,-38.6799107142857
0.1772265625,-45.6799107142857
0.177265625,-52.6799107142857
0.1773046875,-58.6799107142857
0.17734375,-62.6799107142857
0.1773828125,-65.6799107142857
0.177421875,-68.6799107142857
0.1774609375,-67.6799107142857
0.1775,-65.6799107142857
0.1775390625,-62.6799107142857
0.177578125,-58.6799107142857
0.1776171875,-53.6799107142857
0.17765625,-46.6799107142857
0.1776953125,-39.6799107142857
0.177734375,-28.6799107142857
0.1777734375,-15.6799107142857
0.1778125,-2.67991071428571
0.1778515625,12.3200892857143
0.177890625,27.3200892857143
0.1779296875,40.3200892857143
0.17796875,51.3200892857143
0.1780078125,61.3200892857143
0.178046875,70.3200892857143
0.1780859375,80.3200892857143
0.178125,87.3200892857143
0.1781640625,93.3200892857143
0.178203125,96.3200892857143
0.1782421875,94.3200892857143
0.17828125,88.3200892857143
0.1783203125,78.3200892857143
0.178359375,68.3200892857143
0.1783984375,56.3200892857143
0.1784375,42.3200892857143
0.1784765625,28.3200892857143
0.178515625,14.3200892857143
0.1785546875,1.32008928571429
0.17859375,-10.6799107142857
0.1786328125,-20.6799107142857
0.178671875,-30.6799107142857
0.1787109375,-36.6799107142857
0.17875,-41.6799107142857
0.1787890625,-43.6799107142857
0.178828125,-44.6799107142857
0.1788671875,-48.6799107142857
0.17890625,-52.6799107142857
0.1789453125,-55.6799107142857
0.178984375,-58.6799107142857
0.1790234375,-61.6799107142857
0.1790625,-62.6799107142857
0.1791015625,-61.6799107142857
0.179140625,-59.6799107142857
0.1791796875,-55.6799107142857
0.17921875,-52.6799107142857
0.1792578125,-48.6799107142857
0.179296875,-42.6799107142857
0.1793359375,-32.6799107142857
0.179375,-22.6799107142857
0.1794140625,-12.6799107142857
0.179453125,-3.67991071428571
0.1794921875,5.32008928571429
0.17953125,13.3200892857143
0.1795703125,19.3200892857143
0.179609375,25.3200892857143
0.1796484375,31.3200892857143
0.1796875,39.3200892857143
0.1797265625,48.3200892857143
0.179765625,56.3200892857143
0.1798046875,62.3200892857143
0.17984375,63.3200892857143
0.1798828125,61.3200892857143
0.179921875,58.3200892857143
0.1799609375,52.3200892857143
0.18,46.3200892857143
0.1800390625,40.3200892857143
0.180078125,33.3200892857143
0.1801171875,25.3200892857143
0.18015625,18.3200892857143
0.1801953125,7.32008928571429
0.180234375,-0.679910714285711
0.1802734375,-12.6799107142857
0.1803125,-19.6799107142857
0.1803515625,-25.6799107142857
0.180390625,-29.6799107142857
0.1804296875,-33.6799107142857
0.18046875,-37.6799107142857
0.1805078125,-42.6799107142857
0.180546875,-46.6799107142857
0.1805859375,-49.6799107142857
0.180625,-52.6799107142857
0.1806640625,-53.6799107142857
0.180703125,-52.6799107142857
0.1807421875,-48.6799107142857
0.18078125,-42.6799107142857
0.1808203125,-37.6799107142857
0.180859375,-32.6799107142857
0.1808984375,-29.6799107142857
0.1809375,-23.6799107142857
0.1809765625,-14.6799107142857
0.181015625,-15.6799107142857
0.1810546875,-73.6799107142857
0.18109375,-100.679910714286
0.1811328125,-54.6799107142857
0.181171875,-1.67991071428571
0.1812109375,34.3200892857143
0.18125,56.3200892857143
0.1812890625,58.3200892857143
0.181328125,64.3200892857143
0.1813671875,58.3200892857143
0.18140625,32.3200892857143
0.1814453125,15.3200892857143
0.181484375,6.32008928571429
0.1815234375,-9.67991071428571
0.1815625,-44.6799107142857
0.1816015625,-74.6799107142857
0.181640625,-83.6799107142857
0.1816796875,-90.6799107142857
0.18171875,-104.679910714286
0.1817578125,-116.679910714286
0.181796875,-120.679910714286
0.1818359375,-110.679910714286
0.181875,-95.6799107142857
0.1819140625,-71.6799107142857
0.181953125,-32.6799107142857
0.1819921875,27.3200892857143
0.18203125,107.320089285714
0.1820703125,204.320089285714
0.182109375,304.320089285714
0.1821484375,392.320089285714
0.1821875,457.320089285714
0.1822265625,494.320089285714
0.182265625,494.320089285714
0.1823046875,494.320089285714
0.18234375,494.320089285714
0.1823828125,457.320089285714
0.182421875,398.320089285714
0.1824609375,315.320089285714
0.1825,222.320089285714
0.1825390625,130.320089285714
0.182578125,42.3200892857143
0.1826171875,-45.6799107142857
0.18265625,-120.679910714286
0.1826953125,-175.679910714286
0.182734375,-219.679910714286
0.1827734375,-259.679910714286
0.1828125,-292.679910714286
0.1828515625,-316.679910714286
0.182890625,-338.679910714286
0.1829296875,-357.679910714286
0.18296875,-368.679910714286
0.1830078125,-371.679910714286
0.183046875,-370.679910714286
0.1830859375,-366.679910714286
0.183125,-356.679910714286
0.1831640625,-338.679910714286
0.183203125,-318.679910714286
0.1832421875,-292.679910714286
0.18328125,-263.679910714286
0.1833203125,-234.679910714286
0.183359375,-208.679910714286
0.1833984375,-178.679910714286
0.1834375,-147.679910714286
0.1834765625,-111.679910714286
0.183515625,-75.6799107142857
0.1835546875,-40.6799107142857
0.18359375,-4.67991071428571
0.1836328125,33.3200892857143
0.183671875,67.3200892857143
0.1837109375,96.3200892857143
0.18375,119.320089285714
0.1837890625,135.320089285714
0.183828125,145.320089285714
0.1838671875,146.320089285714
0.18390625,145.320089285714
0.1839453125,136.320089285714
0.183984375,122.320089285714
0.1840234375,107.320089285714
0.1840625,91.3200892857143
0.1841015625,68.3200892857143
0.184140625,41.3200892857143
0.1841796875,15.3200892857143
0.18421875,-8.67991071428571
0.1842578125,-29.6799107142857
0.184296875,-41.6799107142857
0.1843359375,-42.6799107142857
0.184375,-31.6799107142857
0.1844140625,-14.6799107142857
0.184453125,-22.6799107142857
0.1844921875,-7.67991071428571
0.18453125,27.3200892857143
0.1845703125,49.3200892857143
0.184609375,71.3200892857143
0.1846484375,98.3200892857143
0.1846875,114.320089285714
0.1847265625,131.320089285714
0.184765625,142.320089285714
0.1848046875,146.320089285714
0.18484375,155.320089285714
0.1848828125,164.320089285714
0.184921875,172.320089285714
0.1849609375,179.320089285714
0.185,182.320089285714
0.1850390625,186.320089285714
0.185078125,184.320089285714
0.1851171875,175.320089285714
0.18515625,165.320089285714
0.1851953125,153.320089285714
0.185234375,139.320089285714
0.1852734375,125.320089285714
0.1853125,107.320089285714
0.1853515625,84.3200892857143
0.185390625,62.3200892857143
0.1854296875,39.3200892857143
0.18546875,17.3200892857143
0.1855078125,-3.67991071428571
0.185546875,-22.6799107142857
0.1855859375,-42.6799107142857
0.185625,-59.6799107142857
0.1856640625,-74.6799107142857
0.185703125,-90.6799107142857
0.1857421875,-104.679910714286
0.18578125,-115.679910714286
0.1858203125,-127.679910714286
0.185859375,-137.679910714286
0.1858984375,-142.679910714286
0.1859375,-144.679910714286
0.1859765625,-146.679910714286
0.186015625,-149.679910714286
0.1860546875,-149.679910714286
0.18609375,-144.679910714286
0.1861328125,-138.679910714286
0.186171875,-131.679910714286
0.1862109375,-118.679910714286
0.18625,-105.679910714286
0.1862890625,-93.6799107142857
0.186328125,-80.6799107142857
0.1863671875,-66.6799107142857
0.18640625,-52.6799107142857
0.1864453125,-37.6799107142857
0.186484375,-21.6799107142857
0.1865234375,-3.67991071428571
0.1865625,16.3200892857143
0.1866015625,35.3200892857143
0.186640625,49.3200892857143
0.1866796875,60.3200892857143
0.18671875,66.3200892857143
0.1867578125,67.3200892857143
0.186796875,63.3200892857143
0.1868359375,55.3200892857143
0.186875,46.3200892857143
0.1869140625,36.3200892857143
0.186953125,23.3200892857143
0.1869921875,8.32008928571429
0.18703125,-4.67991071428571
0.1870703125,-21.6799107142857
0.187109375,-37.6799107142857
0.1871484375,-50.6799107142857
0.1871875,-62.6799107142857
0.1872265625,-69.6799107142857
0.187265625,-74.6799107142857
0.1873046875,-77.6799107142857
0.18734375,-79.6799107142857
0.1873828125,-80.6799107142857
0.187421875,-77.6799107142857
0.1874609375,-72.6799107142857
0.1875,-65.6799107142857
0.1875390625,-55.6799107142857
0.187578125,-46.6799107142857
0.1876171875,-35.6799107142857
0.18765625,-25.6799107142857
0.1876953125,-15.6799107142857
0.187734375,-5.67991071428571
0.1877734375,3.32008928571429
0.1878125,13.3200892857143
0.1878515625,21.3200892857143
0.187890625,30.3200892857143
0.1879296875,38.3200892857143
0.18796875,48.3200892857143
0.1880078125,54.3200892857143
0.188046875,58.3200892857143
0.1880859375,61.3200892857143
0.188125,64.3200892857143
0.1881640625,67.3200892857143
0.188203125,70.3200892857143
0.1882421875,72.3200892857143
0.18828125,75.3200892857143
0.1883203125,76.3200892857143
0.188359375,79.3200892857143
0.1883984375,79.3200892857143
0.1884375,78.3200892857143
0.1884765625,77.3200892857143
0.188515625,74.3200892857143
0.1885546875,71.3200892857143
0.18859375,66.3200892857143
0.1886328125,59.3200892857143
0.188671875,51.3200892857143
0.1887109375,41.3200892857143
0.18875,32.3200892857143
0.1887890625,23.3200892857143
0.188828125,15.3200892857143
0.1888671875,7.32008928571429
0.18890625,0.320089285714289
0.1889453125,-7.67991071428571
0.188984375,-14.6799107142857
0.1890234375,-19.6799107142857
0.1890625,-26.6799107142857
0.1891015625,-29.6799107142857
0.189140625,-29.6799107142857
0.1891796875,-26.6799107142857
0.18921875,-22.6799107142857
0.1892578125,-20.6799107142857
0.189296875,-18.6799107142857
0.1893359375,-19.6799107142857
0.189375,-20.6799107142857
0.1894140625,-21.6799107142857
0.189453125,-23.6799107142857
0.1894921875,-22.6799107142857
0.18953125,-21.6799107142857
0.1895703125,-18.6799107142857
0.189609375,-17.6799107142857
0.1896484375,-14.6799107142857
0.1896875,-8.67991071428571
0.1897265625,-3.67991071428571
0.189765625,4.32008928571429
0.1898046875,10.3200892857143
0.18984375,15.3200892857143
0.1898828125,18.3200892857143
0.189921875,18.3200892857143
0.1899609375,17.3200892857143
0.19,15.3200892857143
0.1900390625,11.3200892857143
0.190078125,8.32008928571429
0.1901171875,4.32008928571429
0.19015625,2.32008928571429
0.1901953125,2.32008928571429
0.190234375,1.32008928571429
0.1902734375,-0.679910714285711
0.1903125,-5.67991071428571
0.1903515625,-9.67991071428571
0.190390625,-13.6799107142857
0.1904296875,-16.6799107142857
0.19046875,-18.6799107142857
0.1905078125,-20.6799107142857
0.190546875,-21.6799107142857
0.1905859375,-23.6799107142857
0.190625,-26.6799107142857
0.1906640625,-29.6799107142857
0.190703125,-33.6799107142857
0.1907421875,-36.6799107142857
0.19078125,-36.6799107142857
0.1908203125,-35.6799107142857
0.190859375,-32.6799107142857
0.1908984375,-31.6799107142857
0.1909375,-29.6799107142857
0.1909765625,-28.6799107142857
0.191015625,-28.6799107142857
0.1910546875,-28.6799107142857
0.19109375,-26.6799107142857
0.1911328125,-23.6799107142857
0.191171875,-18.6799107142857
0.1912109375,-12.6799107142857
0.19125,-7.67991071428571
0.1912890625,-1.67991071428571
0.191328125,5.32008928571429
0.1913671875,12.3200892857143
0.19140625,18.3200892857143
0.1914453125,24.3200892857143
0.191484375,31.3200892857143
0.1915234375,38.3200892857143
0.1915625,43.3200892857143
0.1916015625,45.3200892857143
0.191640625,46.3200892857143
0.1916796875,44.3200892857143
0.19171875,44.3200892857143
0.1917578125,43.3200892857143
0.191796875,39.3200892857143
0.1918359375,36.3200892857143
0.191875,33.3200892857143
0.1919140625,29.3200892857143
0.191953125,24.3200892857143
0.1919921875,17.3200892857143
0.19203125,12.3200892857143
0.1920703125,9.32008928571429
0.192109375,8.32008928571429
0.1921484375,8.32008928571429
0.1921875,6.32008928571429
0.1922265625,3.32008928571429
0.192265625,1.32008928571429
0.1923046875,-1.67991071428571
0.19234375,-4.67991071428571
0.1923828125,-6.67991071428571
0.192421875,-7.67991071428571
0.1924609375,-7.67991071428571
0.1925,-9.67991071428571
0.1925390625,-12.6799107142857
0.192578125,-16.6799107142857
0.1926171875,-22.6799107142857
0.19265625,-25.6799107142857
0.1926953125,-26.6799107142857
0.192734375,-26.6799107142857
0.1927734375,-25.6799107142857
0.1928125,-25.6799107142857
0.1928515625,-24.6799107142857
0.192890625,-25.6799107142857
0.1929296875,-22.6799107142857
0.19296875,-20.6799107142857
0.1930078125,-17.6799107142857
0.193046875,-14.6799107142857
0.1930859375,-10.6799107142857
0.193125,-6.67991071428571
0.1931640625,-4.67991071428571
0.193203125,-1.67991071428571
0.1932421875,1.32008928571429
0.19328125,2.32008928571429
0.1933203125,1.32008928571429
0.193359375,1.32008928571429
0.1933984375,3.32008928571429
0.1934375,8.32008928571429
0.1934765625,11.3200892857143
0.193515625,13.3200892857143
0.1935546875,13.3200892857143
0.19359375,12.3200892857143
0.1936328125,11.3200892857143
0.193671875,12.3200892857143
0.1937109375,14.3200892857143
0.19375,16.3200892857143
0.1937890625,17.3200892857143
0.193828125,18.3200892857143
0.1938671875,16.3200892857143
0.19390625,15.3200892857143
0.1939453125,12.3200892857143
0.193984375,9.32008928571429
0.1940234375,6.32008928571429
0.1940625,3.32008928571429
0.1941015625,-1.67991071428571
0.194140625,-7.67991071428571
0.1941796875,-13.6799107142857
0.19421875,-20.6799107142857
0.1942578125,-26.6799107142857
0.194296875,-34.6799107142857
0.1943359375,-36.6799107142857
0.194375,-40.6799107142857
0.1944140625,-40.6799107142857
0.194453125,-39.6799107142857
0.1944921875,-37.6799107142857
0.19453125,-33.6799107142857
0.1945703125,-29.6799107142857
0.194609375,-23.6799107142857
0.1946484375,-15.6799107142857
0.1946875,-5.67991071428571
0.1947265625,4.32008928571429
0.194765625,13.3200892857143
0.1948046875,21.3200892857143
0.19484375,26.3200892857143
0.1948828125,31.3200892857143
0.194921875,34.3200892857143
0.1949609375,38.3200892857143
0.195,42.3200892857143
0.1950390625,46.3200892857143
0.195078125,50.3200892857143
0.1951171875,50.3200892857143
0.19515625,48.3200892857143
0.1951953125,43.3200892857143
0.195234375,37.3200892857143
0.1952734375,31.3200892857143
0.1953125,26.3200892857143
0.1953515625,22.3200892857143
0.195390625,19.3200892857143
0.1954296875,16.3200892857143
0.19546875,14.3200892857143
0.1955078125,12.3200892857143
0.195546875,8.32008928571429
0.1955859375,2.32008928571429
0.195625,-2.67991071428571
0.1956640625,-6.67991071428571
0.195703125,-9.67991071428571
0.1957421875,-12.6799107142857
0.19578125,-17.6799107142857
0.1958203125,-22.6799107142857
0.195859375,-27.6799107142857
0.1958984375,-30.6799107142857
0.1959375,-31.6799107142857
0.1959765625,-32.6799107142857
0.196015625,-31.6799107142857
0.1960546875,-32.6799107142857
0.19609375,-30.6799107142857
0.1961328125,-30.6799107142857
0.196171875,-29.6799107142857
0.1962109375,-27.6799107142857
0.19625,-26.6799107142857
0.1962890625,-23.6799107142857
0.196328125,-19.6799107142857
0.1963671875,-15.6799107142857
0.19640625,-9.67991071428571
0.1964453125,-4.67991071428571
0.196484375,-1.67991071428571
0.1965234375,0.320089285714289
0.1965625,3.32008928571429
0.1966015625,7.32008928571429
0.196640625,12.3200892857143
0.1966796875,18.3200892857143
0.19671875,22.3200892857143
0.1967578125,25.3200892857143
0.196796875,26.3200892857143
0.1968359375,23.3200892857143
0.196875,20.3200892857143
0.1969140625,18.3200892857143
0.196953125,17.3200892857143
0.1969921875,17.3200892857143
0.19703125,18.3200892857143
0.1970703125,17.3200892857143
0.197109375,17.3200892857143
0.1971484375,15.3200892857143
0.1971875,12.3200892857143
0.1972265625,8.32008928571429
0.197265625,5.32008928571429
0.1973046875,2.32008928571429
0.19734375,-2.67991071428571
0.1973828125,-8.67991071428571
0.197421875,-15.6799107142857
0.1974609375,-23.6799107142857
0.1975,-30.6799107142857
0.1975390625,-35.6799107142857
0.197578125,-36.6799107142857
0.1976171875,-35.6799107142857
0.19765625,-33.6799107142857
0.1976953125,-29.6799107142857
0.197734375,-26.6799107142857
0.1977734375,-23.6799107142857
0.1978125,-22.6799107142857
0.1978515625,-19.6799107142857
0.197890625,-15.6799107142857
0.1979296875,-12.6799107142857
0.19796875,-9.67991071428571
0.1980078125,-17.6799107142857
0.198046875,-37.6799107142857
0.1980859375,-60.6799107142857
0.198125,-57.6799107142857
0.1981640625,-24.6799107142857
0.198203125,7.32008928571429
0.1982421875,16.3200892857143
0.19828125,13.3200892857143
0.1983203125,11.3200892857143
0.198359375,11.3200892857143
0.1983984375,7.32008928571429
0.1984375,-6.67991071428571
0.1984765625,-29.6799107142857
0.198515625,-51.6799107142857
0.1985546875,-75.6799107142857
0.19859375,-100.679910714286
0.1986328125,-139.679910714286
0.198671875,-195.679910714286
0.1987109375,-252.679910714286
0.19875,-302.679910714286
0.1987890625,-341.679910714286
0.198828125,-359.679910714286
0.1988671875,-339.679910714286
0.19890625,-261.679910714286
0.1989453125,-112.679910714286
0.198984375,98.3200892857143
0.1990234375,341.320089285714
0.1990625,494.320089285714
0.1991015625,494.320089285714
0.199140625,494.320089285714
0.1991796875,494.320089285714
0.19921875,494.320089285714
0.1992578125,494.320089285714
0.199296875,494.320089285714
0.1993359375,494.320089285714
0.199375,494.320089285714
0.1994140625,494.320089285714
0.199453125,483.320089285714
0.1994921875,278.320089285714
0.19953125,92.3200892857143
0.1995703125,-62.6799107142857
0.199609375,-187.679910714286
0.1996484375,-281.679910714286
0.1996875,-342.679910714286
0.1997265625,-373.679910714286
0.199765625,-381.679910714286
0.1998046875,-374.679910714286
0.19984375,-358.679910714286
0.1998828125,-341.679910714286
0.199921875,-319.679910714286
0.1999609375,-292.679910714286
0.2,-271.679910714286
0.2000390625,-266.679910714286
0.200078125,-280.679910714286
0.2001171875,-308.679910714286
0.20015625,-340.679910714286
0.2001953125,-365.679910714286
0.200234375,-377.679910714286
0.2002734375,-379.679910714286
0.2003125,-371.679910714286
0.2003515625,-355.679910714286
0.200390625,-330.679910714286
0.2004296875,-290.679910714286
0.20046875,-238.679910714286
0.2005078125,-177.679910714286
0.200546875,-110.679910714286
0.2005859375,-37.6799107142857
0.200625,43.3200892857143
0.2006640625,122.320089285714
0.200703125,195.320089285714
0.2007421875,255.320089285714
0.20078125,300.320089285714
0.2008203125,327.320089285714
0.200859375,332.320089285714
0.2008984375,314.320089285714
0.2009375,297.320089285714
0.2009765625,280.320089285714
0.201015625,254.320089285714
0.2010546875,207.320089285714
0.20109375,160.320089285714
0.2011328125,137.320089285714
0.201171875,125.320089285714
0.2012109375,107.320089285714
0.20125,93.3200892857143
0.2012890625,93.3200892857143
0.201328125,110.320089285714
0.2013671875,141.320089285714
0.20140625,176.320089285714
0.2014453125,205.320089285714
0.201484375,228.320089285714
0.2015234375,250.320089285714
0.2015625,266.320089285714
0.2016015625,252.320089285714
0.201640625,213.320089285714
0.2016796875,165.320089285714
0.20171875,108.320089285714
0.2017578125,49.3200892857143
0.201796875,-4.67991071428571
0.2018359375,-59.6799107142857
0.201875,-108.679910714286
0.2019140625,-138.679910714286
0.201953125,-152.679910714286
0.2019921875,-163.679910714286
0.20203125,-166.679910714286
0.2020703125,-159.679910714286
0.202109375,-130.679910714286
0.2021484375,-92.6799107142857
0.2021875,-58.6799107142857
0.2022265625,-24.6799107142857
0.202265625,11.3200892857143
0.2023046875,49.3200892857143
0.20234375,80.3200892857143
0.2023828125,101.320089285714
0.202421875,109.320089285714
0.2024609375,111.320089285714
0.2025,110.320089285714
0.2025390625,100.320089285714
0.202578125,78.3200892857143
0.2026171875,49.3200892857143
0.20265625,17.3200892857143
0.2026953125,-13.6799107142857
0.202734375,-42.6799107142857
0.2027734375,-66.6799107142857
0.2028125,-86.6799107142857
0.2028515625,-102.679910714286
0.202890625,-113.679910714286
0.2029296875,-122.679910714286
0.20296875,-130.679910714286
0.2030078125,-134.679910714286
0.203046875,-137.679910714286
0.2030859375,-136.679910714286
0.203125,-137.679910714286
0.2031640625,-138.679910714286
0.203203125,-133.679910714286
0.2032421875,-124.679910714286
0.20328125,-114.679910714286
0.2033203125,-105.679910714286
0.203359375,-94.6799107142857
0.2033984375,-82.6799107142857
0.2034375,-67.6799107142857
0.2034765625,-50.6799107142857
0.203515625,-33.6799107142857
0.2035546875,-16.6799107142857
0.20359375,-0.679910714285711
0.2036328125,14.3200892857143
0.203671875,27.3200892857143
0.2037109375,36.3200892857143
0.20375,46.3200892857143
0.2037890625,58.3200892857143
0.203828125,69.3200892857143
0.2038671875,77.3200892857143
0.20390625,77.3200892857143
0.2039453125,72.3200892857143
0.203984375,62.3200892857143
0.2040234375,48.3200892857143
0.2040625,27.3200892857143
0.2041015625,8.32008928571429
0.204140625,-10.6799107142857
0.2041796875,-28.6799107142857
0.20421875,-45.6799107142857
0.2042578125,-59.6799107142857
0.204296875,-70.6799107142857
0.2043359375,-75.6799107142857
0.204375,-74.6799107142857
0.2044140625,-65.6799107142857
0.204453125,-55.6799107142857
0.2044921875,-41.6799107142857
0.20453125,-27.6799107142857
0.2045703125,-12.6799107142857
0.204609375,-0.679910714285711
0.2046484375,10.3200892857143
0.2046875,19.3200892857143
0.2047265625,28.3200892857143
0.204765625,37.3200892857143
0.2048046875,41.3200892857143
0.20484375,42.3200892857143
0.2048828125,40.3200892857143
0.204921875,34.3200892857143
0.2049609375,25.3200892857143
0.205,15.3200892857143
0.2050390625,8.32008928571429
0.205078125,4.32008928571429
0.2051171875,2.32008928571429
0.20515625,3.32008928571429
0.2051953125,7.32008928571429
0.205234375,16.3200892857143
0.2052734375,26.3200892857143
0.2053125,37.3200892857143
0.2053515625,47.3200892857143
0.205390625,55.3200892857143
0.2054296875,64.3200892857143
0.20546875,70.3200892857143
0.2055078125,77.3200892857143
0.205546875,83.3200892857143
0.2055859375,86.3200892857143
0.205625,87.3200892857143
0.2056640625,86.3200892857143
0.205703125,84.3200892857143
0.2057421875,81.3200892857143
0.20578125,76.3200892857143
0.2058203125,70.3200892857143
0.205859375,62.3200892857143
0.2058984375,53.3200892857143
0.2059375,42.3200892857143
0.2059765625,28.3200892857143
0.206015625,16.3200892857143
0.2060546875,4.32008928571429
0.20609375,-6.67991071428571
0.2061328125,-16.6799107142857
0.206171875,-25.6799107142857
0.2062109375,-36.6799107142857
0.20625,-46.6799107142857
0.2062890625,-57.6799107142857
0.206328125,-68.6799107142857
0.2063671875,-73.6799107142857
0.20640625,-75.6799107142857
0.2064453125,-73.6799107142857
0.206484375,-69.6799107142857
0.2065234375,-62.6799107142857
0.2065625,-54.6799107142857
0.2066015625,-46.6799107142857
0.206640625,-36.6799107142857
0.2066796875,-25.6799107142857
0.20671875,-11.6799107142857
0.2067578125,2.32008928571429
0.206796875,15.3200892857143
0.2068359375,24.3200892857143
0.206875,31.3200892857143
0.2069140625,35.3200892857143
0.206953125,38.3200892857143
0.2069921875,39.3200892857143
0.20703125,38.3200892857143
0.2070703125,37.3200892857143
0.207109375,33.3200892857143
0.2071484375,27.3200892857143
0.2071875,17.3200892857143
0.2072265625,4.32008928571429
0.207265625,-7.67991071428571
0.2073046875,-19.6799107142857
0.20734375,-28.6799107142857
0.2073828125,-35.6799107142857
0.207421875,-42.6799107142857
0.2074609375,-49.6799107142857
0.2075,-51.6799107142857
0.2075390625,-45.6799107142857
0.207578125,-41.6799107142857
0.2076171875,-38.6799107142857
0.20765625,-36.6799107142857
0.2076953125,-33.6799107142857
0.207734375,-30.6799107142857
0.2077734375,-27.6799107142857
0.2078125,-27.6799107142857
0.2078515625,-28.6799107142857
0.207890625,-27.6799107142857
0.2079296875,-28.6799107142857
0.20796875,-30.6799107142857
0.2080078125,-29.6799107142857
0.208046875,-25.6799107142857
0.2080859375,-22.6799107142857
0.208125,-20.6799107142857
0.2081640625,-20.6799107142857
0.208203125,-15.6799107142857
0.2082421875,-9.67991071428571
0.20828125,-4.67991071428571
0.2083203125,2.32008928571429
0.208359375,11.3200892857143
0.2083984375,17.3200892857143
0.2084375,25.3200892857143
0.2084765625,32.3200892857143
0.208515625,39.3200892857143
0.2085546875,43.3200892857143
0.20859375,42.3200892857143
0.2086328125,39.3200892857143
0.208671875,39.3200892857143
0.2087109375,40.3200892857143
0.20875,42.3200892857143
0.2087890625,41.3200892857143
0.208828125,39.3200892857143
0.2088671875,36.3200892857143
0.20890625,33.3200892857143
0.2089453125,30.3200892857143
0.208984375,29.3200892857143
0.2090234375,27.3200892857143
0.2090625,26.3200892857143
0.2091015625,23.3200892857143
0.209140625,18.3200892857143
0.2091796875,12.3200892857143
0.20921875,4.32008928571429
0.2092578125,-3.67991071428571
0.209296875,-11.6799107142857
0.2093359375,-18.6799107142857
0.209375,-25.6799107142857
0.2094140625,-31.6799107142857
0.209453125,-37.6799107142857
0.2094921875,-42.6799107142857
0.20953125,-47.6799107142857
0.2095703125,-50.6799107142857
0.209609375,-50.6799107142857
0.2096484375,-45.6799107142857
0.2096875,-39.6799107142857
0.2097265625,-31.6799107142857
0.209765625,-23.6799107142857
0.2098046875,-15.6799107142857
0.20984375,-11.6799107142857
0.2098828125,-5.67991071428571
0.209921875,0.320089285714289
0.2099609375,6.32008928571429
0.21,11.3200892857143
0.2100390625,16.3200892857143
0.210078125,21.3200892857143
0.2101171875,25.3200892857143
0.21015625,27.3200892857143
0.2101953125,30.3200892857143
0.210234375,32.3200892857143
0.2102734375,34.3200892857143
0.2103125,33.3200892857143
0.2103515625,33.3200892857143
0.210390625,30.3200892857143
0.2104296875,26.3200892857143
0.21046875,22.3200892857143
0.2105078125,19.3200892857143
0.210546875,16.3200892857143
0.2105859375,14.3200892857143
0.210625,15.3200892857143
0.2106640625,18.3200892857143
0.210703125,21.3200892857143
0.2107421875,22.3200892857143
0.21078125,21.3200892857143
0.2108203125,18.3200892857143
0.210859375,14.3200892857143
0.2108984375,11.3200892857143
0.2109375,7.32008928571429
0.2109765625,2.32008928571429
0.211015625,-4.67991071428571
0.2110546875,-10.6799107142857
0.21109375,-18.6799107142857
0.2111328125,-28.6799107142857
0.211171875,-37.6799107142857
0.2112109375,-42.6799107142857
0.21125,-47.6799107142857
0.2112890625,-47.6799107142857
0.211328125,-47.6799107142857
0.2113671875,-47.6799107142857
0.21140625,-46.6799107142857
0.2114453125,-45.6799107142857
0.211484375,-46.6799107142857
0.2115234375,-43.6799107142857
0.2115625,-39.6799107142857
0.2116015625,-34.6799107142857
0.211640625,-28.6799107142857
0.2116796875,-21.6799107142857
0.21171875,-14.6799107142857
0.2117578125,-7.67991071428571
0.211796875,-2.67991071428571
0.2118359375,5.32008928571429
0.211875,11.3200892857143
0.2119140625,17.3200892857143
0.211953125,27.3200892857143
0.2119921875,35.3200892857143
0.21203125,43.3200892857143
0.2120703125,50.3200892857143
0.212109375,52.3200892857143
0.2121484375,53.3200892857143
0.2121875,54.3200892857143
0.2122265625,55.3200892857143
0.212265625,56.3200892857143
0.2123046875,54.3200892857143
0.21234375,51.3200892857143
0.2123828125,47.3200892857143
0.212421875,41.3200892857143
0.2124609375,34.3200892857143
0.2125,22.3200892857143
0.2125390625,9.32008928571429
0.212578125,0.320089285714289
0.2126171875,-6.67991071428571
0.21265625,-13.6799107142857
0.2126953125,-19.6799107142857
0.212734375,-27.6799107142857
0.2127734375,-35.6799107142857
0.2128125,-39.6799107142857
0.2128515625,-46.6799107142857
0.212890625,-48.6799107142857
0.2129296875,-45.6799107142857
0.21296875,-45.6799107142857
0.2130078125,-42.6799107142857
0.213046875,-36.6799107142857
0.2130859375,-33.6799107142857
0.213125,-30.6799107142857
0.2131640625,-25.6799107142857
0.213203125,-19.6799107142857
0.2132421875,-12.6799107142857
0.21328125,-8.67991071428571
0.2133203125,-3.67991071428571
0.213359375,1.32008928571429
0.2133984375,2.32008928571429
0.2134375,1.32008928571429
0.2134765625,1.32008928571429
0.213515625,4.32008928571429
0.2135546875,7.32008928571429
0.21359375,9.32008928571429
0.2136328125,14.3200892857143
0.213671875,22.3200892857143
0.2137109375,27.3200892857143
0.21375,30.3200892857143
0.2137890625,33.3200892857143
0.213828125,33.3200892857143
0.2138671875,36.3200892857143
0.21390625,41.3200892857143
0.2139453125,44.3200892857143
0.213984375,40.3200892857143
0.2140234375,36.3200892857143
0.2140625,29.3200892857143
0.2141015625,22.3200892857143
0.214140625,15.3200892857143
0.2141796875,5.32008928571429
0.21421875,-3.67991071428571
0.2142578125,-11.6799107142857
0.214296875,-15.6799107142857
0.2143359375,-20.6799107142857
0.214375,-27.6799107142857
0.2144140625,-33.6799107142857
0.214453125,-38.6799107142857
0.2144921875,-39.6799107142857
0.21453125,-41.6799107142857
0.2145703125,-42.6799107142857
0.214609375,-44.6799107142857
0.2146484375,-44.6799107142857
0.2146875,-42.6799107142857
0.2147265625,-44.6799107142857
0.214765625,-82.6799107142857
0.2148046875,-90.6799107142857
0.21484375,-64.6799107142857
0.2148828125,-40.6799107142857
0.214921875,-24.6799107142857
0.2149609375,-13.6799107142857
0.215,-5.67991071428571
0.2150390625,4.32008928571429
0.215078125,6.32008928571429
0.2151171875,-0.679910714285711
0.21515625,-5.67991071428571
0.2151953125,-10.6799107142857
0.215234375,-14.6799107142857
0.2152734375,-13.6799107142857
0.2153125,-10.6799107142857
0.2153515625,-6.67991071428571
0.215390625,-4.67991071428571
0.2154296875,-3.67991071428571
0.21546875,-5.67991071428571
0.2155078125,-6.67991071428571
0.215546875,-1.67991071428571
0.2155859375,3.32008928571429
0.215625,3.32008928571429
0.2156640625,1.32008928571429
0.215703125,2.32008928571429
0.2157421875,14.3200892857143
0.21578125,47.3200892857143
0.2158203125,92.3200892857143
0.215859375,139.320089285714
0.2158984375,187.320089285714
0.2159375,232.320089285714
0.2159765625,269.320089285714
0.216015625,293.320089285714
0.2160546875,295.320089285714
0.21609375,279.320089285714
0.2161328125,249.320089285714
0.216171875,212.320089285714
0.2162109375,166.320089285714
0.21625,116.320089285714
0.2162890625,61.3200892857143
0.216328125,6.32008928571429
0.2163671875,-44.6799107142857
0.21640625,-93.6799107142857
0.2164453125,-135.679910714286
0.216484375,-168.679910714286
0.2165234375,-188.679910714286
0.2165625,-197.679910714286
0.2166015625,-204.679910714286
0.216640625,-204.679910714286
0.2166796875,-194.679910714286
0.21671875,-177.679910714286
0.2167578125,-157.679910714286
0.216796875,-135.679910714286
0.2168359375,-115.679910714286
0.216875,-98.6799107142857
0.2169140625,-84.6799107142857
0.216953125,-75.6799107142857
0.2169921875,-74.6799107142857
0.21703125,-77.6799107142857
0.2170703125,-79.6799107142857
0.217109375,-82.6799107142857
0.2171484375,-79.6799107142857
0.2171875,-73.6799107142857
0.2172265625,-64.6799107142857
0.217265625,-52.6799107142857
0.2173046875,-43.6799107142857
0.21734375,-35.6799107142857
0.2173828125,-26.6799107142857
0.217421875,-18.6799107142857
0.2174609375,-14.6799107142857
0.2175,-7.67991071428571
0.2175390625,-2.67991071428571
0.217578125,-3.67991071428571
0.2176171875,-2.67991071428571
0.21765625,-1.67991071428571
0.2176953125,-5.67991071428571
0.217734375,-9.67991071428571
0.2177734375,-14.6799107142857
0.2178125,-27.6799107142857
0.2178515625,-30.6799107142857
0.217890625,-28.6799107142857
0.2179296875,-25.6799107142857
0.21796875,-18.6799107142857
0.2180078125,-9.67991071428571
0.218046875,-0.679910714285711
0.2180859375,12.3200892857143
0.218125,26.3200892857143
0.2181640625,44.3200892857143
0.218203125,62.3200892857143
0.2182421875,80.3200892857143
0.21828125,96.3200892857143
0.2183203125,112.320089285714
0.218359375,125.320089285714
0.2183984375,136.320089285714
0.2184375,143.320089285714
0.2184765625,147.320089285714
0.218515625,148.320089285714
0.2185546875,143.320089285714
0.21859375,130.320089285714
0.2186328125,112.320089285714
0.218671875,95.3200892857143
0.2187109375,77.3200892857143
0.21875,61.3200892857143
0.2187890625,47.3200892857143
0.218828125,34.3200892857143
0.2188671875,23.3200892857143
0.21890625,13.3200892857143
0.2189453125,6.32008928571429
0.218984375,2.32008928571429
0.2190234375,0.320089285714289
0.2190625,2.32008928571429
0.2191015625,6.32008928571429
0.219140625,12.3200892857143
0.2191796875,20.3200892857143
0.21921875,26.3200892857143
0.2192578125,29.3200892857143
0.219296875,31.3200892857143
0.2193359375,30.3200892857143
0.219375,26.3200892857143
0.2194140625,22.3200892857143
0.219453125,16.3200892857143
0.2194921875,5.32008928571429
0.21953125,-6.67991071428571
0.2195703125,-19.6799107142857
0.219609375,-32.6799107142857
0.2196484375,-42.6799107142857
0.2196875,-50.6799107142857
0.2197265625,-55.6799107142857
0.219765625,-60.6799107142857
0.2198046875,-68.6799107142857
0.21984375,-76.6799107142857
0.2198828125,-81.6799107142857
0.219921875,-86.6799107142857
0.2199609375,-89.6799107142857
0.22,-91.6799107142857
0.2200390625,-89.6799107142857
0.220078125,-84.6799107142857
0.2201171875,-77.6799107142857
0.22015625,-69.6799107142857
0.2201953125,-60.6799107142857
0.220234375,-52.6799107142857
0.2202734375,-43.6799107142857
0.2203125,-35.6799107142857
0.2203515625,-26.6799107142857
0.220390625,-17.6799107142857
0.2204296875,-6.67991071428571
0.22046875,3.32008928571429
0.2205078125,9.32008928571429
0.220546875,13.3200892857143
0.2205859375,16.3200892857143
0.220625,18.3200892857143
0.2206640625,17.3200892857143
0.220703125,17.3200892857143
0.2207421875,16.3200892857143
0.22078125,14.3200892857143
0.2208203125,10.3200892857143
0.220859375,5.32008928571429
0.2208984375,-2.67991071428571
0.2209375,-11.6799107142857
0.2209765625,-18.6799107142857
0.221015625,-22.6799107142857
0.2210546875,-25.6799107142857
0.22109375,-27.6799107142857
0.2211328125,-26.6799107142857
0.221171875,-25.6799107142857
0.2212109375,-23.6799107142857
0.22125,-23.6799107142857
0.2212890625,-22.6799107142857
0.221328125,-20.6799107142857
0.2213671875,-16.6799107142857
0.22140625,-12.6799107142857
0.2214453125,-7.67991071428571
0.221484375,-2.67991071428571
0.2215234375,2.32008928571429
0.2215625,4.32008928571429
0.2216015625,5.32008928571429
0.221640625,6.32008928571429
0.2216796875,10.3200892857143
0.22171875,15.3200892857143
0.2217578125,20.3200892857143
0.221796875,23.3200892857143
0.2218359375,23.3200892857143
0.221875,22.3200892857143
0.2219140625,22.3200892857143
0.221953125,22.3200892857143
0.2219921875,22.3200892857143
0.22203125,23.3200892857143
0.2220703125,24.3200892857143
0.222109375,26.3200892857143
0.2221484375,28.3200892857143
0.2221875,30.3200892857143
0.2222265625,32.3200892857143
0.222265625,32.3200892857143
0.2223046875,32.3200892857143
0.22234375,34.3200892857143
0.2223828125,36.3200892857143
0.222421875,39.3200892857143
0.2224609375,42.3200892857143
0.2225,42.3200892857143
0.2225390625,40.3200892857143
0.222578125,37.3200892857143
0.2226171875,33.3200892857143
0.22265625,30.3200892857143
0.2226953125,26.3200892857143
0.222734375,22.3200892857143
0.2227734375,19.3200892857143
0.2228125,16.3200892857143
0.2228515625,13.3200892857143
0.222890625,9.32008928571429
0.2229296875,4.32008928571429
0.22296875,-0.679910714285711
0.2230078125,-5.67991071428571
0.223046875,-10.6799107142857
0.2230859375,-15.6799107142857
0.223125,-21.6799107142857
0.2231640625,-26.6799107142857
0.223203125,-32.6799107142857
0.2232421875,-34.6799107142857
0.22328125,-35.6799107142857
0.2233203125,-33.6799107142857
0.223359375,-28.6799107142857
0.2233984375,-21.6799107142857
0.2234375,-15.6799107142857
0.2234765625,-8.67991071428571
0.223515625,-3.67991071428571
0.2235546875,1.32008928571429
0.22359375,7.32008928571429
0.2236328125,10.3200892857143
0.223671875,14.3200892857143
0.2237109375,16.3200892857143
0.22375,19.3200892857143
0.2237890625,19.3200892857143
0.223828125,18.3200892857143
0.2238671875,14.3200892857143
0.22390625,8.32008928571429
0.2239453125,4.32008928571429
0.223984375,-0.679910714285711
0.2240234375,-4.67991071428571
0.2240625,-7.67991071428571
0.2241015625,-11.6799107142857
0.224140625,-15.6799107142857
0.2241796875,-19.6799107142857
0.22421875,-22.6799107142857
0.2242578125,-24.6799107142857
0.224296875,-23.6799107142857
0.2243359375,-21.6799107142857
0.224375,-18.6799107142857
0.2244140625,-16.6799107142857
0.224453125,-16.6799107142857
0.2244921875,-16.6799107142857
0.22453125,-19.6799107142857
0.2245703125,-21.6799107142857
0.224609375,-22.6799107142857
0.2246484375,-23.6799107142857
0.2246875,-21.6799107142857
0.2247265625,-19.6799107142857
0.224765625,-16.6799107142857
0.2248046875,-15.6799107142857
0.22484375,-13.6799107142857
0.2248828125,-13.6799107142857
0.224921875,-10.6799107142857
0.2249609375,-6.67991071428571
0.225,-0.679910714285711
0.2250390625,3.32008928571429
0.225078125,6.32008928571429
0.2251171875,6.32008928571429
0.22515625,5.32008928571429
0.2251953125,3.32008928571429
0.225234375,3.32008928571429
0.2252734375,4.32008928571429
0.2253125,7.32008928571429
0.2253515625,11.3200892857143
0.225390625,13.3200892857143
0.2254296875,14.3200892857143
0.22546875,16.3200892857143
0.2255078125,17.3200892857143
0.225546875,17.3200892857143
0.2255859375,15.3200892857143
0.225625,14.3200892857143
0.2256640625,14.3200892857143
0.225703125,14.3200892857143
0.2257421875,16.3200892857143
0.22578125,16.3200892857143
0.2258203125,15.3200892857143
0.225859375,15.3200892857143
0.2258984375,17.3200892857143
0.2259375,18.3200892857143
0.2259765625,20.3200892857143
0.226015625,22.3200892857143
0.2260546875,22.3200892857143
0.22609375,19.3200892857143
0.2261328125,15.3200892857143
0.226171875,11.3200892857143
0.2262109375,8.32008928571429
0.22625,4.32008928571429
0.2262890625,-0.679910714285711
0.226328125,-4.67991071428571
0.2263671875,-10.6799107142857
0.22640625,-13.6799107142857
0.2264453125,-16.6799107142857
0.226484375,-18.6799107142857
0.2265234375,-18.6799107142857
0.2265625,-13.6799107142857
0.2266015625,-7.67991071428571
0.226640625,-0.679910714285711
0.2266796875,5.32008928571429
0.22671875,10.3200892857143
0.2267578125,10.3200892857143
0.226796875,10.3200892857143
0.2268359375,7.32008928571429
0.226875,4.32008928571429
0.2269140625,0.320089285714289
0.226953125,-1.67991071428571
0.2269921875,-4.67991071428571
0.22703125,-7.67991071428571
0.2270703125,-10.6799107142857
0.227109375,-16.6799107142857
0.2271484375,-18.6799107142857
0.2271875,-19.6799107142857
0.2272265625,-18.6799107142857
0.227265625,-15.6799107142857
0.2273046875,-12.6799107142857
0.22734375,-8.67991071428571
0.2273828125,-6.67991071428571
0.227421875,-5.67991071428571
0.2274609375,-4.67991071428571
0.2275,-3.67991071428571
0.2275390625,-2.67991071428571
0.227578125,-0.679910714285711
0.2276171875,2.32008928571429
0.22765625,5.32008928571429
0.2276953125,8.32008928571429
0.227734375,9.32008928571429
0.2277734375,9.32008928571429
0.2278125,7.32008928571429
0.2278515625,6.32008928571429
0.227890625,7.32008928571429
0.2279296875,9.32008928571429
0.22796875,10.3200892857143
0.2280078125,10.3200892857143
0.228046875,7.32008928571429
0.2280859375,4.32008928571429
0.228125,-0.679910714285711
0.2281640625,-5.67991071428571
0.228203125,-8.67991071428571
0.2282421875,-11.6799107142857
0.22828125,-13.6799107142857
0.2283203125,-15.6799107142857
0.228359375,-19.6799107142857
0.2283984375,-21.6799107142857
0.2284375,-24.6799107142857
0.2284765625,-24.6799107142857
0.228515625,-22.6799107142857
0.2285546875,-16.6799107142857
0.22859375,-12.6799107142857
0.2286328125,-6.67991071428571
0.228671875,-2.67991071428571
0.2287109375,-0.679910714285711
0.22875,3.32008928571429
0.2287890625,5.32008928571429
0.228828125,6.32008928571429
0.2288671875,8.32008928571429
0.22890625,12.3200892857143
0.2289453125,14.3200892857143
0.228984375,18.3200892857143
0.2290234375,19.3200892857143
0.2290625,21.3200892857143
0.2291015625,21.3200892857143
0.229140625,21.3200892857143
0.2291796875,21.3200892857143
0.22921875,21.3200892857143
0.2292578125,21.3200892857143
0.229296875,20.3200892857143
0.2293359375,17.3200892857143
0.229375,13.3200892857143
0.2294140625,8.32008928571429
0.229453125,4.32008928571429
0.2294921875,0.320089285714289
0.22953125,-0.679910714285711
0.2295703125,-1.67991071428571
0.229609375,-2.67991071428571
0.2296484375,-3.67991071428571
0.2296875,-4.67991071428571
0.2297265625,-6.67991071428571
0.229765625,-6.67991071428571
0.2298046875,-6.67991071428571
0.22984375,-3.67991071428571
0.2298828125,-2.67991071428571
0.229921875,-2.67991071428571
0.2299609375,-2.67991071428571
0.23,-2.67991071428571
0.2300390625,-2.67991071428571
0.230078125,-2.67991071428571
0.2301171875,-4.67991071428571
0.23015625,-4.67991071428571
0.2301953125,-4.67991071428571
0.230234375,-3.67991071428571
0.2302734375,-2.67991071428571
0.2303125,-2.67991071428571
0.2303515625,-3.67991071428571
0.230390625,-3.67991071428571
0.2304296875,-4.67991071428571
0.23046875,-2.67991071428571
0.2305078125,-1.67991071428571
0.230546875,0.320089285714289
0.2305859375,-0.679910714285711
0.230625,-0.679910714285711
0.2306640625,-1.67991071428571
0.230703125,-2.67991071428571
0.2307421875,-3.67991071428571
0.23078125,-3.67991071428571
0.2308203125,-1.67991071428571
0.230859375,0.320089285714289
0.2308984375,3.32008928571429
0.2309375,3.32008928571429
0.2309765625,4.32008928571429
0.231015625,3.32008928571429
0.2310546875,2.32008928571429
0.23109375,2.32008928571429
0.2311328125,2.32008928571429
0.231171875,3.32008928571429
0.2312109375,4.32008928571429
0.23125,4.32008928571429
0.2312890625,3.32008928571429
0.231328125,1.32008928571429
0.2313671875,-0.679910714285711
0.23140625,-2.67991071428571
0.2314453125,-4.67991071428571
0.231484375,-5.67991071428571
0.2315234375,-6.67991071428571
0.2315625,-7.67991071428571
0.2316015625,-8.67991071428571
0.231640625,-10.6799107142857
0.2316796875,-11.6799107142857
0.23171875,-12.6799107142857
0.2317578125,-12.6799107142857
0.231796875,-20.6799107142857
0.2318359375,-34.6799107142857
0.231875,-40.6799107142857
0.2319140625,-30.6799107142857
0.231953125,-12.6799107142857
0.2319921875,-1.67991071428571
0.23203125,2.32008928571429
0.2320703125,2.32008928571429
0.232109375,1.32008928571429
0.2321484375,4.32008928571429
0.2321875,9.32008928571429
0.2322265625,5.32008928571429
0.232265625,-4.67991071428571
0.2323046875,-16.6799107142857
0.23234375,-20.6799107142857
0.2323828125,-20.6799107142857
0.232421875,-22.6799107142857
0.2324609375,-34.6799107142857
0.2325,-56.6799107142857
0.2325390625,-79.6799107142857
0.232578125,-98.6799107142857
0.2326171875,-110.679910714286
0.23265625,-112.679910714286
0.2326953125,-108.679910714286
0.232734375,-96.6799107142857
0.2327734375,-70.6799107142857
0.2328125,-18.6799107142857
0.2328515625,62.3200892857143
0.232890625,155.320089285714
0.2329296875,244.320089285714
0.23296875,316.320089285714
0.2330078125,365.320089285714
0.233046875,388.320089285714
0.2330859375,386.320089285714
0.233125,359.320089285714
0.2331640625,311.320089285714
0.233203125,248.320089285714
0.2332421875,179.320089285714
0.23328125,108.320089285714
0.2333203125,39.3200892857143
0.233359375,-26.6799107142857
0.2333984375,-87.6799107142857
0.2334375,-144.679910714286
0.2334765625,-191.679910714286
0.233515625,-219.679910714286
0.2335546875,-224.679910714286
0.23359375,-211.679910714286
0.2336328125,-192.679910714286
0.233671875,-174.679910714286
0.2337109375,-158.679910714286
0.23375,-144.679910714286
0.2337890625,-133.679910714286
0.233828125,-125.679910714286
0.2338671875,-122.679910714286
0.23390625,-121.679910714286
0.2339453125,-116.679910714286
0.233984375,-107.679910714286
0.2340234375,-98.6799107142857
0.2340625,-87.6799107142857
0.2341015625,-74.6799107142857
0.234140625,-60.6799107142857
0.2341796875,-50.6799107142857
0.23421875,-41.6799107142857
0.2342578125,-34.6799107142857
0.234296875,-28.6799107142857
0.2343359375,-24.6799107142857
0.234375,-20.6799107142857
0.2344140625,-19.6799107142857
0.234453125,-17.6799107142857
0.2344921875,-17.6799107142857
0.23453125,-15.6799107142857
0.2345703125,-26.6799107142857
0.234609375,-38.6799107142857
0.2346484375,-45.6799107142857
0.2346875,-46.6799107142857
0.2347265625,-43.6799107142857
0.234765625,-37.6799107142857
0.2348046875,-22.6799107142857
0.23484375,1.32008928571429
0.2348828125,34.3200892857143
0.234921875,63.3200892857143
0.2349609375,87.3200892857143
0.235,107.320089285714
0.2350390625,124.320089285714
0.235078125,139.320089285714
0.2351171875,149.320089285714
0.23515625,155.320089285714
0.2351953125,156.320089285714
0.235234375,155.320089285714
0.2352734375,163.320089285714
0.2353125,170.320089285714
0.2353515625,169.320089285714
0.235390625,163.320089285714
0.2354296875,157.320089285714
0.23546875,142.320089285714
0.2355078125,113.320089285714
0.235546875,81.3200892857143
0.2355859375,49.3200892857143
0.235625,14.3200892857143
0.2356640625,-20.6799107142857
0.235703125,-49.6799107142857
0.2357421875,-74.6799107142857
0.23578125,-91.6799107142857
0.2358203125,-104.679910714286
0.235859375,-110.679910714286
0.2358984375,-112.679910714286
0.2359375,-106.679910714286
0.2359765625,-93.6799107142857
0.236015625,-72.6799107142857
0.2360546875,-47.6799107142857
0.23609375,-23.6799107142857
0.2361328125,-3.67991071428571
0.236171875,14.3200892857143
0.2362109375,29.3200892857143
0.23625,38.3200892857143
0.2362890625,42.3200892857143
0.236328125,46.3200892857143
0.2363671875,48.3200892857143
0.23640625,44.3200892857143
0.2364453125,36.3200892857143
0.236484375,29.3200892857143
0.2365234375,21.3200892857143
0.2365625,11.3200892857143
0.2366015625,-2.67991071428571
0.236640625,-17.6799107142857
0.2366796875,-29.6799107142857
0.23671875,-40.6799107142857
0.2367578125,-51.6799107142857
0.236796875,-65.6799107142857
0.2368359375,-77.6799107142857
0.236875,-87.6799107142857
0.2369140625,-95.6799107142857
0.236953125,-100.679910714286
0.2369921875,-98.6799107142857
0.23703125,-90.6799107142857
0.2370703125,-77.6799107142857
0.237109375,-60.6799107142857
0.2371484375,-41.6799107142857
0.2371875,-23.6799107142857
0.2372265625,-8.67991071428571
0.237265625,5.32008928571429
0.2373046875,19.3200892857143
0.23734375,30.3200892857143
0.2373828125,36.3200892857143
0.237421875,40.3200892857143
0.2374609375,41.3200892857143
0.2375,38.3200892857143
0.2375390625,33.3200892857143
0.237578125,25.3200892857143
0.2376171875,19.3200892857143
0.23765625,16.3200892857143
0.2376953125,11.3200892857143
0.237734375,8.32008928571429
0.2377734375,3.32008928571429
0.2378125,-1.67991071428571
0.2378515625,-11.6799107142857
0.237890625,-21.6799107142857
0.2379296875,-30.6799107142857
0.23796875,-36.6799107142857
0.2380078125,-41.6799107142857
0.238046875,-43.6799107142857
0.2380859375,-43.6799107142857
0.238125,-41.6799107142857
0.2381640625,-38.6799107142857
0.238203125,-34.6799107142857
0.2382421875,-28.6799107142857
0.23828125,-20.6799107142857
0.2383203125,-13.6799107142857
0.238359375,-3.67991071428571
0.2383984375,6.32008928571429
0.2384375,12.3200892857143
0.2384765625,16.3200892857143
0.238515625,18.3200892857143
0.2385546875,19.3200892857143
0.23859375,19.3200892857143
0.2386328125,18.3200892857143
0.238671875,16.3200892857143
0.2387109375,14.3200892857143
0.23875,11.3200892857143
0.2387890625,9.32008928571429
0.238828125,4.32008928571429
0.2388671875,3.32008928571429
0.23890625,-0.679910714285711
0.2389453125,-0.679910714285711
0.238984375,1.32008928571429
0.2390234375,5.32008928571429
0.2390625,11.3200892857143
0.2391015625,18.3200892857143
0.239140625,25.3200892857143
0.2391796875,34.3200892857143
0.23921875,42.3200892857143
0.2392578125,52.3200892857143
0.239296875,60.3200892857143
0.2393359375,68.3200892857143
0.239375,73.3200892857143
0.2394140625,74.3200892857143
0.239453125,73.3200892857143
0.2394921875,70.3200892857143
0.23953125,66.3200892857143
0.2395703125,60.3200892857143
0.239609375,54.3200892857143
0.2396484375,46.3200892857143
0.2396875,38.3200892857143
0.2397265625,30.3200892857143
0.239765625,20.3200892857143
0.2398046875,11.3200892857143
0.23984375,0.320089285714289
0.2398828125,-12.6799107142857
0.239921875,-23.6799107142857
0.2399609375,-34.6799107142857
0.24,-42.6799107142857
0.2400390625,-48.6799107142857
0.240078125,-54.6799107142857
0.2401171875,-56.6799107142857
0.24015625,-56.6799107142857
0.2401953125,-54.6799107142857
0.240234375,-50.6799107142857
0.2402734375,-44.6799107142857
0.2403125,-39.6799107142857
0.2403515625,-34.6799107142857
0.240390625,-30.6799107142857
0.2404296875,-27.6799107142857
0.24046875,-25.6799107142857
0.2405078125,-22.6799107142857
0.240546875,-17.6799107142857
0.2405859375,-11.6799107142857
0.240625,-6.67991071428571
0.2406640625,0.320089285714289
0.240703125,5.32008928571429
0.2407421875,12.3200892857143
0.24078125,17.3200892857143
0.2408203125,20.3200892857143
0.240859375,21.3200892857143
0.2408984375,22.3200892857143
0.2409375,20.3200892857143
0.2409765625,18.3200892857143
0.241015625,13.3200892857143
0.2410546875,7.32008928571429
0.24109375,-1.67991071428571
0.2411328125,-10.6799107142857
0.241171875,-18.6799107142857
0.2412109375,-21.6799107142857
0.24125,-22.6799107142857
0.2412890625,-18.6799107142857
0.241328125,-13.6799107142857
0.2413671875,-10.6799107142857
0.24140625,-9.67991071428571
0.2414453125,-7.67991071428571
0.241484375,-5.67991071428571
0.2415234375,-4.67991071428571
0.2415625,-3.67991071428571
0.2416015625,-3.67991071428571
0.241640625,-4.67991071428571
0.2416796875,-5.67991071428571
0.24171875,-6.67991071428571
0.2417578125,-7.67991071428571
0.241796875,-8.67991071428571
0.2418359375,-9.67991071428571
0.241875,-9.67991071428571
0.2419140625,-8.67991071428571
0.241953125,-8.67991071428571
0.2419921875,-8.67991071428571
0.24203125,-8.67991071428571
0.2420703125,-11.6799107142857
0.242109375,-12.6799107142857
0.2421484375,-14.6799107142857
0.2421875,-15.6799107142857
0.2422265625,-11.6799107142857
0.242265625,-5.67991071428571
0.2423046875,0.320089285714289
0.24234375,6.32008928571429
0.2423828125,12.3200892857143
0.242421875,18.3200892857143
0.2424609375,25.3200892857143
0.2425,31.3200892857143
0.2425390625,38.3200892857143
0.242578125,43.3200892857143
0.2426171875,47.3200892857143
0.24265625,48.3200892857143
0.2426953125,47.3200892857143
0.242734375,44.3200892857143
0.2427734375,40.3200892857143
0.2428125,33.3200892857143
0.2428515625,29.3200892857143
0.242890625,24.3200892857143
0.2429296875,20.3200892857143
0.24296875,16.3200892857143
0.2430078125,9.32008928571429
0.243046875,0.320089285714289
0.2430859375,-7.67991071428571
0.243125,-14.6799107142857
0.2431640625,-18.6799107142857
0.243203125,-19.6799107142857
0.2432421875,-20.6799107142857
0.24328125,-20.6799107142857
0.2433203125,-20.6799107142857
0.243359375,-21.6799107142857
0.2433984375,-23.6799107142857
0.2434375,-26.6799107142857
0.2434765625,-27.6799107142857
0.243515625,-25.6799107142857
0.2435546875,-23.6799107142857
0.24359375,-20.6799107142857
0.2436328125,-18.6799107142857
0.243671875,-16.6799107142857
0.2437109375,-14.6799107142857
0.24375,-11.6799107142857
0.2437890625,-7.67991071428571
0.243828125,-3.67991071428571
0.2438671875,2.32008928571429
0.24390625,7.32008928571429
0.2439453125,10.3200892857143
0.243984375,11.3200892857143
0.2440234375,12.3200892857143
0.2440625,10.3200892857143
0.2441015625,7.32008928571429
0.244140625,6.32008928571429
0.2441796875,5.32008928571429
0.24421875,5.32008928571429
0.2442578125,5.32008928571429
0.244296875,3.32008928571429
0.2443359375,2.32008928571429
0.244375,2.32008928571429
0.2444140625,2.32008928571429
0.244453125,3.32008928571429
0.2444921875,5.32008928571429
0.24453125,6.32008928571429
0.2445703125,9.32008928571429
0.244609375,9.32008928571429
0.2446484375,8.32008928571429
0.2446875,7.32008928571429
0.2447265625,4.32008928571429
0.244765625,0.320089285714289
0.2448046875,-3.67991071428571
0.24484375,-6.67991071428571
0.2448828125,-9.67991071428571
0.244921875,-12.6799107142857
0.2449609375,-15.6799107142857
0.245,-17.6799107142857
0.2450390625,-19.6799107142857
0.245078125,-23.6799107142857
0.2451171875,-26.6799107142857
0.24515625,-27.6799107142857
0.2451953125,-28.6799107142857
0.245234375,-25.6799107142857
0.2452734375,-25.6799107142857
0.2453125,-23.6799107142857
0.2453515625,-24.6799107142857
0.245390625,-23.6799107142857
0.2454296875,-18.6799107142857
0.24546875,-12.6799107142857
0.2455078125,-6.67991071428571
0.245546875,0.320089285714289
0.2455859375,7.32008928571429
0.245625,13.3200892857143
0.2456640625,19.3200892857143
0.245703125,26.3200892857143
0.2457421875,31.3200892857143
0.24578125,35.3200892857143
0.2458203125,38.3200892857143
0.245859375,41.3200892857143
0.2458984375,43.3200892857143
0.2459375,45.3200892857143
0.2459765625,44.3200892857143
0.246015625,42.3200892857143
0.2460546875,39.3200892857143
0.24609375,37.3200892857143
0.2461328125,37.3200892857143
0.246171875,34.3200892857143
0.2462109375,31.3200892857143
0.24625,25.3200892857143
0.2462890625,17.3200892857143
0.246328125,9.32008928571429
0.2463671875,0.320089285714289
0.24640625,-7.67991071428571
0.2464453125,-11.6799107142857
0.246484375,-12.6799107142857
0.2465234375,-13.6799107142857
0.2465625,-14.6799107142857
0.2466015625,-17.6799107142857
0.246640625,-20.6799107142857
0.2466796875,-22.6799107142857
0.24671875,-24.6799107142857
0.2467578125,-24.6799107142857
0.246796875,-22.6799107142857
0.2468359375,-22.6799107142857
0.246875,-20.6799107142857
0.2469140625,-18.6799107142857
0.246953125,-17.6799107142857
0.2469921875,-16.6799107142857
0.24703125,-16.6799107142857
0.2470703125,-14.6799107142857
0.247109375,-12.6799107142857
0.2471484375,-10.6799107142857
0.2471875,-8.67991071428571
0.2472265625,-7.67991071428571
0.247265625,-7.67991071428571
0.2473046875,-10.6799107142857
0.24734375,-12.6799107142857
0.2473828125,-15.6799107142857
0.247421875,-17.6799107142857
0.2474609375,-17.6799107142857
0.2475,-17.6799107142857
0.2475390625,-15.6799107142857
0.247578125,-15.6799107142857
0.2476171875,-13.6799107142857
0.24765625,-11.6799107142857
0.2476953125,-7.67991071428571
0.247734375,-2.67991071428571
0.2477734375,1.32008928571429
0.2478125,3.32008928571429
0.2478515625,8.32008928571429
0.247890625,13.3200892857143
0.2479296875,16.3200892857143
0.24796875,20.3200892857143
0.2480078125,22.3200892857143
0.248046875,25.3200892857143
0.2480859375,28.3200892857143
0.248125,30.3200892857143
0.2481640625,32.3200892857143
0.248203125,28.3200892857143
0.2482421875,23.3200892857143
0.24828125,17.3200892857143
0.2483203125,11.3200892857143
0.248359375,6.32008928571429
0.2483984375,3.32008928571429
0.2484375,2.32008928571429
0.2484765625,0.320089285714289
0.248515625,-1.67991071428571
0.2485546875,-4.67991071428571
0.24859375,-5.67991071428571
0.2486328125,-7.67991071428571
0.248671875,-8.67991071428571
0.2487109375,-8.67991071428571
0.24875,-8.67991071428571
0.2487890625,-8.67991071428571
0.248828125,-3.67991071428571
0.2488671875,8.32008928571429
0.24890625,17.3200892857143
0.2489453125,-6.67991071428571
0.248984375,-64.6799107142857
0.2490234375,-69.6799107142857
0.2490625,-38.6799107142857
0.2491015625,-14.6799107142857
0.249140625,-8.67991071428571
0.2491796875,-6.67991071428571
0.24921875,5.32008928571429
0.2492578125,11.3200892857143
0.249296875,1.32008928571429
0.2493359375,-4.67991071428571
0.249375,-7.67991071428571
0.2494140625,-19.6799107142857
0.249453125,-29.6799107142857
0.2494921875,-26.6799107142857
0.24953125,-21.6799107142857
0.2495703125,-24.6799107142857
0.249609375,-45.6799107142857
0.2496484375,-62.6799107142857
0.2496875,-39.6799107142857
0.2497265625,-4.67991071428571
0.249765625,-12.6799107142857
0.2498046875,-31.6799107142857
0.24984375,-33.6799107142857
0.2498828125,-29.6799107142857
0.249921875,-22.6799107142857
0.2499609375,3.32008928571429
0.25,56.3200892857143
0.2500390625,106.320089285714
0.250078125,151.320089285714
0.2501171875,197.320089285714
0.25015625,233.320089285714
0.2501953125,252.320089285714
0.250234375,243.320089285714
0.2502734375,210.320089285714
0.2503125,173.320089285714
0.2503515625,133.320089285714
0.250390625,90.3200892857143
0.2504296875,49.3200892857143
0.25046875,10.3200892857143
0.2505078125,-30.6799107142857
0.250546875,-69.6799107142857
0.2505859375,-104.679910714286
0.250625,-130.679910714286
0.2506640625,-141.679910714286
0.250703125,-148.679910714286
0.2507421875,-158.679910714286
0.25078125,-166.679910714286
0.2508203125,-169.679910714286
0.250859375,-161.679910714286
0.2508984375,-142.679910714286
0.2509375,-116.679910714286
0.2509765625,-85.6799107142857
0.251015625,-52.6799107142857
0.2510546875,-16.6799107142857
0.25109375,18.3200892857143
0.2511328125,44.3200892857143
0.251171875,58.3200892857143
0.2512109375,63.3200892857143
0.25125,62.3200892857143
0.2512890625,58.3200892857143
0.251328125,45.3200892857143
0.2513671875,27.3200892857143
0.25140625,5.32008928571429
0.2514453125,-20.6799107142857
0.251484375,-43.6799107142857
0.2515234375,-62.6799107142857
0.2515625,-79.6799107142857
0.2516015625,-97.6799107142857
0.251640625,-111.679910714286
0.2516796875,-118.679910714286
0.25171875,-116.679910714286
0.2517578125,-108.679910714286
0.251796875,-95.6799107142857
0.2518359375,-74.6799107142857
0.251875,-48.6799107142857
0.2519140625,-14.6799107142857
0.251953125,13.3200892857143
0.2519921875,37.3200892857143
0.25203125,55.3200892857143
0.2520703125,72.3200892857143
0.252109375,86.3200892857143
0.2521484375,97.3200892857143
0.2521875,104.320089285714
0.2522265625,106.320089285714
0.252265625,102.320089285714
0.2523046875,96.3200892857143
0.25234375,97.3200892857143
0.2523828125,101.320089285714
0.252421875,104.320089285714
0.2524609375,97.3200892857143
0.2525,87.3200892857143
0.2525390625,76.3200892857143
0.252578125,61.3200892857143
0.2526171875,45.3200892857143
0.25265625,26.3200892857143
0.2526953125,9.32008928571429
0.252734375,-3.67991071428571
0.2527734375,-18.6799107142857
0.2528125,-38.6799107142857
0.2528515625,-51.6799107142857
0.252890625,-61.6799107142857
0.2529296875,-67.6799107142857
0.25296875,-71.6799107142857
0.2530078125,-67.6799107142857
0.253046875,-57.6799107142857
0.2530859375,-47.6799107142857
0.253125,-38.6799107142857
0.2531640625,-26.6799107142857
0.253203125,-14.6799107142857
0.2532421875,-2.67991071428571
0.25328125,9.32008928571429
0.2533203125,21.3200892857143
0.253359375,33.3200892857143
0.2533984375,42.3200892857143
0.2534375,48.3200892857143
0.2534765625,53.3200892857143
0.253515625,54.3200892857143
0.2535546875,51.3200892857143
0.25359375,46.3200892857143
0.2536328125,39.3200892857143
0.253671875,30.3200892857143
0.2537109375,19.3200892857143
0.25375,5.32008928571429
0.2537890625,-7.67991071428571
0.253828125,-20.6799107142857
0.2538671875,-30.6799107142857
0.25390625,-39.6799107142857
0.2539453125,-45.6799107142857
0.253984375,-49.6799107142857
0.2540234375,-51.6799107142857
0.2540625,-51.6799107142857
0.2541015625,-46.6799107142857
0.254140625,-41.6799107142857
0.2541796875,-34.6799107142857
0.25421875,-23.6799107142857
0.2542578125,-11.6799107142857
0.254296875,1.32008928571429
0.2543359375,14.3200892857143
0.254375,23.3200892857143
0.2544140625,32.3200892857143
0.254453125,35.3200892857143
0.2544921875,34.3200892857143
0.25453125,30.3200892857143
0.2545703125,25.3200892857143
0.254609375,19.3200892857143
0.2546484375,12.3200892857143
0.2546875,6.32008928571429
0.2547265625,-1.67991071428571
0.254765625,-5.67991071428571
0.2548046875,-11.6799107142857
0.25484375,-18.6799107142857
0.2548828125,-22.6799107142857
0.254921875,-24.6799107142857
0.2549609375,-24.6799107142857
0.255,-23.6799107142857
0.2550390625,-23.6799107142857
0.255078125,-26.6799107142857
0.2551171875,-29.6799107142857
0.25515625,-30.6799107142857
0.2551953125,-30.6799107142857
0.255234375,-26.6799107142857
0.2552734375,-23.6799107142857
0.2553125,-19.6799107142857
0.2553515625,-16.6799107142857
0.255390625,-12.6799107142857
0.2554296875,-10.6799107142857
0.25546875,-8.67991071428571
0.2555078125,-7.67991071428571
0.255546875,-4.67991071428571
0.2555859375,-0.679910714285711
0.255625,2.32008928571429
0.2556640625,6.32008928571429
0.255703125,8.32008928571429
0.2557421875,6.32008928571429
0.25578125,3.32008928571429
0.2558203125,-2.67991071428571
0.255859375,-4.67991071428571
0.2558984375,-7.67991071428571
0.2559375,-7.67991071428571
0.2559765625,-7.67991071428571
0.256015625,-9.67991071428571
0.2560546875,-12.6799107142857
0.25609375,-13.6799107142857
0.2561328125,-13.6799107142857
0.256171875,-9.67991071428571
0.2562109375,-4.67991071428571
0.25625,2.32008928571429
0.2562890625,10.3200892857143
0.256328125,17.3200892857143
0.2563671875,25.3200892857143
0.25640625,31.3200892857143
0.2564453125,40.3200892857143
0.256484375,45.3200892857143
0.2565234375,52.3200892857143
0.2565625,56.3200892857143
0.2566015625,58.3200892857143
0.256640625,57.3200892857143
0.2566796875,54.3200892857143
0.25671875,48.3200892857143
0.2567578125,42.3200892857143
0.256796875,35.3200892857143
0.2568359375,25.3200892857143
0.256875,18.3200892857143
0.2569140625,9.32008928571429
0.256953125,0.320089285714289
0.2569921875,-7.67991071428571
0.25703125,-13.6799107142857
0.2570703125,-19.6799107142857
0.257109375,-22.6799107142857
0.2571484375,-24.6799107142857
0.2571875,-24.6799107142857
0.2572265625,-22.6799107142857
0.257265625,-20.6799107142857
0.2573046875,-18.6799107142857
0.25734375,-16.6799107142857
0.2573828125,-13.6799107142857
0.257421875,-10.6799107142857
0.2574609375,-6.67991071428571
0.2575,-2.67991071428571
0.2575390625,2.32008928571429
0.257578125,6.32008928571429
0.2576171875,11.3200892857143
0.25765625,13.3200892857143
0.2576953125,13.3200892857143
0.257734375,10.3200892857143
0.2577734375,6.32008928571429
0.2578125,2.32008928571429
0.2578515625,3.32008928571429
0.257890625,3.32008928571429
0.2579296875,4.32008928571429
0.25796875,3.32008928571429
0.2580078125,2.32008928571429
0.258046875,-1.67991071428571
0.2580859375,-5.67991071428571
0.258125,-7.67991071428571
0.2581640625,-9.67991071428571
0.258203125,-9.67991071428571
0.2582421875,-11.6799107142857
0.25828125,-12.6799107142857
0.2583203125,-14.6799107142857
0.258359375,-18.6799107142857
0.2583984375,-20.6799107142857
0.2584375,-21.6799107142857
0.2584765625,-19.6799107142857
0.258515625,-16.6799107142857
0.2585546875,-11.6799107142857
0.25859375,-7.67991071428571
0.2586328125,-3.67991071428571
0.258671875,-3.67991071428571
0.2587109375,-1.67991071428571
0.25875,-0.679910714285711
0.2587890625,-1.67991071428571
0.258828125,-1.67991071428571
0.2588671875,-1.67991071428571
0.25890625,-0.679910714285711
0.2589453125,-3.67991071428571
0.258984375,-6.67991071428571
0.2590234375,-12.6799107142857
0.2590625,-17.6799107142857
0.2591015625,-20.6799107142857
0.259140625,-19.6799107142857
0.2591796875,-17.6799107142857
0.25921875,-14.6799107142857
0.2592578125,-10.6799107142857
0.259296875,-6.67991071428571
0.2593359375,-2.67991071428571
0.259375,-0.679910714285711
0.2594140625,2.32008928571429
0.259453125,6.32008928571429
0.2594921875,10.3200892857143
0.25953125,15.3200892857143
0.2595703125,16.3200892857143
0.259609375,17.3200892857143
0.2596484375,17.3200892857143
0.2596875,16.3200892857143
0.2597265625,14.3200892857143
0.259765625,13.3200892857143
0.2598046875,13.3200892857143
0.25984375,13.3200892857143
0.2598828125,14.3200892857143
0.259921875,14.3200892857143
0.2599609375,16.3200892857143
0.26,15.3200892857143
0.2600390625,12.3200892857143
0.260078125,9.32008928571429
0.2601171875,8.32008928571429
0.26015625,7.32008928571429
0.2601953125,8.32008928571429
0.260234375,7.32008928571429
0.2602734375,5.32008928571429
0.2603125,2.32008928571429
0.2603515625,-0.679910714285711
0.260390625,-2.67991071428571
0.2604296875,-2.67991071428571
0.26046875,-1.67991071428571
0.2605078125,-2.67991071428571
0.260546875,-2.67991071428571
0.2605859375,-1.67991071428571
0.260625,-0.679910714285711
0.2606640625,1.32008928571429
0.260703125,2.32008928571429
0.2607421875,4.32008928571429
0.26078125,6.32008928571429
0.2608203125,7.32008928571429
0.260859375,9.32008928571429
0.2608984375,10.3200892857143
0.2609375,10.3200892857143
0.2609765625,7.32008928571429
0.261015625,4.32008928571429
0.2610546875,-1.67991071428571
0.26109375,-3.67991071428571
0.2611328125,-4.67991071428571
0.261171875,-5.67991071428571
0.2612109375,-8.67991071428571
0.26125,-11.6799107142857
0.2612890625,-15.6799107142857
0.261328125,-18.6799107142857
0.2613671875,-21.6799107142857
0.26140625,-21.6799107142857
0.2614453125,-21.6799107142857
0.261484375,-21.6799107142857
0.2615234375,-20.6799107142857
0.2615625,-17.6799107142857
0.2616015625,-13.6799107142857
0.261640625,-9.67991071428571
0.2616796875,-3.67991071428571
0.26171875,3.32008928571429
0.2617578125,10.3200892857143
0.261796875,17.3200892857143
0.2618359375,22.3200892857143
0.261875,25.3200892857143
0.2619140625,25.3200892857143
0.261953125,24.3200892857143
0.2619921875,20.3200892857143
0.26203125,13.3200892857143
0.2620703125,7.32008928571429
0.262109375,1.32008928571429
0.2621484375,-6.67991071428571
0.2621875,-10.6799107142857
0.2622265625,-15.6799107142857
0.262265625,-20.6799107142857
0.2623046875,-23.6799107142857
0.26234375,-23.6799107142857
0.2623828125,-21.6799107142857
0.262421875,-17.6799107142857
0.2624609375,-13.6799107142857
0.2625,-10.6799107142857
0.2625390625,-9.67991071428571
0.262578125,-8.67991071428571
0.2626171875,-7.67991071428571
0.26265625,-6.67991071428571
0.2626953125,-5.67991071428571
0.262734375,-4.67991071428571
0.2627734375,-2.67991071428571
0.2628125,1.32008928571429
0.2628515625,6.32008928571429
0.262890625,11.3200892857143
0.2629296875,13.3200892857143
0.26296875,13.3200892857143
0.2630078125,13.3200892857143
0.263046875,14.3200892857143
0.2630859375,14.3200892857143
0.263125,15.3200892857143
0.2631640625,16.3200892857143
0.263203125,16.3200892857143
0.2632421875,16.3200892857143
0.26328125,14.3200892857143
0.2633203125,12.3200892857143
0.263359375,11.3200892857143
0.2633984375,11.3200892857143
0.2634375,11.3200892857143
0.2634765625,12.3200892857143
0.263515625,13.3200892857143
0.2635546875,14.3200892857143
0.26359375,14.3200892857143
0.2636328125,14.3200892857143
0.263671875,13.3200892857143
0.2637109375,11.3200892857143
0.26375,10.3200892857143
0.2637890625,8.32008928571429
0.263828125,5.32008928571429
0.2638671875,0.320089285714289
0.26390625,-3.67991071428571
0.2639453125,-6.67991071428571
0.263984375,-7.67991071428571
0.2640234375,-7.67991071428571
0.2640625,-5.67991071428571
0.2641015625,-4.67991071428571
0.264140625,-4.67991071428571
0.2641796875,-5.67991071428571
0.26421875,-8.67991071428571
0.2642578125,-11.6799107142857
0.264296875,-12.6799107142857
0.2643359375,-12.6799107142857
0.264375,-10.6799107142857
0.2644140625,-9.67991071428571
0.264453125,-9.67991071428571
0.2644921875,-9.67991071428571
0.26453125,-11.6799107142857
0.2645703125,-14.6799107142857
0.264609375,-16.6799107142857
0.2646484375,-17.6799107142857
0.2646875,-18.6799107142857
0.2647265625,-19.6799107142857
0.264765625,-19.6799107142857
0.2648046875,-19.6799107142857
0.26484375,-18.6799107142857
0.2648828125,-18.6799107142857
0.264921875,-16.6799107142857
0.2649609375,-13.6799107142857
0.265,-6.67991071428571
0.2650390625,-1.67991071428571
0.265078125,2.32008928571429
0.2651171875,7.32008928571429
0.26515625,10.3200892857143
0.2651953125,10.3200892857143
0.265234375,11.3200892857143
0.2652734375,11.3200892857143
0.2653125,12.3200892857143
0.2653515625,13.3200892857143
0.265390625,15.3200892857143
0.2654296875,15.3200892857143
0.26546875,16.3200892857143
0.2655078125,15.3200892857143
0.265546875,13.3200892857143
0.2655859375,11.3200892857143
0.265625,8.32008928571429
0.2656640625,7.32008928571429
0.265703125,6.32008928571429
0.2657421875,5.32008928571429
0.26578125,1.32008928571429
0.2658203125,-0.679910714285711
0.265859375,-2.67991071428571
0.2658984375,-4.67991071428571
0.2659375,-3.67991071428571
0.2659765625,0.320089285714289
0.266015625,7.32008928571429
0.2660546875,16.3200892857143
0.26609375,18.3200892857143
0.2661328125,12.3200892857143
0.266171875,0.320089285714289
0.2662109375,-11.6799107142857
0.26625,-18.6799107142857
0.2662890625,-17.6799107142857
0.266328125,-11.6799107142857
0.2663671875,-7.67991071428571
0.26640625,-4.67991071428571
0.2664453125,1.32008928571429
0.266484375,5.32008928571429
0.2665234375,6.32008928571429
0.2665625,1.32008928571429
0.2666015625,-3.67991071428571
0.266640625,-8.67991071428571
0.2666796875,-11.6799107142857
0.26671875,-6.67991071428571
0.2667578125,2.32008928571429
0.266796875,2.32008928571429
0.2668359375,-11.6799107142857
0.266875,-32.6799107142857
0.2669140625,-50.6799107142857
0.266953125,-66.6799107142857
0.2669921875,-84.6799107142857
0.26703125,-98.6799107142857
0.2670703125,-100.679910714286
0.267109375,-83.6799107142857
0.2671484375,-47.6799107142857
0.2671875,4.32008928571429
0.2672265625,62.3200892857143
0.267265625,119.320089285714
0.2673046875,163.320089285714
0.26734375,194.320089285714
0.2673828125,209.320089285714
0.267421875,205.320089285714
0.2674609375,187.320089285714
0.2675,159.320089285714
0.2675390625,129.320089285714
0.267578125,100.320089285714
0.2676171875,74.3200892857143
0.26765625,46.3200892857143
0.2676953125,12.3200892857143
0.267734375,-28.6799107142857
0.2677734375,-72.6799107142857
0.2678125,-114.679910714286
0.2678515625,-148.679910714286
0.267890625,-165.679910714286
0.2679296875,-167.679910714286
0.26796875,-27.6799107142857
0.2680078125,-24.6799107142857
0.268046875,-23.6799107142857
0.2680859375,-22.6799107142857
0.268125,-19.6799107142857
0.2681640625,-22.6799107142857
0.268203125,-25.6799107142857
0.2682421875,-29.6799107142857
0.26828125,-31.6799107142857
0.2683203125,-31.6799107142857
0.268359375,-29.6799107142857
0.2683984375,-24.6799107142857
0.2684375,-16.6799107142857
0.2684765625,-8.67991071428571
0.268515625,-0.679910714285711
0.2685546875,7.32008928571429
0.26859375,17.3200892857143
0.2686328125,27.3200892857143
0.268671875,37.3200892857143
0.2687109375,47.3200892857143
0.26875,55.3200892857143
0.2687890625,60.3200892857143
0.268828125,63.3200892857143
0.2688671875,62.3200892857143
0.26890625,60.3200892857143
0.2689453125,57.3200892857143
0.268984375,51.3200892857143
0.2690234375,42.3200892857143
0.2690625,31.3200892857143
0.2691015625,18.3200892857143
0.269140625,4.32008928571429
0.2691796875,-9.67991071428571
0.26921875,-22.6799107142857
0.2692578125,-35.6799107142857
0.269296875,-45.6799107142857
0.2693359375,-50.6799107142857
0.269375,-50.6799107142857
0.2694140625,-50.6799107142857
0.269453125,-50.6799107142857
0.2694921875,-49.6799107142857
0.26953125,-48.6799107142857
0.2695703125,-49.6799107142857
0.269609375,-48.6799107142857
0.2696484375,-46.6799107142857
0.2696875,-45.6799107142857
0.2697265625,-42.6799107142857
0.269765625,-39.6799107142857
0.2698046875,-36.6799107142857
0.26984375,-33.6799107142857
0.2698828125,-31.6799107142857
0.269921875,-29.6799107142857
0.2699609375,-26.6799107142857
0.27,-20.6799107142857
0.2700390625,-12.6799107142857
0.270078125,-2.67991071428571
0.2701171875,7.32008928571429
0.27015625,19.3200892857143
0.2701953125,28.3200892857143
0.270234375,36.3200892857143
0.2702734375,42.3200892857143
0.2703125,48.3200892857143
0.2703515625,51.3200892857143
0.270390625,53.3200892857143
0.2704296875,53.3200892857143
0.27046875,49.3200892857143
0.2705078125,44.3200892857143
0.270546875,37.3200892857143
0.2705859375,31.3200892857143
0.270625,24.3200892857143
0.2706640625,17.3200892857143
0.270703125,12.3200892857143
0.2707421875,8.32008928571429
0.27078125,4.32008928571429
0.2708203125,3.32008928571429
0.270859375,3.32008928571429
0.2708984375,2.32008928571429
0.2709375,7.32008928571429
0.2709765625,10.3200892857143
0.271015625,16.3200892857143
0.2710546875,21.3200892857143
0.27109375,26.3200892857143
0.2711328125,29.3200892857143
0.271171875,29.3200892857143
0.2712109375,27.3200892857143
0.27125,24.3200892857143
0.2712890625,20.3200892857143
0.271328125,16.3200892857143
0.2713671875,12.3200892857143
0.27140625,7.32008928571429
0.2714453125,1.32008928571429
0.271484375,-4.67991071428571
0.2715234375,-12.6799107142857
0.2715625,-17.6799107142857
0.2716015625,-20.6799107142857
0.271640625,-21.6799107142857
0.2716796875,-23.6799107142857
0.27171875,-24.6799107142857
0.2717578125,-24.6799107142857
0.271796875,-24.6799107142857
0.2718359375,-23.6799107142857
0.271875,-22.6799107142857
0.2719140625,-20.6799107142857
0.271953125,-17.6799107142857
0.2719921875,-14.6799107142857
0.27203125,-11.6799107142857
0.2720703125,-8.67991071428571
0.272109375,-6.67991071428571
0.2721484375,-6.67991071428571
0.2721875,-5.67991071428571
0.2722265625,-5.67991071428571
0.272265625,-5.67991071428571
0.2723046875,-4.67991071428571
0.27234375,-4.67991071428571
0.2723828125,-3.67991071428571
0.272421875,-3.67991071428571
0.2724609375,-3.67991071428571
0.2725,-4.67991071428571
0.2725390625,-5.67991071428571
0.272578125,-3.67991071428571
0.2726171875,-2.67991071428571
0.27265625,-0.679910714285711
0.2726953125,1.32008928571429
0.272734375,4.32008928571429
0.2727734375,4.32008928571429
0.2728125,5.32008928571429
0.2728515625,4.32008928571429
0.272890625,6.32008928571429
0.2729296875,8.32008928571429
0.27296875,9.32008928571429
0.2730078125,11.3200892857143
0.273046875,11.3200892857143
0.2730859375,12.3200892857143
0.273125,11.3200892857143
0.2731640625,8.32008928571429
0.273203125,6.32008928571429
0.2732421875,3.32008928571429
0.27328125,1.32008928571429
0.2733203125,-0.679910714285711
0.273359375,-1.67991071428571
0.2733984375,-3.67991071428571
0.2734375,-9.67991071428571
0.2734765625,-14.6799107142857
0.273515625,-19.6799107142857
0.2735546875,-22.6799107142857
0.27359375,-22.6799107142857
0.2736328125,-21.6799107142857
0.273671875,-22.6799107142857
0.2737109375,-22.6799107142857
0.27375,-23.6799107142857
0.2737890625,-24.6799107142857
0.273828125,-22.6799107142857
0.2738671875,-20.6799107142857
0.27390625,-17.6799107142857
0.2739453125,-13.6799107142857
0.273984375,-7.67991071428571
0.2740234375,-0.679910714285711
0.2740625,5.32008928571429
0.2741015625,10.3200892857143
0.274140625,17.3200892857143
0.2741796875,24.3200892857143
0.27421875,34.3200892857143
0.2742578125,42.3200892857143
0.274296875,49.3200892857143
0.2743359375,53.3200892857143
0.274375,55.3200892857143
0.2744140625,55.3200892857143
0.274453125,54.3200892857143
0.2744921875,51.3200892857143
0.27453125,48.3200892857143
0.2745703125,46.3200892857143
0.274609375,44.3200892857143
0.2746484375,41.3200892857143
0.2746875,34.3200892857143
0.2747265625,28.3200892857143
0.274765625,20.3200892857143
0.2748046875,10.3200892857143
0.27484375,1.32008928571429
0.2748828125,-9.67991071428571
0.274921875,-18.6799107142857
0.2749609375,-26.6799107142857
0.275,-33.6799107142857
0.2750390625,-40.6799107142857
0.275078125,-46.6799107142857
0.2751171875,-53.6799107142857
0.27515625,-59.6799107142857
0.2751953125,-61.6799107142857
0.275234375,-61.6799107142857
0.2752734375,-60.6799107142857
0.2753125,-58.6799107142857
0.2753515625,-56.6799107142857
0.275390625,-53.6799107142857
0.2754296875,-50.6799107142857
0.27546875,-46.6799107142857
0.2755078125,-40.6799107142857
0.275546875,-34.6799107142857
0.2755859375,-26.6799107142857
0.275625,-19.6799107142857
0.2756640625,-12.6799107142857
0.275703125,-8.67991071428571
0.2757421875,-3.67991071428571
0.27578125,1.32008928571429
0.2758203125,7.32008928571429
0.275859375,12.3200892857143
0.2758984375,18.3200892857143
0.2759375,24.3200892857143
0.2759765625,29.3200892857143
0.276015625,34.3200892857143
0.2760546875,35.3200892857143
0.27609375,36.3200892857143
0.2761328125,37.3200892857143
0.276171875,38.3200892857143
0.2762109375,40.3200892857143
0.27625,41.3200892857143
0.2762890625,43.3200892857143
0.276328125,43.3200892857143
0.2763671875,41.3200892857143
0.27640625,37.3200892857143
0.2764453125,32.3200892857143
0.276484375,29.3200892857143
0.2765234375,24.3200892857143
0.2765625,19.3200892857143
0.2766015625,15.3200892857143
0.276640625,11.3200892857143
0.2766796875,7.32008928571429
0.27671875,1.32008928571429
0.2767578125,-5.67991071428571
0.276796875,-11.6799107142857
0.2768359375,-18.6799107142857
0.276875,-23.6799107142857
0.2769140625,-27.6799107142857
0.276953125,-30.6799107142857
0.2769921875,-33.6799107142857
0.27703125,-34.6799107142857
0.2770703125,-34.6799107142857
0.277109375,-34.6799107142857
0.2771484375,-30.6799107142857
0.2771875,-25.6799107142857
0.2772265625,-20.6799107142857
0.277265625,-15.6799107142857
0.2773046875,-10.6799107142857
0.27734375,-8.67991071428571
0.2773828125,-5.67991071428571
0.277421875,-2.67991071428571
0.2774609375,0.320089285714289
0.2775,3.32008928571429
0.2775390625,3.32008928571429
0.277578125,4.32008928571429
0.2776171875,6.32008928571429
0.27765625,6.32008928571429
0.2776953125,7.32008928571429
0.277734375,9.32008928571429
0.2777734375,13.3200892857143
0.2778125,17.3200892857143
0.2778515625,20.3200892857143
0.277890625,21.3200892857143
0.2779296875,22.3200892857143
0.27796875,21.3200892857143
0.2780078125,19.3200892857143
0.278046875,16.3200892857143
0.2780859375,14.3200892857143
0.278125,12.3200892857143
0.2781640625,11.3200892857143
0.278203125,12.3200892857143
0.2782421875,13.3200892857143
0.27828125,14.3200892857143
0.2783203125,14.3200892857143
0.278359375,13.3200892857143
0.2783984375,11.3200892857143
0.2784375,10.3200892857143
0.2784765625,8.32008928571429
0.278515625,7.32008928571429
0.2785546875,5.32008928571429
0.27859375,0.320089285714289
0.2786328125,-5.67991071428571
0.278671875,-9.67991071428571
0.2787109375,-13.6799107142857
0.27875,-15.6799107142857
0.2787890625,-14.6799107142857
0.278828125,-13.6799107142857
0.2788671875,-12.6799107142857
0.27890625,-9.67991071428571
0.2789453125,-7.67991071428571
0.278984375,-7.67991071428571
0.2790234375,-9.67991071428571
0.2790625,-10.6799107142857
0.2791015625,-12.6799107142857
0.279140625,-15.6799107142857
0.2791796875,-17.6799107142857
0.27921875,-19.6799107142857
0.2792578125,-20.6799107142857
0.279296875,-24.6799107142857
0.2793359375,-25.6799107142857
0.279375,-27.6799107142857
0.2794140625,-26.6799107142857
0.279453125,-23.6799107142857
0.2794921875,-19.6799107142857
0.27953125,-15.6799107142857
0.2795703125,-11.6799107142857
0.279609375,-10.6799107142857
0.2796484375,-7.67991071428571
0.2796875,-5.67991071428571
0.2797265625,-3.67991071428571
0.279765625,-0.679910714285711
0.2798046875,2.32008928571429
0.27984375,8.32008928571429
0.2798828125,12.3200892857143
0.279921875,15.3200892857143
0.2799609375,17.3200892857143
0.28,17.3200892857143
0.2800390625,21.3200892857143
0.280078125,24.3200892857143
0.2801171875,28.3200892857143
0.28015625,32.3200892857143
0.2801953125,33.3200892857143
0.280234375,33.3200892857143
0.2802734375,29.3200892857143
0.2803125,24.3200892857143
0.2803515625,18.3200892857143
0.280390625,13.3200892857143
0.2804296875,11.3200892857143
0.28046875,8.32008928571429
0.2805078125,5.32008928571429
0.280546875,-0.679910714285711
0.2805859375,-4.67991071428571
0.280625,-9.67991071428571
0.2806640625,-3.67991071428571
0.280703125,2.32008928571429
0.2807421875,-4.67991071428571
0.28078125,-4.67991071428571
0.2808203125,-11.6799107142857
0.280859375,-28.6799107142857
0.2808984375,-45.6799107142857
0.2809375,-46.6799107142857
0.2809765625,-30.6799107142857
0.281015625,-17.6799107142857
0.2810546875,-15.6799107142857
0.28109375,-10.6799107142857
0.2811328125,-2.67991071428571
0.281171875,-3.67991071428571
0.2812109375,-5.67991071428571
0.28125,-2.67991071428571
0.2812890625,3.32008928571429
0.281328125,6.32008928571429
0.2813671875,7.32008928571429
0.28140625,7.32008928571429
0.2814453125,5.32008928571429
0.281484375,-1.67991071428571
0.2815234375,-10.6799107142857
0.2815625,-17.6799107142857
0.2816015625,-20.6799107142857
0.281640625,-23.6799107142857
0.2816796875,-26.6799107142857
0.28171875,-26.6799107142857
0.2817578125,-21.6799107142857
0.281796875,-16.6799107142857
0.2818359375,-8.67991071428571
0.281875,7.32008928571429
0.2819140625,25.3200892857143
0.281953125,44.3200892857143
0.2819921875,61.3200892857143
0.28203125,79.3200892857143
0.2820703125,99.3200892857143
0.282109375,111.320089285714
0.2821484375,111.320089285714
0.2821875,102.320089285714
0.2822265625,89.3200892857143
0.282265625,73.3200892857143
0.2823046875,54.3200892857143
0.28234375,32.3200892857143
0.2823828125,7.32008928571429
0.282421875,-17.6799107142857
0.2824609375,-40.6799107142857
0.2825,-56.6799107142857
0.2825390625,-65.6799107142857
0.282578125,-71.6799107142857
0.2826171875,-73.6799107142857
0.28265625,-69.6799107142857
0.2826953125,-63.6799107142857
0.282734375,-54.6799107142857
0.2827734375,-47.6799107142857
0.2828125,-38.6799107142857
0.2828515625,-30.6799107142857
0.282890625,-24.6799107142857
0.2829296875,-20.6799107142857
0.28296875,-15.6799107142857
0.2830078125,-7.67991071428571
0.283046875,-2.67991071428571
0.2830859375,-0.679910714285711
0.283125,-1.67991071428571
0.2831640625,-5.67991071428571
0.283203125,-13.6799107142857
0.2832421875,-20.6799107142857
0.28328125,-29.6799107142857
0.2833203125,-35.6799107142857
0.283359375,-38.6799107142857
0.2833984375,-38.6799107142857
0.2834375,-40.6799107142857
0.2834765625,-39.6799107142857
0.283515625,-36.6799107142857
0.2835546875,-32.6799107142857
0.28359375,-29.6799107142857
0.2836328125,-20.6799107142857
0.283671875,-9.67991071428571
0.2837109375,-1.67991071428571
0.28375,6.32008928571429
0.2837890625,17.3200892857143
0.283828125,28.3200892857143
0.2838671875,37.3200892857143
0.28390625,44.3200892857143
0.2839453125,54.3200892857143
0.283984375,64.3200892857143
0.2840234375,74.3200892857143
0.2840625,82.3200892857143
0.2841015625,85.3200892857143
0.284140625,82.3200892857143
0.2841796875,77.3200892857143
0.28421875,66.3200892857143
0.2842578125,53.3200892857143
0.284296875,40.3200892857143
0.2843359375,28.3200892857143
0.284375,15.3200892857143
0.2844140625,4.32008928571429
0.284453125,-3.67991071428571
0.2844921875,-10.6799107142857
0.28453125,-18.6799107142857
0.2845703125,-26.6799107142857
0.284609375,-32.6799107142857
0.2846484375,-39.6799107142857
0.2846875,-47.6799107142857
0.2847265625,-51.6799107142857
0.284765625,-50.6799107142857
0.2848046875,-49.6799107142857
0.28484375,-47.6799107142857
0.2848828125,-44.6799107142857
0.284921875,-41.6799107142857
0.2849609375,-36.6799107142857
0.285,-31.6799107142857
0.2850390625,-26.6799107142857
0.285078125,-20.6799107142857
0.2851171875,-14.6799107142857
0.28515625,-8.67991071428571
0.2851953125,-2.67991071428571
0.285234375,3.32008928571429
0.2852734375,6.32008928571429
0.2853125,10.3200892857143
0.2853515625,12.3200892857143
0.285390625,16.3200892857143
0.2854296875,18.3200892857143
0.28546875,22.3200892857143
0.2855078125,25.3200892857143
0.285546875,28.3200892857143
0.2855859375,31.3200892857143
0.285625,34.3200892857143
0.2856640625,37.3200892857143
0.285703125,41.3200892857143
0.2857421875,43.3200892857143
0.28578125,43.3200892857143
0.2858203125,42.3200892857143
0.285859375,38.3200892857143
0.2858984375,35.3200892857143
0.2859375,30.3200892857143
0.2859765625,24.3200892857143
0.286015625,19.3200892857143
0.2860546875,15.3200892857143
0.28609375,9.32008928571429
0.2861328125,2.32008928571429
0.286171875,-4.67991071428571
0.2862109375,-12.6799107142857
0.28625,-18.6799107142857
0.2862890625,-22.6799107142857
0.286328125,-27.6799107142857
0.2863671875,-32.6799107142857
0.28640625,-35.6799107142857
0.2864453125,-39.6799107142857
0.286484375,-42.6799107142857
0.2865234375,-45.6799107142857
0.2865625,-46.6799107142857
0.2866015625,-43.6799107142857
0.286640625,-41.6799107142857
0.2866796875,-37.6799107142857
0.28671875,-33.6799107142857
0.2867578125,-30.6799107142857
0.286796875,-25.6799107142857
0.2868359375,-21.6799107142857
0.286875,-19.6799107142857
0.2869140625,-14.6799107142857
0.286953125,-9.67991071428571
0.2869921875,-4.67991071428571
0.28703125,-0.679910714285711
0.2870703125,1.32008928571429
0.287109375,2.32008928571429
0.2871484375,1.32008928571429
0.2871875,4.32008928571429
0.2872265625,8.32008928571429
0.287265625,13.3200892857143
0.2873046875,17.3200892857143
0.28734375,22.3200892857143
0.2873828125,25.3200892857143
0.287421875,29.3200892857143
0.2874609375,29.3200892857143
0.2875,29.3200892857143
0.2875390625,28.3200892857143
0.287578125,26.3200892857143
0.2876171875,21.3200892857143
0.28765625,17.3200892857143
0.2876953125,10.3200892857143
0.287734375,2.32008928571429
0.2877734375,-3.67991071428571
0.2878125,-8.67991071428571
0.2878515625,-14.6799107142857
0.287890625,-16.6799107142857
0.2879296875,-18.6799107142857
0.28796875,-17.6799107142857
0.2880078125,-17.6799107142857
0.288046875,-15.6799107142857
0.2880859375,-14.6799107142857
0.288125,-10.6799107142857
0.2881640625,-6.67991071428571
0.288203125,-0.679910714285711
0.2882421875,6.32008928571429
0.28828125,13.3200892857143
0.2883203125,18.3200892857143
0.288359375,21.3200892857143
0.2883984375,19.3200892857143
0.2884375,18.3200892857143
0.2884765625,16.3200892857143
0.288515625,13.3200892857143
0.2885546875,11.3200892857143
0.28859375,9.32008928571429
0.2886328125,8.32008928571429
0.288671875,7.32008928571429
0.2887109375,7.32008928571429
0.28875,8.32008928571429
0.2887890625,7.32008928571429
0.288828125,6.32008928571429
0.2888671875,5.32008928571429
0.28890625,5.32008928571429
0.2889453125,5.32008928571429
0.288984375,6.32008928571429
0.2890234375,5.32008928571429
0.2890625,4.32008928571429
0.2891015625,2.32008928571429
0.289140625,-0.679910714285711
0.2891796875,-2.67991071428571
0.28921875,-3.67991071428571
0.2892578125,-3.67991071428571
0.289296875,-2.67991071428571
0.2893359375,-2.67991071428571
0.289375,-2.67991071428571
0.2894140625,-2.67991071428571
0.289453125,-2.67991071428571
0.2894921875,-2.67991071428571
0.28953125,-3.67991071428571
0.2895703125,-4.67991071428571
0.289609375,-5.67991071428571
0.2896484375,-5.67991071428571
0.2896875,-7.67991071428571
0.2897265625,-9.67991071428571
0.289765625,-11.6799107142857
0.2898046875,-13.6799107142857
0.28984375,-12.6799107142857
0.2898828125,-9.67991071428571
0.289921875,-6.67991071428571
0.2899609375,-4.67991071428571
0.29,-3.67991071428571
0.2900390625,-2.67991071428571
0.290078125,-2.67991071428571
0.2901171875,-1.67991071428571
0.29015625,0.320089285714289
0.2901953125,0.320089285714289
0.290234375,2.32008928571429
0.2902734375,4.32008928571429
0.2903125,2.32008928571429
0.2903515625,-0.679910714285711
0.290390625,-3.67991071428571
0.2904296875,-6.67991071428571
0.29046875,-6.67991071428571
0.2905078125,-6.67991071428571
0.290546875,-5.67991071428571
0.2905859375,-4.67991071428571
0.290625,-1.67991071428571
0.2906640625,-0.679910714285711
0.290703125,1.32008928571429
0.2907421875,3.32008928571429
0.29078125,0.320089285714289
0.2908203125,-1.67991071428571
0.290859375,-1.67991071428571
0.2908984375,-1.67991071428571
0.2909375,-1.67991071428571
0.2909765625,-2.67991071428571
0.291015625,-5.67991071428571
0.2910546875,-8.67991071428571
0.29109375,-10.6799107142857
0.2911328125,-11.6799107142857
0.291171875,-10.6799107142857
0.2912109375,-6.67991071428571
0.29125,-2.67991071428571
0.2912890625,2.32008928571429
0.291328125,6.32008928571429
0.2913671875,9.32008928571429
0.29140625,11.3200892857143
0.2914453125,13.3200892857143
0.291484375,16.3200892857143
0.2915234375,19.3200892857143
0.2915625,21.3200892857143
0.2916015625,23.3200892857143
0.291640625,22.3200892857143
0.2916796875,22.3200892857143
0.29171875,20.3200892857143
0.2917578125,17.3200892857143
0.291796875,15.3200892857143
0.2918359375,12.3200892857143
0.291875,12.3200892857143
0.2919140625,13.3200892857143
0.291953125,12.3200892857143
0.2919921875,11.3200892857143
0.29203125,7.32008928571429
0.2920703125,1.32008928571429
0.292109375,-1.67991071428571
0.2921484375,-3.67991071428571
0.2921875,-5.67991071428571
0.2922265625,-5.67991071428571
0.292265625,-6.67991071428571
0.2923046875,-6.67991071428571
0.29234375,-7.67991071428571
0.2923828125,-7.67991071428571
0.292421875,-7.67991071428571
0.2924609375,-6.67991071428571
0.2925,-5.67991071428571
0.2925390625,-4.67991071428571
0.292578125,-5.67991071428571
0.2926171875,-6.67991071428571
0.29265625,-9.67991071428571
0.2926953125,-12.6799107142857
0.292734375,-15.6799107142857
0.2927734375,-17.6799107142857
0.2928125,-18.6799107142857
0.2928515625,-18.6799107142857
0.292890625,-18.6799107142857
0.2929296875,-18.6799107142857
0.29296875,-18.6799107142857
0.2930078125,-18.6799107142857
0.293046875,-17.6799107142857
0.2930859375,-14.6799107142857
0.293125,-11.6799107142857
0.2931640625,-6.67991071428571
0.293203125,-2.67991071428571
0.2932421875,1.32008928571429
0.29328125,2.32008928571429
0.2933203125,2.32008928571429
0.293359375,4.32008928571429
0.2933984375,6.32008928571429
0.2934375,9.32008928571429
0.2934765625,10.3200892857143
0.293515625,12.3200892857143
0.2935546875,13.3200892857143
0.29359375,15.3200892857143
0.2936328125,15.3200892857143
0.293671875,14.3200892857143
0.2937109375,13.3200892857143
0.29375,14.3200892857143
0.2937890625,15.3200892857143
0.293828125,15.3200892857143
0.2938671875,16.3200892857143
0.29390625,14.3200892857143
0.2939453125,11.3200892857143
0.293984375,7.32008928571429
0.2940234375,4.32008928571429
0.2940625,1.32008928571429
0.2941015625,-0.679910714285711
0.294140625,-4.67991071428571
0.2941796875,-7.67991071428571
0.29421875,-12.6799107142857
0.2942578125,-16.6799107142857
0.294296875,-20.6799107142857
0.2943359375,-22.6799107142857
0.294375,-23.6799107142857
0.2944140625,-22.6799107142857
0.294453125,-19.6799107142857
0.2944921875,-15.6799107142857
0.29453125,-10.6799107142857
0.2945703125,-7.67991071428571
0.294609375,-4.67991071428571
0.2946484375,-1.67991071428571
0.2946875,1.32008928571429
0.2947265625,6.32008928571429
0.294765625,9.32008928571429
0.2948046875,15.3200892857143
0.29484375,20.3200892857143
0.2948828125,26.3200892857143
0.294921875,28.3200892857143
0.2949609375,28.3200892857143
0.295,28.3200892857143
0.2950390625,29.3200892857143
0.295078125,29.3200892857143
0.2951171875,30.3200892857143
0.29515625,27.3200892857143
0.2951953125,24.3200892857143
0.295234375,21.3200892857143
0.2952734375,16.3200892857143
0.2953125,11.3200892857143
0.2953515625,6.32008928571429
0.295390625,3.32008928571429
0.2954296875,2.32008928571429
0.29546875,0.320089285714289
0.2955078125,-1.67991071428571
0.295546875,-4.67991071428571
0.2955859375,-10.6799107142857
0.295625,-13.6799107142857
0.2956640625,-17.6799107142857
0.295703125,-21.6799107142857
0.2957421875,-23.6799107142857
0.29578125,-25.6799107142857
0.2958203125,-28.6799107142857
0.295859375,-31.6799107142857
0.2958984375,-34.6799107142857
0.2959375,-37.6799107142857
0.2959765625,-39.6799107142857
0.296015625,-40.6799107142857
0.2960546875,-38.6799107142857
0.29609375,-36.6799107142857
0.2961328125,-31.6799107142857
0.296171875,-26.6799107142857
0.2962109375,-20.6799107142857
0.29625,-15.6799107142857
0.2962890625,-12.6799107142857
0.296328125,-10.6799107142857
0.2963671875,-8.67991071428571
0.29640625,-4.67991071428571
0.2964453125,0.320089285714289
0.296484375,6.32008928571429
0.2965234375,12.3200892857143
0.2965625,17.3200892857143
0.2966015625,22.3200892857143
0.296640625,24.3200892857143
0.2966796875,29.3200892857143
0.29671875,33.3200892857143
0.2967578125,36.3200892857143
0.296796875,37.3200892857143
0.2968359375,39.3200892857143
0.296875,38.3200892857143
0.2969140625,38.3200892857143
0.296953125,37.3200892857143
0.2969921875,35.3200892857143
0.29703125,32.3200892857143
0.2970703125,30.3200892857143
0.297109375,28.3200892857143
0.2971484375,25.3200892857143
0.2971875,22.3200892857143
0.2972265625,16.3200892857143
0.297265625,12.3200892857143
0.2973046875,10.3200892857143
0.29734375,6.32008928571429
0.2973828125,2.32008928571429
0.297421875,-0.679910714285711
0.2974609375,-3.67991071428571
0.2975,-4.67991071428571
0.2975390625,-4.67991071428571
0.297578125,-8.67991071428571
0.2976171875,-11.6799107142857
0.29765625,-16.6799107142857
0.2976953125,-26.6799107142857
0.297734375,-36.6799107142857
0.2977734375,-42.6799107142857
0.2978125,-41.6799107142857
0.2978515625,-37.6799107142857
0.297890625,-36.6799107142857
0.2979296875,-39.6799107142857
0.29796875,-34.6799107142857
0.2980078125,-22.6799107142857
0.298046875,-7.67991071428571
0.2980859375,3.32008928571429
0.298125,6.32008928571429
0.2981640625,3.32008928571429
0.298203125,0.320089285714289
0.2982421875,-3.67991071428571
0.29828125,-5.67991071428571
0.2983203125,-6.67991071428571
0.298359375,-8.67991071428571
0.2983984375,-10.6799107142857
0.2984375,-14.6799107142857
0.2984765625,-20.6799107142857
0.298515625,-32.6799107142857
0.2985546875,-51.6799107142857
0.29859375,-72.6799107142857
0.2986328125,-89.6799107142857
0.298671875,-96.6799107142857
0.2987109375,-91.6799107142857
0.29875,-72.6799107142857
0.2987890625,-41.6799107142857
0.298828125,1.32008928571429
0.2988671875,50.3200892857143
0.29890625,99.3200892857143
0.2989453125,141.320089285714
0.298984375,172.320089285714
0.2990234375,187.320089285714
0.2990625,187.320089285714
0.2991015625,170.320089285714
0.299140625,142.320089285714
0.2991796875,110.320089285714
0.29921875,77.3200892857143
0.2992578125,48.3200892857143
0.299296875,26.3200892857143
0.2993359375,9.32008928571429
0.299375,-3.67991071428571
0.2994140625,-14.6799107142857
0.299453125,-22.6799107142857
0.2994921875,-26.6799107142857
0.29953125,-29.6799107142857
0.2995703125,-33.6799107142857
0.299609375,-37.6799107142857
0.2996484375,-39.6799107142857
0.2996875,-41.6799107142857
0.2997265625,-41.6799107142857
0.299765625,-43.6799107142857
0.2998046875,-47.6799107142857
0.29984375,-52.6799107142857
0.2998828125,-58.6799107142857
0.299921875,-66.6799107142857
0.2999609375,-74.6799107142857
0.3,-79.6799107142857
0.3000390625,-85.6799107142857
0.300078125,-86.6799107142857
0.3001171875,-85.6799107142857
0.30015625,-83.6799107142857
0.3001953125,-80.6799107142857
0.300234375,-74.6799107142857
0.3002734375,-66.6799107142857
0.3003125,-58.6799107142857
0.3003515625,-45.6799107142857
0.300390625,-35.6799107142857
0.3004296875,-26.6799107142857
0.30046875,-21.6799107142857
0.3005078125,-21.6799107142857
0.300546875,-18.6799107142857
0.3005859375,-10.6799107142857
0.300625,0.320089285714289
0.3006640625,10.3200892857143
0.300703125,24.3200892857143
0.3007421875,38.3200892857143
0.30078125,55.3200892857143
0.3008203125,68.3200892857143
0.300859375,77.3200892857143
0.3008984375,87.3200892857143
0.3009375,93.3200892857143
0.3009765625,92.3200892857143
0.301015625,93.3200892857143
0.3010546875,96.3200892857143
0.30109375,94.3200892857143
0.3011328125,92.3200892857143
0.301171875,91.3200892857143
0.3012109375,90.3200892857143
0.30125,92.3200892857143
0.3012890625,93.3200892857143
0.301328125,91.3200892857143
0.3013671875,86.3200892857143
0.30140625,77.3200892857143
0.3014453125,64.3200892857143
0.301484375,47.3200892857143
0.3015234375,30.3200892857143
0.3015625,11.3200892857143
0.3016015625,-8.67991071428571
0.301640625,-28.6799107142857
0.3016796875,-46.6799107142857
0.30171875,-61.6799107142857
0.3017578125,-76.6799107142857
0.301796875,-89.6799107142857
0.3018359375,-96.6799107142857
0.301875,-101.679910714286
0.3019140625,-105.679910714286
0.301953125,-105.679910714286
0.3019921875,-103.679910714286
0.30203125,-97.6799107142857
0.3020703125,-91.6799107142857
0.302109375,-84.6799107142857
0.3021484375,-78.6799107142857
0.3021875,-70.6799107142857
0.3022265625,-60.6799107142857
0.302265625,-45.6799107142857
0.3023046875,-30.6799107142857
0.30234375,-12.6799107142857
0.3023828125,3.32008928571429
0.302421875,18.3200892857143
0.3024609375,32.3200892857143
0.3025,44.3200892857143
0.3025390625,56.3200892857143
0.302578125,67.3200892857143
0.3026171875,74.3200892857143
0.30265625,80.3200892857143
0.3026953125,81.3200892857143
0.302734375,79.3200892857143
0.3027734375,76.3200892857143
0.3028125,70.3200892857143
0.3028515625,63.3200892857143
0.302890625,55.3200892857143
0.3029296875,47.3200892857143
0.30296875,38.3200892857143
0.3030078125,28.3200892857143
0.303046875,17.3200892857143
0.3030859375,6.32008928571429
0.303125,-1.67991071428571
0.3031640625,-10.6799107142857
0.303203125,-14.6799107142857
0.3032421875,-19.6799107142857
0.30328125,-22.6799107142857
0.3033203125,-26.6799107142857
0.303359375,-31.6799107142857
0.3033984375,-37.6799107142857
0.3034375,-39.6799107142857
0.3034765625,-42.6799107142857
0.303515625,-43.6799107142857
0.3035546875,-44.6799107142857
0.30359375,-46.6799107142857
0.3036328125,-47.6799107142857
0.303671875,-48.6799107142857
0.3037109375,-48.6799107142857
0.30375,-49.6799107142857
0.3037890625,-51.6799107142857
0.303828125,-51.6799107142857
0.3038671875,-49.6799107142857
0.30390625,-44.6799107142857
0.3039453125,-37.6799107142857
0.303984375,-29.6799107142857
0.3040234375,-22.6799107142857
0.3040625,-13.6799107142857
0.3041015625,-4.67991071428571
0.304140625,3.32008928571429
0.3041796875,12.3200892857143
0.30421875,20.3200892857143
0.3042578125,27.3200892857143
0.304296875,33.3200892857143
0.3043359375,37.3200892857143
0.304375,37.3200892857143
0.3044140625,37.3200892857143
0.304453125,35.3200892857143
0.3044921875,33.3200892857143
0.30453125,32.3200892857143
0.3045703125,31.3200892857143
0.304609375,31.3200892857143
0.3046484375,29.3200892857143
0.3046875,29.3200892857143
0.3047265625,26.3200892857143
0.304765625,25.3200892857143
0.3048046875,24.3200892857143
0.30484375,24.3200892857143
0.3048828125,24.3200892857143
0.304921875,25.3200892857143
0.3049609375,23.3200892857143
0.305,22.3200892857143
0.3050390625,19.3200892857143
0.305078125,17.3200892857143
0.3051171875,12.3200892857143
0.30515625,9.32008928571429
0.3051953125,6.32008928571429
0.305234375,0.320089285714289
0.3052734375,-4.67991071428571
0.3053125,-8.67991071428571
0.3053515625,-12.6799107142857
0.305390625,-13.6799107142857
0.3054296875,-15.6799107142857
0.30546875,-15.6799107142857
0.3055078125,-13.6799107142857
0.305546875,-12.6799107142857
0.3055859375,-9.67991071428571
0.305625,-7.67991071428571
0.3056640625,-7.67991071428571
0.305703125,-8.67991071428571
0.3057421875,-7.67991071428571
0.30578125,-5.67991071428571
0.3058203125,-2.67991071428571
0.305859375,-0.679910714285711
0.3058984375,2.32008928571429
0.3059375,3.32008928571429
0.3059765625,2.32008928571429
0.306015625,0.320089285714289
0.3060546875,-1.67991071428571
0.30609375,-3.67991071428571
0.3061328125,-5.67991071428571
0.306171875,-8.67991071428571
0.3062109375,-10.6799107142857
0.30625,-12.6799107142857
0.3062890625,-13.6799107142857
0.306328125,-13.6799107142857
0.3063671875,-13.6799107142857
0.30640625,-13.6799107142857
0.3064453125,-11.6799107142857
0.306484375,-8.67991071428571
0.3065234375,-3.67991071428571
0.3065625,2.32008928571429
0.3066015625,5.32008928571429
0.306640625,7.32008928571429
0.3066796875,8.32008928571429
0.30671875,6.32008928571429
0.3067578125,5.32008928571429
0.306796875,4.32008928571429
0.3068359375,3.32008928571429
0.306875,2.32008928571429
0.3069140625,2.32008928571429
0.306953125,-0.679910714285711
0.3069921875,-4.67991071428571
0.30703125,-7.67991071428571
0.3070703125,-9.67991071428571
0.307109375,-9.67991071428571
0.3071484375,-7.67991071428571
0.3071875,-5.67991071428571
0.3072265625,-3.67991071428571
0.307265625,-2.67991071428571
0.3073046875,-0.679910714285711
0.30734375,0.320089285714289
0.3073828125,0.320089285714289
0.307421875,1.32008928571429
0.3074609375,2.32008928571429
0.3075,1.32008928571429
0.3075390625,-0.679910714285711
0.307578125,-1.67991071428571
0.3076171875,-3.67991071428571
0.30765625,-5.67991071428571
0.3076953125,-7.67991071428571
0.307734375,-8.67991071428571
0.3077734375,-8.67991071428571
0.3078125,-7.67991071428571
0.3078515625,-5.67991071428571
0.307890625,-5.67991071428571
0.3079296875,-4.67991071428571
0.30796875,-3.67991071428571
0.3080078125,-3.67991071428571
0.308046875,-0.679910714285711
0.3080859375,2.32008928571429
0.308125,6.32008928571429
0.3081640625,11.3200892857143
0.308203125,15.3200892857143
0.3082421875,20.3200892857143
0.30828125,23.3200892857143
0.3083203125,25.3200892857143
0.308359375,26.3200892857143
0.3083984375,27.3200892857143
0.3084375,28.3200892857143
0.3084765625,29.3200892857143
0.308515625,28.3200892857143
0.3085546875,27.3200892857143
0.30859375,24.3200892857143
0.3086328125,17.3200892857143
0.308671875,11.3200892857143
0.3087109375,4.32008928571429
0.30875,1.32008928571429
0.3087890625,-0.679910714285711
0.308828125,-1.67991071428571
0.3088671875,-3.67991071428571
0.30890625,-5.67991071428571
0.3089453125,-7.67991071428571
0.308984375,-7.67991071428571
0.3090234375,-8.67991071428571
0.3090625,-6.67991071428571
0.3091015625,-5.67991071428571
0.309140625,-4.67991071428571
0.3091796875,-4.67991071428571
0.30921875,-5.67991071428571
0.3092578125,-8.67991071428571
0.309296875,-12.6799107142857
0.3093359375,-16.6799107142857
0.309375,-17.6799107142857
0.3094140625,-19.6799107142857
0.309453125,-21.6799107142857
0.3094921875,-19.6799107142857
0.30953125,-19.6799107142857
0.3095703125,-18.6799107142857
0.309609375,-17.6799107142857
0.3096484375,-17.6799107142857
0.3096875,-16.6799107142857
0.3097265625,-12.6799107142857
0.309765625,-10.6799107142857
0.3098046875,-8.67991071428571
0.30984375,-5.67991071428571
0.3098828125,-4.67991071428571
0.309921875,-5.67991071428571
0.3099609375,-8.67991071428571
0.31,-8.67991071428571
0.3100390625,-8.67991071428571
0.310078125,-6.67991071428571
0.3101171875,-2.67991071428571
0.31015625,0.320089285714289
0.3101953125,2.32008928571429
0.310234375,5.32008928571429
0.3102734375,7.32008928571429
0.3103125,9.32008928571429
0.3103515625,11.3200892857143
0.310390625,14.3200892857143
0.3104296875,18.3200892857143
0.31046875,22.3200892857143
0.3105078125,24.3200892857143
0.310546875,23.3200892857143
0.3105859375,20.3200892857143
0.310625,18.3200892857143
0.3106640625,17.3200892857143
0.310703125,17.3200892857143
0.3107421875,18.3200892857143
0.31078125,18.3200892857143
0.3108203125,18.3200892857143
0.310859375,16.3200892857143
0.3108984375,11.3200892857143
0.3109375,6.32008928571429
0.3109765625,0.320089285714289
0.311015625,-4.67991071428571
0.3110546875,-7.67991071428571
0.31109375,-11.6799107142857
0.3111328125,-14.6799107142857
0.311171875,-17.6799107142857
0.3112109375,-20.6799107142857
0.31125,-22.6799107142857
0.3112890625,-22.6799107142857
0.311328125,-21.6799107142857
0.3113671875,-18.6799107142857
0.31140625,-15.6799107142857
0.3114453125,-12.6799107142857
0.311484375,-11.6799107142857
0.3115234375,-10.6799107142857
0.3115625,-8.67991071428571
0.3116015625,-6.67991071428571
0.311640625,-4.67991071428571
0.3116796875,-3.67991071428571
0.31171875,-2.67991071428571
0.3117578125,-1.67991071428571
0.311796875,0.320089285714289
0.3118359375,1.32008928571429
0.311875,2.32008928571429
0.3119140625,3.32008928571429
0.311953125,4.32008928571429
0.3119921875,7.32008928571429
0.31203125,12.3200892857143
0.3120703125,18.3200892857143
0.312109375,22.3200892857143
0.3121484375,27.3200892857143
0.3121875,29.3200892857143
0.3122265625,28.3200892857143
0.312265625,27.3200892857143
0.3123046875,26.3200892857143
0.31234375,25.3200892857143
0.3123828125,22.3200892857143
0.312421875,21.3200892857143
0.3124609375,18.3200892857143
0.3125,14.3200892857143
0.3125390625,9.32008928571429
0.312578125,5.32008928571429
0.3126171875,1.32008928571429
0.31265625,-0.679910714285711
0.3126953125,-2.67991071428571
0.312734375,-4.67991071428571
0.3127734375,-6.67991071428571
0.3128125,-9.67991071428571
0.3128515625,-14.6799107142857
0.312890625,-18.6799107142857
0.3129296875,-21.6799107142857
0.31296875,-22.6799107142857
0.3130078125,-23.6799107142857
0.313046875,-23.6799107142857
0.3130859375,-24.6799107142857
0.313125,-25.6799107142857
0.3131640625,-28.6799107142857
0.313203125,-29.6799107142857
0.3132421875,-29.6799107142857
0.31328125,-30.6799107142857
0.3133203125,-31.6799107142857
0.313359375,-27.6799107142857
0.3133984375,-24.6799107142857
0.3134375,-20.6799107142857
0.3134765625,-15.6799107142857
0.313515625,-10.6799107142857
0.3135546875,-7.67991071428571
0.31359375,-4.67991071428571
0.3136328125,-0.679910714285711
0.313671875,5.32008928571429
0.3137109375,11.3200892857143
0.31375,16.3200892857143
0.3137890625,21.3200892857143
0.313828125,24.3200892857143
0.3138671875,26.3200892857143
0.31390625,29.3200892857143
0.3139453125,33.3200892857143
0.313984375,36.3200892857143
0.3140234375,39.3200892857143
0.3140625,39.3200892857143
0.3141015625,37.3200892857143
0.314140625,31.3200892857143
0.3141796875,27.3200892857143
0.31421875,25.3200892857143
0.3142578125,21.3200892857143
0.314296875,18.3200892857143
0.3143359375,16.3200892857143
0.314375,11.3200892857143
0.3144140625,-0.679910714285711
0.314453125,-16.6799107142857
0.3144921875,-25.6799107142857
0.31453125,-30.6799107142857
0.3145703125,-30.6799107142857
0.314609375,-23.6799107142857
0.3146484375,-16.6799107142857
0.3146875,-9.67991071428571
0.3147265625,-9.67991071428571
0.314765625,-10.6799107142857
0.3148046875,-14.6799107142857
0.31484375,-19.6799107142857
0.3148828125,-19.6799107142857
0.314921875,-16.6799107142857
0.3149609375,-8.67991071428571
0.315,-2.67991071428571
0.3150390625,1.32008928571429
0.315078125,2.32008928571429
0.3151171875,0.320089285714289
0.31515625,-2.67991071428571
0.3151953125,-3.67991071428571
0.315234375,-0.679910714285711
0.3152734375,4.32008928571429
0.3153125,11.3200892857143
0.3153515625,13.3200892857143
0.315390625,11.3200892857143
0.3154296875,6.32008928571429
0.31546875,-2.67991071428571
0.3155078125,-16.6799107142857
0.315546875,-30.6799107142857
0.3155859375,-47.6799107142857
0.315625,-60.6799107142857
0.3156640625,-68.6799107142857
0.315703125,-65.6799107142857
0.3157421875,-55.6799107142857
0.31578125,-37.6799107142857
0.3158203125,-14.6799107142857
0.315859375,15.3200892857143
0.3158984375,44.3200892857143
0.3159375,67.3200892857143
0.3159765625,83.3200892857143
0.316015625,92.3200892857143
0.3160546875,95.3200892857143
0.31609375,92.3200892857143
0.3161328125,86.3200892857143
0.316171875,79.3200892857143
0.3162109375,73.3200892857143
0.31625,65.3200892857143
0.3162890625,56.3200892857143
0.316328125,45.3200892857143
0.3163671875,33.3200892857143
0.31640625,20.3200892857143
0.3164453125,7.32008928571429
0.316484375,-6.67991071428571
0.3165234375,-21.6799107142857
0.3165625,-34.6799107142857
0.3166015625,-46.6799107142857
0.316640625,-55.6799107142857
0.3166796875,-59.6799107142857
0.31671875,-64.6799107142857
0.3167578125,-69.6799107142857
0.316796875,-69.6799107142857
0.3168359375,-68.6799107142857
0.316875,-65.6799107142857
0.3169140625,-64.6799107142857
0.316953125,-58.6799107142857
0.3169921875,-50.6799107142857
0.31703125,-40.6799107142857
0.3170703125,-31.6799107142857
0.317109375,-21.6799107142857
0.3171484375,-14.6799107142857
0.3171875,-8.67991071428571
0.3172265625,-2.67991071428571
0.317265625,-2.67991071428571
0.3173046875,-1.67991071428571
0.31734375,-3.67991071428571
0.3173828125,-7.67991071428571
0.317421875,-11.6799107142857
0.3174609375,-15.6799107142857
0.3175,-16.6799107142857
0.3175390625,-13.6799107142857
0.317578125,-9.67991071428571
0.3176171875,-2.67991071428571
0.31765625,6.32008928571429
0.3176953125,16.3200892857143
0.317734375,24.3200892857143
0.3177734375,32.3200892857143
0.3178125,40.3200892857143
0.3178515625,44.3200892857143
0.317890625,49.3200892857143
0.3179296875,52.3200892857143
0.31796875,53.3200892857143
0.3180078125,50.3200892857143
0.318046875,48.3200892857143
0.3180859375,45.3200892857143
0.318125,44.3200892857143
0.3181640625,46.3200892857143
0.318203125,49.3200892857143
0.3182421875,51.3200892857143
0.31828125,52.3200892857143
0.3183203125,53.3200892857143
0.318359375,53.3200892857143
0.3183984375,48.3200892857143
0.3184375,40.3200892857143
0.3184765625,30.3200892857143
0.318515625,18.3200892857143
0.3185546875,4.32008928571429
0.31859375,-10.6799107142857
0.3186328125,-24.6799107142857
0.318671875,-38.6799107142857
0.3187109375,-51.6799107142857
0.31875,-64.6799107142857
0.3187890625,-76.6799107142857
0.318828125,-85.6799107142857
0.3188671875,-89.6799107142857
0.31890625,-89.6799107142857
0.3189453125,-87.6799107142857
0.318984375,-83.6799107142857
0.3190234375,-79.6799107142857
0.3190625,-73.6799107142857
0.3191015625,-67.6799107142857
0.319140625,-57.6799107142857
0.3191796875,-45.6799107142857
0.31921875,-30.6799107142857
0.3192578125,-15.6799107142857
0.319296875,0.320089285714289
0.3193359375,18.3200892857143
0.319375,35.3200892857143
0.3194140625,52.3200892857143
0.319453125,69.3200892857143
0.3194921875,81.3200892857143
0.31953125,89.3200892857143
0.3195703125,93.3200892857143
0.319609375,92.3200892857143
0.3196484375,88.3200892857143
0.3196875,79.3200892857143
0.3197265625,69.3200892857143
0.319765625,57.3200892857143
0.3198046875,46.3200892857143
0.31984375,35.3200892857143
0.3198828125,24.3200892857143
0.319921875,13.3200892857143
0.3199609375,3.32008928571429
0.32,-6.67991071428571
0.3200390625,-14.6799107142857
0.320078125,-22.6799107142857
0.3201171875,-27.6799107142857
0.32015625,-31.6799107142857
0.3201953125,-34.6799107142857
0.320234375,-36.6799107142857
0.3202734375,-41.6799107142857
0.3203125,-46.6799107142857
0.3203515625,-49.6799107142857
0.320390625,-51.6799107142857
0.3204296875,-51.6799107142857
0.32046875,-49.6799107142857
0.3205078125,-47.6799107142857
0.320546875,-42.6799107142857
0.3205859375,-37.6799107142857
0.320625,-32.6799107142857
0.3206640625,-26.6799107142857
0.320703125,-21.6799107142857
0.3207421875,-15.6799107142857
0.32078125,-8.67991071428571
0.3208203125,-0.679910714285711
0.320859375,6.32008928571429
0.3208984375,11.3200892857143
0.3209375,15.3200892857143
0.3209765625,20.3200892857143
0.321015625,22.3200892857143
0.3210546875,23.3200892857143
0.32109375,24.3200892857143
0.3211328125,26.3200892857143
0.321171875,27.3200892857143
0.3212109375,28.3200892857143
0.32125,26.3200892857143
0.3212890625,23.3200892857143
0.321328125,21.3200892857143
0.3213671875,18.3200892857143
0.32140625,15.3200892857143
0.3214453125,12.3200892857143
0.321484375,11.3200892857143
0.3215234375,7.32008928571429
0.3215625,3.32008928571429
0.3216015625,-0.679910714285711
0.321640625,-4.67991071428571
0.3216796875,-7.67991071428571
0.32171875,-10.6799107142857
0.3217578125,-12.6799107142857
0.321796875,-11.6799107142857
0.3218359375,-11.6799107142857
0.321875,-8.67991071428571
0.3219140625,-7.67991071428571
0.321953125,-7.67991071428571
0.3219921875,-6.67991071428571
0.32203125,-6.67991071428571
0.3220703125,-4.67991071428571
0.322109375,-0.679910714285711
0.3221484375,2.32008928571429
0.3221875,4.32008928571429
0.3222265625,6.32008928571429
0.322265625,8.32008928571429
0.3223046875,8.32008928571429
0.32234375,8.32008928571429
0.3223828125,8.32008928571429
0.322421875,7.32008928571429
0.3224609375,9.32008928571429
0.3225,11.3200892857143
0.3225390625,13.3200892857143
0.322578125,14.3200892857143
0.3226171875,14.3200892857143
0.32265625,13.3200892857143
0.3226953125,11.3200892857143
0.322734375,11.3200892857143
0.3227734375,11.3200892857143
0.3228125,11.3200892857143
0.3228515625,11.3200892857143
0.322890625,9.32008928571429
0.3229296875,6.32008928571429
0.32296875,2.32008928571429
0.3230078125,-3.67991071428571
0.323046875,-7.67991071428571
0.3230859375,-11.6799107142857
0.323125,-15.6799107142857
0.3231640625,-17.6799107142857
0.323203125,-18.6799107142857
0.3232421875,-18.6799107142857
0.32328125,-19.6799107142857
0.3233203125,-19.6799107142857
0.323359375,-20.6799107142857
0.3233984375,-19.6799107142857
0.3234375,-15.6799107142857
0.3234765625,-13.6799107142857
0.323515625,-10.6799107142857
0.3235546875,-8.67991071428571
0.32359375,-6.67991071428571
0.3236328125,-4.67991071428571
0.323671875,-3.67991071428571
0.3237109375,-0.679910714285711
0.32375,1.32008928571429
0.3237890625,3.32008928571429
0.323828125,6.32008928571429
0.3238671875,7.32008928571429
0.32390625,7.32008928571429
0.3239453125,7.32008928571429
0.323984375,5.32008928571429
0.3240234375,5.32008928571429
0.3240625,4.32008928571429
0.3241015625,4.32008928571429
0.324140625,5.32008928571429
0.3241796875,5.32008928571429
0.32421875,4.32008928571429
0.3242578125,2.32008928571429
0.324296875,0.320089285714289
0.3243359375,-0.679910714285711
0.324375,1.32008928571429
0.3244140625,2.32008928571429
0.324453125,1.32008928571429
0.3244921875,1.32008928571429
0.32453125,-0.679910714285711
0.3245703125,-1.67991071428571
0.324609375,-4.67991071428571
0.3246484375,-4.67991071428571
0.3246875,-2.67991071428571
0.3247265625,1.32008928571429
0.324765625,4.32008928571429
0.3248046875,7.32008928571429
0.32484375,8.32008928571429
0.3248828125,7.32008928571429
0.324921875,6.32008928571429
0.3249609375,4.32008928571429
0.325,2.32008928571429
0.3250390625,1.32008928571429
0.325078125,0.320089285714289
0.3251171875,1.32008928571429
0.32515625,1.32008928571429
0.3251953125,2.32008928571429
0.325234375,2.32008928571429
0.3252734375,0.320089285714289
0.3253125,-0.679910714285711
0.3253515625,-0.679910714285711
0.325390625,0.320089285714289
0.3254296875,3.32008928571429
0.32546875,5.32008928571429
0.3255078125,8.32008928571429
0.325546875,7.32008928571429
0.3255859375,4.32008928571429
0.325625,1.32008928571429
0.3256640625,-0.679910714285711
0.325703125,-0.679910714285711
0.3257421875,-0.679910714285711
0.32578125,0.320089285714289
0.3258203125,1.32008928571429
0.325859375,1.32008928571429
0.3258984375,0.320089285714289
0.3259375,-2.67991071428571
0.3259765625,-4.67991071428571
0.326015625,-4.67991071428571
0.3260546875,-4.67991071428571
0.32609375,-3.67991071428571
0.3261328125,-0.679910714285711
0.326171875,0.320089285714289
0.3262109375,1.32008928571429
0.32625,2.32008928571429
0.3262890625,2.32008928571429
0.326328125,1.32008928571429
0.3263671875,0.320089285714289
0.32640625,-1.67991071428571
0.3264453125,-2.67991071428571
0.326484375,-3.67991071428571
0.3265234375,-6.67991071428571
0.3265625,-6.67991071428571
0.3266015625,-7.67991071428571
0.326640625,-7.67991071428571
0.3266796875,-6.67991071428571
0.32671875,-5.67991071428571
0.3267578125,-5.67991071428571
0.326796875,-4.67991071428571
0.3268359375,-4.67991071428571
0.326875,-4.67991071428571
0.3269140625,-4.67991071428571
0.326953125,-4.67991071428571
0.3269921875,-4.67991071428571
0.32703125,-3.67991071428571
0.3270703125,-2.67991071428571
0.327109375,-1.67991071428571
0.3271484375,-0.679910714285711
0.3271875,1.32008928571429
0.3272265625,2.32008928571429
0.327265625,2.32008928571429
0.3273046875,3.32008928571429
0.32734375,4.32008928571429
0.3273828125,6.32008928571429
0.327421875,8.32008928571429
0.3274609375,9.32008928571429
0.3275,10.3200892857143
0.3275390625,12.3200892857143
0.327578125,11.3200892857143
0.3276171875,13.3200892857143
0.32765625,15.3200892857143
0.3276953125,17.3200892857143
0.327734375,19.3200892857143
0.3277734375,19.3200892857143
0.3278125,14.3200892857143
0.3278515625,11.3200892857143
0.327890625,6.32008928571429
0.3279296875,2.32008928571429
0.32796875,-1.67991071428571
0.3280078125,-4.67991071428571
0.328046875,-6.67991071428571
0.3280859375,-8.67991071428571
0.328125,-11.6799107142857
0.3281640625,-14.6799107142857
0.328203125,-17.6799107142857
0.3282421875,-20.6799107142857
0.32828125,-20.6799107142857
0.3283203125,-20.6799107142857
0.328359375,-18.6799107142857
0.3283984375,-17.6799107142857
0.3284375,-14.6799107142857
0.3284765625,-12.6799107142857
0.328515625,-10.6799107142857
0.3285546875,-9.67991071428571
0.32859375,-5.67991071428571
0.3286328125,-0.679910714285711
0.328671875,4.32008928571429
0.3287109375,8.32008928571429
0.32875,11.3200892857143
0.3287890625,12.3200892857143
0.328828125,13.3200892857143
0.3288671875,13.3200892857143
0.32890625,14.3200892857143
0.3289453125,14.3200892857143
0.328984375,15.3200892857143
0.3290234375,16.3200892857143
0.3290625,16.3200892857143
0.3291015625,16.3200892857143
0.329140625,15.3200892857143
0.3291796875,14.3200892857143
0.32921875,11.3200892857143
0.3292578125,11.3200892857143
0.329296875,11.3200892857143
0.3293359375,11.3200892857143
0.329375,10.3200892857143
0.3294140625,9.32008928571429
0.329453125,6.32008928571429
0.3294921875,1.32008928571429
0.32953125,-3.67991071428571
0.3295703125,-8.67991071428571
0.329609375,-11.6799107142857
0.3296484375,-12.6799107142857
0.3296875,-15.6799107142857
0.3297265625,-18.6799107142857
0.329765625,-19.6799107142857
0.3298046875,-20.6799107142857
0.32984375,-20.6799107142857
0.3298828125,-19.6799107142857
0.329921875,-16.6799107142857
0.3299609375,-12.6799107142857
0.33,-9.67991071428571
0.3300390625,-8.67991071428571
0.330078125,-6.67991071428571
0.3301171875,-5.67991071428571
0.33015625,-5.67991071428571
0.3301953125,-6.67991071428571
0.330234375,-5.67991071428571
0.3302734375,-6.67991071428571
0.3303125,-7.67991071428571
0.3303515625,-7.67991071428571
0.330390625,-9.67991071428571
0.3304296875,-10.6799107142857
