timestamp,voltage
0.0,33.8197443181818
3.90625e-05,31.8197443181818
7.8125e-05,28.8197443181818
0.0001171875,21.8197443181818
0.00015625,13.8197443181818
0.0001953125,8.81974431818185
0.000234375,5.81974431818185
0.0002734375,3.81974431818185
0.0003125,-1.18025568181815
0.0003515625,-7.18025568181815
0.000390625,-13.1802556818182
0.0004296875,-19.1802556818182
0.00046875,-23.1802556818182
0.0005078125,-25.1802556818182
0.000546875,-24.1802556818182
0.0005859375,-24.1802556818182
0.000625,-27.1802556818182
0.0006640625,-31.1802556818182
0.000703125,-36.1802556818182
0.0007421875,-42.1802556818182
0.00078125,-46.1802556818182
0.0008203125,-49.1802556818182
0.000859375,-49.1802556818182
0.0008984375,-48.1802556818182
0.0009375,-45.1802556818182
0.0009765625,-37.1802556818182
0.001015625,-25.1802556818182
0.0010546875,-11.1802556818182
0.00109375,4.81974431818185
0.0011328125,19.8197443181818
0.001171875,32.8197443181818
0.0012109375,43.8197443181818
0.00125,35.8197443181818
0.0012890625,37.8197443181818
0.001328125,36.8197443181818
0.0013671875,34.8197443181818
0.00140625,29.8197443181818
0.0014453125,21.8197443181818
0.001484375,13.8197443181818
0.0015234375,5.81974431818185
0.0015625,0.819744318181847
0.0016015625,-2.18025568181815
0.001640625,-4.18025568181815
0.0016796875,-6.18025568181815
0.00171875,-7.18025568181815
0.0017578125,-11.1802556818182
0.001796875,-15.1802556818182
0.0018359375,-18.1802556818182
0.001875,-20.1802556818182
0.0019140625,-22.1802556818182
0.001953125,-24.1802556818182
0.0019921875,-27.1802556818182
0.00203125,-32.1802556818182
0.0020703125,-37.1802556818182
0.002109375,-42.1802556818182
0.0021484375,-45.1802556818182
0.0021875,-44.1802556818182
0.0022265625,-39.1802556818182
0.002265625,-30.1802556818182
0.0023046875,-15.1802556818182
0.00234375,-0.180255681818153
0.0023828125,14.8197443181818
0.002421875,31.8197443181818
0.0024609375,44.8197443181818
0.0025,53.8197443181818
0.0025390625,60.8197443181818
0.002578125,61.8197443181818
0.0026171875,55.8197443181818
0.00265625,45.8197443181818
0.0026953125,29.8197443181818
0.002734375,10.8197443181818
0.0027734375,-11.1802556818182
0.0028125,-30.1802556818182
0.0028515625,-47.1802556818182
0.002890625,-58.1802556818182
0.0029296875,-67.1802556818182
0.00296875,-71.1802556818182
0.0030078125,-71.1802556818182
0.003046875,-68.1802556818182
0.0030859375,-66.1802556818182
0.003125,-61.1802556818182
0.0031640625,-56.1802556818182
0.003203125,-48.1802556818182
0.0032421875,-41.1802556818182
0.00328125,-32.1802556818182
0.0033203125,-23.1802556818182
0.003359375,-13.1802556818182
0.0033984375,-4.18025568181815
0.0034375,3.81974431818185
0.0034765625,12.8197443181818
0.003515625,22.8197443181818
0.0035546875,36.8197443181818
0.00359375,51.8197443181818
0.0036328125,63.8197443181818
0.003671875,74.8197443181818
0.0037109375,83.8197443181818
0.00375,88.8197443181818
0.0037890625,90.8197443181818
0.003828125,88.8197443181818
0.0038671875,83.8197443181818
0.00390625,75.8197443181818
0.0039453125,63.8197443181818
0.003984375,47.8197443181818
0.0040234375,30.8197443181818
0.0040625,12.8197443181818
0.0041015625,-2.18025568181815
0.004140625,-12.1802556818182
0.0041796875,-16.1802556818182
0.00421875,-16.1802556818182
0.0042578125,-14.1802556818182
0.004296875,-11.1802556818182
0.0043359375,-8.18025568181815
0.004375,-8.18025568181815
0.0044140625,-7.18025568181815
0.004453125,-5.18025568181815
0.0044921875,-5.18025568181815
0.00453125,-7.18025568181815
0.0045703125,-11.1802556818182
0.004609375,-17.1802556818182
0.0046484375,-24.1802556818182
0.0046875,-32.1802556818182
0.0047265625,-37.1802556818182
0.004765625,-39.1802556818182
0.0048046875,-39.1802556818182
0.00484375,-34.1802556818182
0.0048828125,-27.1802556818182
0.004921875,-18.1802556818182
0.0049609375,-10.1802556818182
0.005,-3.18025568181815
0.0050390625,1.81974431818185
0.005078125,5.81974431818185
0.0051171875,5.81974431818185
0.00515625,5.81974431818185
0.0051953125,3.81974431818185
0.005234375,0.819744318181847
0.0052734375,-6.18025568181815
0.0053125,-13.1802556818182
0.0053515625,-22.1802556818182
0.005390625,-31.1802556818182
0.0054296875,-34.1802556818182
0.00546875,-33.1802556818182
0.0055078125,-31.1802556818182
0.005546875,-26.1802556818182
0.0055859375,-17.1802556818182
0.005625,-7.18025568181815
0.0056640625,3.81974431818185
0.005703125,14.8197443181818
0.0057421875,26.8197443181818
0.00578125,37.8197443181818
0.0058203125,45.8197443181818
0.005859375,46.8197443181818
0.0058984375,42.8197443181818
0.0059375,32.8197443181818
0.0059765625,19.8197443181818
0.006015625,2.81974431818185
0.0060546875,-13.1802556818182
0.00609375,-25.1802556818182
0.0061328125,-32.1802556818182
0.006171875,-31.1802556818182
0.0062109375,-27.1802556818182
0.00625,-18.1802556818182
0.0062890625,-9.18025568181815
0.006328125,-0.180255681818153
0.0063671875,9.81974431818185
0.00640625,17.8197443181818
0.0064453125,24.8197443181818
0.006484375,26.8197443181818
0.0065234375,25.8197443181818
0.0065625,20.8197443181818
0.0066015625,10.8197443181818
0.006640625,-0.180255681818153
0.0066796875,-10.1802556818182
0.00671875,-18.1802556818182
0.0067578125,-22.1802556818182
0.006796875,-22.1802556818182
0.0068359375,-21.1802556818182
0.006875,-20.1802556818182
0.0069140625,-16.1802556818182
0.006953125,-10.1802556818182
0.0069921875,-2.18025568181815
0.00703125,4.81974431818185
0.0070703125,10.8197443181818
0.007109375,16.8197443181818
0.0071484375,22.8197443181818
0.0071875,25.8197443181818
0.0072265625,25.8197443181818
0.007265625,23.8197443181818
0.0073046875,18.8197443181818
0.00734375,11.8197443181818
0.0073828125,4.81974431818185
0.007421875,-2.18025568181815
0.0074609375,-7.18025568181815
0.0075,-9.18025568181815
0.0075390625,-8.18025568181815
0.007578125,-7.18025568181815
0.0076171875,-7.18025568181815
0.00765625,-5.18025568181815
0.0076953125,0.819744318181847
0.007734375,8.81974431818185
0.0077734375,16.8197443181818
0.0078125,24.8197443181818
0.0078515625,27.8197443181818
0.007890625,24.8197443181818
0.0079296875,16.8197443181818
0.00796875,4.81974431818185
0.0080078125,-10.1802556818182
0.008046875,-22.1802556818182
0.0080859375,-32.1802556818182
0.008125,-38.1802556818182
0.0081640625,-40.1802556818182
0.008203125,-40.1802556818182
0.0082421875,-37.1802556818182
0.00828125,-30.1802556818182
0.0083203125,-21.1802556818182
0.008359375,-9.18025568181815
0.0083984375,2.81974431818185
0.0084375,11.8197443181818
0.0084765625,16.8197443181818
0.008515625,20.8197443181818
0.0085546875,22.8197443181818
0.00859375,21.8197443181818
0.0086328125,20.8197443181818
0.008671875,20.8197443181818
0.0087109375,19.8197443181818
0.00875,19.8197443181818
0.0087890625,19.8197443181818
0.008828125,18.8197443181818
0.0088671875,15.8197443181818
0.00890625,9.81974431818185
0.0089453125,2.81974431818185
0.008984375,-4.18025568181815
0.0090234375,-7.18025568181815
0.0090625,-9.18025568181815
0.0091015625,-7.18025568181815
0.009140625,-6.18025568181815
0.0091796875,-7.18025568181815
0.00921875,-7.18025568181815
0.0092578125,-9.18025568181815
0.009296875,-12.1802556818182
0.0093359375,-15.1802556818182
0.009375,-18.1802556818182
0.0094140625,-21.1802556818182
0.009453125,-23.1802556818182
0.0094921875,-24.1802556818182
0.00953125,-22.1802556818182
0.0095703125,-17.1802556818182
0.009609375,-10.1802556818182
0.0096484375,-2.18025568181815
0.0096875,5.81974431818185
0.0097265625,14.8197443181818
0.009765625,21.8197443181818
0.0098046875,29.8197443181818
0.00984375,34.8197443181818
0.0098828125,37.8197443181818
0.009921875,39.8197443181818
0.0099609375,37.8197443181818
0.01,32.8197443181818
0.0100390625,25.8197443181818
0.010078125,16.8197443181818
0.0101171875,5.81974431818185
0.01015625,-7.18025568181815
0.0101953125,-20.1802556818182
0.010234375,-32.1802556818182
0.0102734375,-40.1802556818182
0.0103125,-40.1802556818182
0.0103515625,-35.1802556818182
0.010390625,-26.1802556818182
0.0104296875,-14.1802556818182
0.01046875,-1.18025568181815
0.0105078125,12.8197443181818
0.010546875,19.8197443181818
0.0105859375,23.8197443181818
0.010625,23.8197443181818
0.0106640625,20.8197443181818
0.010703125,16.8197443181818
0.0107421875,10.8197443181818
0.01078125,3.81974431818185
0.0108203125,-3.18025568181815
0.010859375,-8.18025568181815
0.0108984375,-13.1802556818182
0.0109375,-15.1802556818182
0.0109765625,-13.1802556818182
0.011015625,-8.18025568181815
0.0110546875,-4.18025568181815
0.01109375,-1.18025568181815
0.0111328125,-0.180255681818153
0.011171875,-0.180255681818153
0.0112109375,-1.18025568181815
0.01125,-2.18025568181815
0.0112890625,-4.18025568181815
0.011328125,-7.18025568181815
0.0113671875,-12.1802556818182
0.01140625,-16.1802556818182
0.0114453125,-19.1802556818182
0.011484375,-21.1802556818182
0.0115234375,-22.1802556818182
0.0115625,-21.1802556818182
0.0116015625,-18.1802556818182
0.011640625,-11.1802556818182
0.0116796875,-4.18025568181815
0.01171875,5.81974431818185
0.0117578125,14.8197443181818
0.011796875,22.8197443181818
0.0118359375,25.8197443181818
0.011875,23.8197443181818
0.0119140625,18.8197443181818
0.011953125,11.8197443181818
0.0119921875,4.81974431818185
0.01203125,-0.180255681818153
0.0120703125,-5.18025568181815
0.012109375,-12.1802556818182
0.0121484375,-17.1802556818182
0.0121875,-20.1802556818182
0.0122265625,-21.1802556818182
0.012265625,-18.1802556818182
0.0123046875,-13.1802556818182
0.01234375,-8.18025568181815
0.0123828125,-3.18025568181815
0.012421875,1.81974431818185
0.0124609375,2.81974431818185
0.0125,4.81974431818185
0.0125390625,6.81974431818185
0.012578125,6.81974431818185
0.0126171875,5.81974431818185
0.01265625,2.81974431818185
0.0126953125,-0.180255681818153
0.012734375,-2.18025568181815
0.0127734375,-2.18025568181815
0.0128125,-2.18025568181815
0.0128515625,1.81974431818185
0.012890625,10.8197443181818
0.0129296875,21.8197443181818
0.01296875,36.8197443181818
0.0130078125,52.8197443181818
0.013046875,67.8197443181818
0.0130859375,77.8197443181818
0.013125,80.8197443181818
0.0131640625,74.8197443181818
0.013203125,61.8197443181818
0.0132421875,44.8197443181818
0.01328125,22.8197443181818
0.0133203125,0.819744318181847
0.013359375,-24.1802556818182
0.0133984375,-47.1802556818182
0.0134375,-66.1802556818182
0.0134765625,-78.1802556818182
0.013515625,-82.1802556818182
0.0135546875,-80.1802556818182
0.01359375,-70.1802556818182
0.0136328125,-55.1802556818182
0.013671875,-36.1802556818182
0.0137109375,-15.1802556818182
0.01375,1.81974431818185
0.0137890625,11.8197443181818
0.013828125,16.8197443181818
0.0138671875,14.8197443181818
0.01390625,12.8197443181818
0.0139453125,5.81974431818185
0.013984375,-2.18025568181815
0.0140234375,-10.1802556818182
0.0140625,-17.1802556818182
0.0141015625,-22.1802556818182
0.014140625,-23.1802556818182
0.0141796875,-21.1802556818182
0.01421875,-15.1802556818182
0.0142578125,-5.18025568181815
0.014296875,5.81974431818185
0.0143359375,13.8197443181818
0.014375,18.8197443181818
0.0144140625,23.8197443181818
0.014453125,25.8197443181818
0.0144921875,25.8197443181818
0.01453125,23.8197443181818
0.0145703125,21.8197443181818
0.014609375,20.8197443181818
0.0146484375,18.8197443181818
0.0146875,19.8197443181818
0.0147265625,16.8197443181818
0.014765625,14.8197443181818
0.0148046875,9.81974431818185
0.01484375,3.81974431818185
0.0148828125,0.819744318181847
0.014921875,-0.180255681818153
0.0149609375,0.819744318181847
0.015,2.81974431818185
0.0150390625,5.81974431818185
0.015078125,8.81974431818185
0.0151171875,9.81974431818185
0.01515625,10.8197443181818
0.0151953125,12.8197443181818
0.015234375,10.8197443181818
0.0152734375,7.81974431818185
0.0153125,1.81974431818185
0.0153515625,-7.18025568181815
0.015390625,-18.1802556818182
0.0154296875,-28.1802556818182
0.01546875,-38.1802556818182
0.0155078125,-44.1802556818182
0.015546875,-46.1802556818182
0.0155859375,-43.1802556818182
0.015625,-38.1802556818182
0.0156640625,-30.1802556818182
0.015703125,-19.1802556818182
0.0157421875,-8.18025568181815
0.01578125,1.81974431818185
0.0158203125,10.8197443181818
0.015859375,17.8197443181818
0.0158984375,24.8197443181818
0.0159375,30.8197443181818
0.0159765625,31.8197443181818
0.016015625,27.8197443181818
0.0160546875,18.8197443181818
0.01609375,6.81974431818185
0.0161328125,-4.18025568181815
0.016171875,-14.1802556818182
0.0162109375,-22.1802556818182
0.01625,-24.1802556818182
0.0162890625,-24.1802556818182
0.016328125,-20.1802556818182
0.0163671875,-14.1802556818182
0.01640625,-6.18025568181815
0.0164453125,0.819744318181847
0.016484375,6.81974431818185
0.0165234375,11.8197443181818
0.0165625,16.8197443181818
0.0166015625,19.8197443181818
0.016640625,19.8197443181818
0.0166796875,14.8197443181818
0.01671875,7.81974431818185
0.0167578125,-0.180255681818153
0.016796875,-6.18025568181815
0.0168359375,-10.1802556818182
0.016875,-11.1802556818182
0.0169140625,-11.1802556818182
0.016953125,-7.18025568181815
0.0169921875,-1.18025568181815
0.01703125,6.81974431818185
0.0170703125,16.8197443181818
0.017109375,24.8197443181818
0.0171484375,31.8197443181818
0.0171875,38.8197443181818
0.0172265625,41.8197443181818
0.017265625,42.8197443181818
0.0173046875,39.8197443181818
0.01734375,31.8197443181818
0.0173828125,17.8197443181818
0.017421875,3.81974431818185
0.0174609375,-11.1802556818182
0.0175,-24.1802556818182
0.0175390625,-33.1802556818182
0.017578125,-39.1802556818182
0.0176171875,-41.1802556818182
0.01765625,-38.1802556818182
0.0176953125,-34.1802556818182
0.017734375,-30.1802556818182
0.0177734375,-25.1802556818182
0.0178125,-17.1802556818182
0.0178515625,-6.18025568181815
0.017890625,1.81974431818185
0.0179296875,5.81974431818185
0.01796875,6.81974431818185
0.0180078125,2.81974431818185
0.018046875,-3.18025568181815
0.0180859375,-11.1802556818182
0.018125,-18.1802556818182
0.0181640625,-23.1802556818182
0.018203125,-24.1802556818182
0.0182421875,-24.1802556818182
0.01828125,-24.1802556818182
0.0183203125,-22.1802556818182
0.018359375,-17.1802556818182
0.0183984375,-8.18025568181815
0.0184375,1.81974431818185
0.0184765625,13.8197443181818
0.018515625,26.8197443181818
0.0185546875,36.8197443181818
0.01859375,44.8197443181818
0.0186328125,47.8197443181818
0.018671875,45.8197443181818
0.0187109375,40.8197443181818
0.01875,31.8197443181818
0.0187890625,22.8197443181818
0.018828125,17.8197443181818
0.0188671875,13.8197443181818
0.01890625,11.8197443181818
0.0189453125,12.8197443181818
0.018984375,15.8197443181818
0.0190234375,18.8197443181818
0.0190625,23.8197443181818
0.0191015625,29.8197443181818
0.019140625,35.8197443181818
0.0191796875,39.8197443181818
0.01921875,41.8197443181818
0.0192578125,37.8197443181818
0.019296875,30.8197443181818
0.0193359375,17.8197443181818
0.019375,1.81974431818185
0.0194140625,-15.1802556818182
0.019453125,-30.1802556818182
0.0194921875,-41.1802556818182
0.01953125,-48.1802556818182
0.0195703125,-51.1802556818182
0.019609375,-54.1802556818182
0.0196484375,-53.1802556818182
0.0196875,-50.1802556818182
0.0197265625,-45.1802556818182
0.019765625,-38.1802556818182
0.0198046875,-33.1802556818182
0.01984375,-30.1802556818182
0.0198828125,-26.1802556818182
0.019921875,-23.1802556818182
0.0199609375,-22.1802556818182
0.02,-22.1802556818182
0.0200390625,-22.1802556818182
0.020078125,-23.1802556818182
0.0201171875,-22.1802556818182
0.02015625,-18.1802556818182
0.0201953125,-12.1802556818182
0.020234375,-3.18025568181815
0.0202734375,5.81974431818185
0.0203125,12.8197443181818
0.0203515625,17.8197443181818
0.020390625,20.8197443181818
0.0204296875,25.8197443181818
0.02046875,30.8197443181818
0.0205078125,36.8197443181818
0.020546875,37.8197443181818
0.0205859375,32.8197443181818
0.020625,24.8197443181818
0.0206640625,11.8197443181818
0.020703125,-0.180255681818153
0.0207421875,-11.1802556818182
0.02078125,-21.1802556818182
0.0208203125,-31.1802556818182
0.020859375,-38.1802556818182
0.0208984375,-42.1802556818182
0.0209375,-43.1802556818182
0.0209765625,-40.1802556818182
0.021015625,-32.1802556818182
0.0210546875,-18.1802556818182
0.02109375,-0.180255681818153
0.0211328125,16.8197443181818
0.021171875,33.8197443181818
0.0212109375,45.8197443181818
0.02125,51.8197443181818
0.0212890625,50.8197443181818
0.021328125,44.8197443181818
0.0213671875,35.8197443181818
0.02140625,28.8197443181818
0.0214453125,23.8197443181818
0.021484375,22.8197443181818
0.0215234375,21.8197443181818
0.0215625,20.8197443181818
0.0216015625,17.8197443181818
0.021640625,15.8197443181818
0.0216796875,15.8197443181818
0.02171875,15.8197443181818
0.0217578125,18.8197443181818
0.021796875,20.8197443181818
0.0218359375,18.8197443181818
0.021875,15.8197443181818
0.0219140625,10.8197443181818
0.021953125,6.81974431818185
0.0219921875,1.81974431818185
0.02203125,-4.18025568181815
0.0220703125,-11.1802556818182
0.022109375,-17.1802556818182
0.0221484375,-24.1802556818182
0.0221875,-29.1802556818182
0.0222265625,-28.1802556818182
0.022265625,-25.1802556818182
0.0223046875,-21.1802556818182
0.02234375,-16.1802556818182
0.0223828125,-11.1802556818182
0.022421875,-7.18025568181815
0.0224609375,-2.18025568181815
0.0225,0.819744318181847
0.0225390625,1.81974431818185
0.022578125,-3.18025568181815
0.0226171875,-13.1802556818182
0.02265625,-25.1802556818182
0.0226953125,-36.1802556818182
0.022734375,-44.1802556818182
0.0227734375,-50.1802556818182
0.0228125,-49.1802556818182
0.0228515625,-45.1802556818182
0.022890625,-39.1802556818182
0.0229296875,-31.1802556818182
0.02296875,-21.1802556818182
0.0230078125,-9.18025568181815
0.023046875,6.81974431818185
0.0230859375,24.8197443181818
0.023125,38.8197443181818
0.0231640625,49.8197443181818
0.023203125,54.8197443181818
0.0232421875,54.8197443181818
0.02328125,52.8197443181818
0.0233203125,45.8197443181818
0.023359375,37.8197443181818
0.0233984375,29.8197443181818
0.0234375,20.8197443181818
0.0234765625,11.8197443181818
0.023515625,2.81974431818185
0.0235546875,-2.18025568181815
0.02359375,-4.18025568181815
0.0236328125,-3.18025568181815
0.023671875,-1.18025568181815
0.0237109375,-0.180255681818153
0.02375,-0.180255681818153
0.0237890625,-1.18025568181815
0.023828125,-3.18025568181815
0.0238671875,-7.18025568181815
0.02390625,-13.1802556818182
0.0239453125,-19.1802556818182
0.023984375,-24.1802556818182
0.0240234375,-25.1802556818182
0.0240625,-25.1802556818182
0.0241015625,-24.1802556818182
0.024140625,-26.1802556818182
0.0241796875,-30.1802556818182
0.02421875,-33.1802556818182
0.0242578125,-35.1802556818182
0.024296875,-32.1802556818182
0.0243359375,-23.1802556818182
0.024375,-10.1802556818182
0.0244140625,4.81974431818185
0.024453125,21.8197443181818
0.0244921875,36.8197443181818
0.02453125,50.8197443181818
0.0245703125,60.8197443181818
0.024609375,64.8197443181818
0.0246484375,59.8197443181818
0.0246875,49.8197443181818
0.0247265625,33.8197443181818
0.024765625,14.8197443181818
0.0248046875,-2.18025568181815
0.02484375,-16.1802556818182
0.0248828125,-29.1802556818182
0.024921875,-36.1802556818182
0.0249609375,-39.1802556818182
0.025,-36.1802556818182
0.0250390625,-29.1802556818182
0.025078125,-20.1802556818182
0.0251171875,-11.1802556818182
0.02515625,-2.18025568181815
0.0251953125,3.81974431818185
0.025234375,6.81974431818185
0.0252734375,6.81974431818185
0.0253125,5.81974431818185
0.0253515625,3.81974431818185
0.025390625,-0.180255681818153
0.0254296875,-6.18025568181815
0.02546875,-13.1802556818182
0.0255078125,-18.1802556818182
0.025546875,-22.1802556818182
0.0255859375,-22.1802556818182
0.025625,-20.1802556818182
0.0256640625,-13.1802556818182
0.025703125,-4.18025568181815
0.0257421875,6.81974431818185
0.02578125,16.8197443181818
0.0258203125,24.8197443181818
0.025859375,30.8197443181818
0.0258984375,34.8197443181818
0.0259375,34.8197443181818
0.0259765625,31.8197443181818
0.026015625,26.8197443181818
0.0260546875,22.8197443181818
0.02609375,16.8197443181818
0.0261328125,10.8197443181818
0.026171875,4.81974431818185
0.0262109375,1.81974431818185
0.02625,1.81974431818185
0.0262890625,4.81974431818185
0.026328125,9.81974431818185
0.0263671875,12.8197443181818
0.02640625,14.8197443181818
0.0264453125,15.8197443181818
0.026484375,17.8197443181818
0.0265234375,17.8197443181818
0.0265625,15.8197443181818
0.0266015625,9.81974431818185
0.026640625,-1.18025568181815
0.0266796875,-15.1802556818182
0.02671875,-32.1802556818182
0.0267578125,-51.1802556818182
0.026796875,-66.1802556818182
0.0268359375,-79.1802556818182
0.026875,-88.1802556818182
0.0269140625,-92.1802556818182
0.026953125,-88.1802556818182
0.0269921875,-79.1802556818182
0.02703125,-65.1802556818182
0.0270703125,-47.1802556818182
0.027109375,-29.1802556818182
0.0271484375,-13.1802556818182
0.0271875,-0.180255681818153
0.0272265625,10.8197443181818
0.027265625,21.8197443181818
0.0273046875,29.8197443181818
0.02734375,36.8197443181818
0.0273828125,40.8197443181818
0.027421875,39.8197443181818
0.0274609375,38.8197443181818
0.0275,39.8197443181818
0.0275390625,42.8197443181818
0.027578125,49.8197443181818
0.0276171875,58.8197443181818
0.02765625,68.8197443181818
0.0276953125,77.8197443181818
0.027734375,84.8197443181818
0.0277734375,87.8197443181818
0.0278125,84.8197443181818
0.0278515625,77.8197443181818
0.027890625,66.8197443181818
0.0279296875,51.8197443181818
0.02796875,35.8197443181818
0.0280078125,15.8197443181818
0.028046875,-7.18025568181815
0.0280859375,-27.1802556818182
0.028125,-45.1802556818182
0.0281640625,-57.1802556818182
0.028203125,-64.1802556818182
0.0282421875,-68.1802556818182
0.02828125,-67.1802556818182
0.0283203125,-61.1802556818182
0.028359375,-53.1802556818182
0.0283984375,-45.1802556818182
0.0284375,-38.1802556818182
0.0284765625,-32.1802556818182
0.028515625,-27.1802556818182
0.0285546875,-19.1802556818182
0.02859375,-13.1802556818182
0.0286328125,-7.18025568181815
0.028671875,-2.18025568181815
0.0287109375,-0.180255681818153
0.02875,-1.18025568181815
0.0287890625,-2.18025568181815
0.028828125,-4.18025568181815
0.0288671875,-3.18025568181815
0.02890625,0.819744318181847
0.0289453125,5.81974431818185
0.028984375,12.8197443181818
0.0290234375,18.8197443181818
0.0290625,22.8197443181818
0.0291015625,23.8197443181818
0.029140625,21.8197443181818
0.0291796875,17.8197443181818
0.02921875,11.8197443181818
0.0292578125,5.81974431818185
0.029296875,-0.180255681818153
0.0293359375,-7.18025568181815
0.029375,-12.1802556818182
0.0294140625,-18.1802556818182
0.029453125,-24.1802556818182
0.0294921875,-28.1802556818182
0.02953125,-31.1802556818182
0.0295703125,-33.1802556818182
0.029609375,-31.1802556818182
0.0296484375,-28.1802556818182
0.0296875,-25.1802556818182
0.0297265625,-21.1802556818182
0.029765625,-15.1802556818182
0.0298046875,-8.18025568181815
0.02984375,0.819744318181847
0.0298828125,8.81974431818185
0.029921875,15.8197443181818
0.0299609375,18.8197443181818
0.03,19.8197443181818
0.0300390625,16.8197443181818
0.030078125,10.8197443181818
0.0301171875,4.81974431818185
0.03015625,1.81974431818185
0.0301953125,2.81974431818185
0.030234375,7.81974431818185
0.0302734375,12.8197443181818
0.0303125,21.8197443181818
0.0303515625,30.8197443181818
0.030390625,38.8197443181818
0.0304296875,44.8197443181818
0.03046875,46.8197443181818
0.0305078125,45.8197443181818
0.030546875,43.8197443181818
0.0305859375,38.8197443181818
0.030625,33.8197443181818
0.0306640625,23.8197443181818
0.030703125,12.8197443181818
0.0307421875,-2.18025568181815
0.03078125,-17.1802556818182
0.0308203125,-28.1802556818182
0.030859375,-35.1802556818182
0.0308984375,-37.1802556818182
0.0309375,-37.1802556818182
0.0309765625,-38.1802556818182
0.031015625,-35.1802556818182
0.0310546875,-33.1802556818182
0.03109375,-30.1802556818182
0.0311328125,-25.1802556818182
0.031171875,-19.1802556818182
0.0312109375,-13.1802556818182
0.03125,-8.18025568181815
0.0312890625,-5.18025568181815
0.031328125,-3.18025568181815
0.0313671875,-3.18025568181815
0.03140625,-5.18025568181815
0.0314453125,-7.18025568181815
0.031484375,-7.18025568181815
0.0315234375,-6.18025568181815
0.0315625,-5.18025568181815
0.0316015625,-3.18025568181815
0.031640625,-1.18025568181815
0.0316796875,1.81974431818185
0.03171875,5.81974431818185
0.0317578125,12.8197443181818
0.031796875,20.8197443181818
0.0318359375,31.8197443181818
0.031875,43.8197443181818
0.0319140625,51.8197443181818
0.031953125,53.8197443181818
0.0319921875,49.8197443181818
0.03203125,41.8197443181818
0.0320703125,30.8197443181818
0.032109375,15.8197443181818
0.0321484375,-2.18025568181815
0.0321875,-19.1802556818182
0.0322265625,-30.1802556818182
0.032265625,-37.1802556818182
0.0323046875,-36.1802556818182
0.03234375,-30.1802556818182
0.0323828125,-22.1802556818182
0.032421875,-11.1802556818182
0.0324609375,-1.18025568181815
0.0325,10.8197443181818
0.0325390625,20.8197443181818
0.032578125,26.8197443181818
0.0326171875,26.8197443181818
0.03265625,23.8197443181818
0.0326953125,14.8197443181818
0.032734375,3.81974431818185
0.0327734375,-6.18025568181815
0.0328125,-14.1802556818182
0.0328515625,-18.1802556818182
0.032890625,-17.1802556818182
0.0329296875,-15.1802556818182
0.03296875,-13.1802556818182
0.0330078125,-11.1802556818182
0.033046875,-9.18025568181815
0.0330859375,-8.18025568181815
0.033125,-5.18025568181815
0.0331640625,-3.18025568181815
0.033203125,-3.18025568181815
0.0332421875,-5.18025568181815
0.03328125,-11.1802556818182
0.0333203125,-18.1802556818182
0.033359375,-23.1802556818182
0.0333984375,-29.1802556818182
0.0334375,-34.1802556818182
0.0334765625,-35.1802556818182
0.033515625,-32.1802556818182
0.0335546875,-25.1802556818182
0.03359375,-14.1802556818182
0.0336328125,-3.18025568181815
0.033671875,7.81974431818185
0.0337109375,20.8197443181818
0.03375,34.8197443181818
0.0337890625,47.8197443181818
0.033828125,58.8197443181818
0.0338671875,65.8197443181818
0.03390625,66.8197443181818
0.0339453125,62.8197443181818
0.033984375,52.8197443181818
0.0340234375,36.8197443181818
0.0340625,19.8197443181818
0.0341015625,2.81974431818185
0.034140625,-12.1802556818182
0.0341796875,-24.1802556818182
0.03421875,-35.1802556818182
0.0342578125,-47.1802556818182
0.034296875,-55.1802556818182
0.0343359375,-60.1802556818182
0.034375,-62.1802556818182
0.0344140625,-63.1802556818182
0.034453125,-59.1802556818182
0.0344921875,-52.1802556818182
0.03453125,-42.1802556818182
0.0345703125,-30.1802556818182
0.034609375,-20.1802556818182
0.0346484375,-12.1802556818182
0.0346875,-6.18025568181815
0.0347265625,-0.180255681818153
0.034765625,4.81974431818185
0.0348046875,7.81974431818185
0.03484375,10.8197443181818
0.0348828125,13.8197443181818
0.034921875,19.8197443181818
0.0349609375,26.8197443181818
0.035,33.8197443181818
0.0350390625,40.8197443181818
0.035078125,49.8197443181818
0.0351171875,58.8197443181818
0.03515625,64.8197443181818
0.0351953125,67.8197443181818
0.035234375,67.8197443181818
0.0352734375,60.8197443181818
0.0353125,49.8197443181818
0.0353515625,33.8197443181818
0.035390625,17.8197443181818
0.0354296875,0.819744318181847
0.03546875,-18.1802556818182
0.0355078125,-37.1802556818182
0.035546875,-55.1802556818182
0.0355859375,-69.1802556818182
0.035625,-77.1802556818182
0.0356640625,-77.1802556818182
0.035703125,-70.1802556818182
0.0357421875,-60.1802556818182
0.03578125,-45.1802556818182
0.0358203125,-28.1802556818182
0.035859375,-10.1802556818182
0.0358984375,6.81974431818185
0.0359375,18.8197443181818
0.0359765625,23.8197443181818
0.036015625,22.8197443181818
0.0360546875,17.8197443181818
0.03609375,11.8197443181818
0.0361328125,7.81974431818185
0.036171875,6.81974431818185
0.0362109375,7.81974431818185
0.03625,9.81974431818185
0.0362890625,12.8197443181818
0.036328125,19.8197443181818
0.0363671875,28.8197443181818
0.03640625,38.8197443181818
0.0364453125,45.8197443181818
0.036484375,49.8197443181818
0.0365234375,49.8197443181818
0.0365625,48.8197443181818
0.0366015625,45.8197443181818
0.036640625,43.8197443181818
0.0366796875,39.8197443181818
0.03671875,33.8197443181818
0.0367578125,24.8197443181818
0.036796875,14.8197443181818
0.0368359375,4.81974431818185
0.036875,-3.18025568181815
0.0369140625,-10.1802556818182
0.036953125,-16.1802556818182
0.0369921875,-22.1802556818182
0.03703125,-25.1802556818182
0.0370703125,-26.1802556818182
0.037109375,-22.1802556818182
0.0371484375,-19.1802556818182
0.0371875,-18.1802556818182
0.0372265625,-20.1802556818182
0.037265625,-26.1802556818182
0.0373046875,-34.1802556818182
0.03734375,-42.1802556818182
0.0373828125,-49.1802556818182
0.037421875,-55.1802556818182
0.0374609375,-58.1802556818182
0.0375,-59.1802556818182
0.0375390625,-61.1802556818182
0.037578125,-60.1802556818182
0.0376171875,-56.1802556818182
0.03765625,-46.1802556818182
0.0376953125,-31.1802556818182
0.037734375,-14.1802556818182
0.0377734375,0.819744318181847
0.0378125,14.8197443181818
0.0378515625,26.8197443181818
0.037890625,37.8197443181818
0.0379296875,45.8197443181818
0.03796875,50.8197443181818
0.0380078125,52.8197443181818
0.038046875,54.8197443181818
0.0380859375,55.8197443181818
0.038125,53.8197443181818
0.0381640625,51.8197443181818
0.038203125,47.8197443181818
0.0382421875,41.8197443181818
0.03828125,38.8197443181818
0.0383203125,35.8197443181818
0.038359375,32.8197443181818
0.0383984375,28.8197443181818
0.0384375,22.8197443181818
0.0384765625,13.8197443181818
0.038515625,1.81974431818185
0.0385546875,-14.1802556818182
0.03859375,-31.1802556818182
0.0386328125,-45.1802556818182
0.038671875,-55.1802556818182
0.0387109375,-63.1802556818182
0.03875,-68.1802556818182
0.0387890625,-69.1802556818182
0.038828125,-68.1802556818182
0.0388671875,-63.1802556818182
0.03890625,-57.1802556818182
0.0389453125,-48.1802556818182
0.038984375,-37.1802556818182
0.0390234375,-27.1802556818182
0.0390625,-15.1802556818182
0.0391015625,-3.18025568181815
0.039140625,7.81974431818185
0.0391796875,18.8197443181818
0.03921875,29.8197443181818
0.0392578125,37.8197443181818
0.039296875,43.8197443181818
0.0393359375,48.8197443181818
0.039375,52.8197443181818
0.0394140625,52.8197443181818
0.039453125,50.8197443181818
0.0394921875,44.8197443181818
0.03953125,36.8197443181818
0.0395703125,28.8197443181818
0.039609375,19.8197443181818
0.0396484375,12.8197443181818
0.0396875,7.81974431818185
0.0397265625,2.81974431818185
0.039765625,-0.180255681818153
0.0398046875,-2.18025568181815
0.03984375,-5.18025568181815
0.0398828125,-8.18025568181815
0.039921875,-9.18025568181815
0.0399609375,-9.18025568181815
0.04,-10.1802556818182
0.0400390625,-11.1802556818182
0.040078125,-16.1802556818182
0.0401171875,-20.1802556818182
0.04015625,-27.1802556818182
0.0401953125,-33.1802556818182
0.040234375,-38.1802556818182
0.0402734375,-42.1802556818182
0.0403125,-44.1802556818182
0.0403515625,-42.1802556818182
0.040390625,-39.1802556818182
0.0404296875,-34.1802556818182
0.04046875,-29.1802556818182
0.0405078125,-22.1802556818182
0.040546875,-15.1802556818182
0.0405859375,-6.18025568181815
0.040625,4.81974431818185
0.0406640625,16.8197443181818
0.040703125,29.8197443181818
0.0407421875,39.8197443181818
0.04078125,45.8197443181818
0.0408203125,49.8197443181818
0.040859375,49.8197443181818
0.0408984375,49.8197443181818
0.0409375,49.8197443181818
0.0409765625,50.8197443181818
0.041015625,51.8197443181818
0.0410546875,49.8197443181818
0.04109375,48.8197443181818
0.0411328125,45.8197443181818
0.041171875,39.8197443181818
0.0412109375,33.8197443181818
0.04125,26.8197443181818
0.0412890625,19.8197443181818
0.041328125,10.8197443181818
0.0413671875,-0.180255681818153
0.04140625,-13.1802556818182
0.0414453125,-29.1802556818182
0.041484375,-45.1802556818182
0.0415234375,-60.1802556818182
0.0415625,-71.1802556818182
0.0416015625,-76.1802556818182
0.041640625,-74.1802556818182
0.0416796875,-69.1802556818182
0.04171875,-60.1802556818182
0.0417578125,-51.1802556818182
0.041796875,-38.1802556818182
0.0418359375,-22.1802556818182
0.041875,-6.18025568181815
0.0419140625,10.8197443181818
0.041953125,23.8197443181818
0.0419921875,34.8197443181818
0.04203125,39.8197443181818
0.0420703125,40.8197443181818
0.042109375,37.8197443181818
0.0421484375,32.8197443181818
0.0421875,27.8197443181818
0.0422265625,24.8197443181818
0.042265625,22.8197443181818
0.0423046875,21.8197443181818
0.04234375,21.8197443181818
0.0423828125,22.8197443181818
0.042421875,21.8197443181818
0.0424609375,20.8197443181818
0.0425,18.8197443181818
0.0425390625,16.8197443181818
0.042578125,13.8197443181818
0.0426171875,9.81974431818185
0.04265625,3.81974431818185
0.0426953125,-6.18025568181815
0.042734375,-20.1802556818182
0.0427734375,-37.1802556818182
0.0428125,-52.1802556818182
0.0428515625,-65.1802556818182
0.042890625,-73.1802556818182
0.0429296875,-76.1802556818182
0.04296875,-72.1802556818182
0.0430078125,-61.1802556818182
0.043046875,-46.1802556818182
0.0430859375,-29.1802556818182
0.043125,-11.1802556818182
0.0431640625,6.81974431818185
0.043203125,23.8197443181818
0.0432421875,34.8197443181818
0.04328125,42.8197443181818
0.0433203125,44.8197443181818
0.043359375,41.8197443181818
0.0433984375,35.8197443181818
0.0434375,27.8197443181818
0.0434765625,20.8197443181818
0.043515625,14.8197443181818
0.0435546875,12.8197443181818
0.04359375,14.8197443181818
0.0436328125,18.8197443181818
0.043671875,22.8197443181818
0.0437109375,22.8197443181818
0.04375,19.8197443181818
0.0437890625,12.8197443181818
0.043828125,3.81974431818185
0.0438671875,-6.18025568181815
0.04390625,-16.1802556818182
0.0439453125,-25.1802556818182
0.043984375,-33.1802556818182
0.0440234375,-39.1802556818182
0.0440625,-43.1802556818182
0.0441015625,-42.1802556818182
0.044140625,-39.1802556818182
0.0441796875,-34.1802556818182
0.04421875,-29.1802556818182
0.0442578125,-21.1802556818182
0.044296875,-14.1802556818182
0.0443359375,-7.18025568181815
0.044375,-1.18025568181815
0.0444140625,3.81974431818185
0.044453125,5.81974431818185
0.0444921875,7.81974431818185
0.04453125,10.8197443181818
0.0445703125,14.8197443181818
0.044609375,21.8197443181818
0.0446484375,27.8197443181818
0.0446875,31.8197443181818
0.0447265625,34.8197443181818
0.044765625,36.8197443181818
0.0448046875,37.8197443181818
0.04484375,37.8197443181818
0.0448828125,36.8197443181818
0.044921875,34.8197443181818
0.0449609375,32.8197443181818
0.045,30.8197443181818
0.0450390625,27.8197443181818
0.045078125,25.8197443181818
0.0451171875,23.8197443181818
0.04515625,20.8197443181818
0.0451953125,19.8197443181818
0.045234375,15.8197443181818
0.0452734375,10.8197443181818
0.0453125,4.81974431818185
0.0453515625,-3.18025568181815
0.045390625,-13.1802556818182
0.0454296875,-23.1802556818182
0.04546875,-32.1802556818182
0.0455078125,-36.1802556818182
0.045546875,-36.1802556818182
0.0455859375,-32.1802556818182
0.045625,-27.1802556818182
0.0456640625,-22.1802556818182
0.045703125,-17.1802556818182
0.0457421875,-12.1802556818182
0.04578125,-5.18025568181815
0.0458203125,2.81974431818185
0.045859375,6.81974431818185
0.0458984375,8.81974431818185
0.0459375,7.81974431818185
0.0459765625,4.81974431818185
0.046015625,-1.18025568181815
0.0460546875,-8.18025568181815
0.04609375,-16.1802556818182
0.0461328125,-21.1802556818182
0.046171875,-25.1802556818182
0.0462109375,-28.1802556818182
0.04625,-30.1802556818182
0.0462890625,-31.1802556818182
0.046328125,-31.1802556818182
0.0463671875,-29.1802556818182
0.04640625,-27.1802556818182
0.0464453125,-23.1802556818182
0.046484375,-16.1802556818182
0.0465234375,-5.18025568181815
0.0465625,5.81974431818185
0.0466015625,14.8197443181818
0.046640625,18.8197443181818
0.0466796875,18.8197443181818
0.04671875,14.8197443181818
0.0467578125,10.8197443181818
0.046796875,6.81974431818185
0.0468359375,4.81974431818185
0.046875,3.81974431818185
0.0469140625,4.81974431818185
0.046953125,8.81974431818185
0.0469921875,11.8197443181818
0.04703125,16.8197443181818
0.0470703125,21.8197443181818
0.047109375,29.8197443181818
0.0471484375,36.8197443181818
0.0471875,41.8197443181818
0.0472265625,41.8197443181818
0.047265625,39.8197443181818
0.0473046875,36.8197443181818
0.04734375,28.8197443181818
0.0473828125,19.8197443181818
0.047421875,7.81974431818185
0.0474609375,-5.18025568181815
0.0475,-16.1802556818182
0.0475390625,-26.1802556818182
0.047578125,-33.1802556818182
0.0476171875,-41.1802556818182
0.04765625,-47.1802556818182
0.0476953125,-52.1802556818182
0.047734375,-57.1802556818182
0.0477734375,-58.1802556818182
0.0478125,-54.1802556818182
0.0478515625,-49.1802556818182
0.047890625,-44.1802556818182
0.0479296875,-40.1802556818182
0.04796875,-37.1802556818182
0.0480078125,-34.1802556818182
0.048046875,-30.1802556818182
0.0480859375,-24.1802556818182
0.048125,-14.1802556818182
0.0481640625,-4.18025568181815
0.048203125,7.81974431818185
0.0482421875,19.8197443181818
0.04828125,29.8197443181818
0.0483203125,39.8197443181818
0.048359375,49.8197443181818
0.0483984375,60.8197443181818
0.0484375,69.8197443181818
0.0484765625,77.8197443181818
0.048515625,81.8197443181818
0.0485546875,83.8197443181818
0.04859375,84.8197443181818
0.0486328125,82.8197443181818
0.048671875,76.8197443181818
0.0487109375,66.8197443181818
0.04875,54.8197443181818
0.0487890625,41.8197443181818
0.048828125,29.8197443181818
0.0488671875,16.8197443181818
0.04890625,3.81974431818185
0.0489453125,-10.1802556818182
0.048984375,-22.1802556818182
0.0490234375,-32.1802556818182
0.0490625,-38.1802556818182
0.0491015625,-41.1802556818182
0.049140625,-44.1802556818182
0.0491796875,-44.1802556818182
0.04921875,-46.1802556818182
0.0492578125,-47.1802556818182
0.049296875,-47.1802556818182
0.0493359375,-47.1802556818182
0.049375,-44.1802556818182
0.0494140625,-39.1802556818182
0.049453125,-34.1802556818182
0.0494921875,-28.1802556818182
0.04953125,-20.1802556818182
0.0495703125,-12.1802556818182
0.049609375,-5.18025568181815
0.0496484375,0.819744318181847
0.0496875,7.81974431818185
0.0497265625,13.8197443181818
0.049765625,21.8197443181818
0.0498046875,28.8197443181818
0.04984375,35.8197443181818
0.0498828125,39.8197443181818
0.049921875,38.8197443181818
0.0499609375,34.8197443181818
0.05,27.8197443181818
0.0500390625,19.8197443181818
0.050078125,9.81974431818185
0.0501171875,-0.180255681818153
0.05015625,-14.1802556818182
0.0501953125,-30.1802556818182
0.050234375,-47.1802556818182
0.0502734375,-61.1802556818182
0.0503125,-70.1802556818182
0.0503515625,-75.1802556818182
0.050390625,-76.1802556818182
0.0504296875,-72.1802556818182
0.05046875,-64.1802556818182
0.0505078125,-55.1802556818182
0.050546875,-47.1802556818182
0.0505859375,-38.1802556818182
0.050625,-30.1802556818182
0.0506640625,-23.1802556818182
0.050703125,-16.1802556818182
0.0507421875,-10.1802556818182
0.05078125,-4.18025568181815
0.0508203125,2.81974431818185
0.050859375,11.8197443181818
0.0508984375,20.8197443181818
0.0509375,25.8197443181818
0.0509765625,28.8197443181818
0.051015625,33.8197443181818
0.0510546875,41.8197443181818
0.05109375,51.8197443181818
0.0511328125,61.8197443181818
0.051171875,67.8197443181818
0.0512109375,68.8197443181818
0.05125,66.8197443181818
0.0512890625,61.8197443181818
0.051328125,54.8197443181818
0.0513671875,45.8197443181818
0.05140625,37.8197443181818
0.0514453125,31.8197443181818
0.051484375,23.8197443181818
0.0515234375,17.8197443181818
0.0515625,10.8197443181818
0.0516015625,4.81974431818185
0.051640625,-0.180255681818153
0.0516796875,-4.18025568181815
0.05171875,-7.18025568181815
0.0517578125,-9.18025568181815
0.051796875,-9.18025568181815
0.0518359375,-11.1802556818182
0.051875,-11.1802556818182
0.0519140625,-13.1802556818182
0.051953125,-13.1802556818182
0.0519921875,-14.1802556818182
0.05203125,-16.1802556818182
0.0520703125,-18.1802556818182
0.052109375,-22.1802556818182
0.0521484375,-25.1802556818182
0.0521875,-27.1802556818182
0.0522265625,-30.1802556818182
0.052265625,-29.1802556818182
0.0523046875,-25.1802556818182
0.05234375,-15.1802556818182
0.0523828125,-0.180255681818153
0.052421875,15.8197443181818
0.0524609375,29.8197443181818
0.0525,38.8197443181818
0.0525390625,40.8197443181818
0.052578125,39.8197443181818
0.0526171875,33.8197443181818
0.05265625,25.8197443181818
0.0526953125,17.8197443181818
0.052734375,9.81974431818185
0.0527734375,1.81974431818185
0.0528125,-4.18025568181815
0.0528515625,-6.18025568181815
0.052890625,-8.18025568181815
0.0529296875,-4.18025568181815
0.05296875,3.81974431818185
0.0530078125,13.8197443181818
0.053046875,22.8197443181818
0.0530859375,29.8197443181818
0.053125,32.8197443181818
0.0531640625,30.8197443181818
0.053203125,24.8197443181818
0.0532421875,13.8197443181818
0.05328125,2.81974431818185
0.0533203125,-8.18025568181815
0.053359375,-20.1802556818182
0.0533984375,-30.1802556818182
0.0534375,-40.1802556818182
0.0534765625,-48.1802556818182
0.053515625,-53.1802556818182
0.0535546875,-58.1802556818182
0.05359375,-59.1802556818182
0.0536328125,-58.1802556818182
0.053671875,-55.1802556818182
0.0537109375,-51.1802556818182
0.05375,-45.1802556818182
0.0537890625,-40.1802556818182
0.053828125,-35.1802556818182
0.0538671875,-29.1802556818182
0.05390625,-22.1802556818182
0.0539453125,-16.1802556818182
0.053984375,-9.18025568181815
0.0540234375,-3.18025568181815
0.0540625,4.81974431818185
0.0541015625,10.8197443181818
0.054140625,14.8197443181818
0.0541796875,15.8197443181818
0.05421875,16.8197443181818
0.0542578125,15.8197443181818
0.054296875,16.8197443181818
0.0543359375,20.8197443181818
0.054375,26.8197443181818
0.0544140625,32.8197443181818
0.054453125,37.8197443181818
0.0544921875,37.8197443181818
0.05453125,38.8197443181818
0.0545703125,38.8197443181818
0.054609375,37.8197443181818
0.0546484375,32.8197443181818
0.0546875,25.8197443181818
0.0547265625,18.8197443181818
0.054765625,9.81974431818185
0.0548046875,0.819744318181847
0.05484375,-9.18025568181815
0.0548828125,-19.1802556818182
0.054921875,-26.1802556818182
0.0549609375,-31.1802556818182
0.055,-36.1802556818182
0.0550390625,-36.1802556818182
0.055078125,-35.1802556818182
0.0551171875,-33.1802556818182
0.05515625,-31.1802556818182
0.0551953125,-30.1802556818182
0.055234375,-27.1802556818182
0.0552734375,-19.1802556818182
0.0553125,-6.18025568181815
0.0553515625,5.81974431818185
0.055390625,18.8197443181818
0.0554296875,28.8197443181818
0.05546875,33.8197443181818
0.0555078125,36.8197443181818
0.055546875,39.8197443181818
0.0555859375,42.8197443181818
0.055625,45.8197443181818
0.0556640625,47.8197443181818
0.055703125,50.8197443181818
0.0557421875,49.8197443181818
0.05578125,48.8197443181818
0.0558203125,46.8197443181818
0.055859375,43.8197443181818
0.0558984375,39.8197443181818
0.0559375,32.8197443181818
0.0559765625,23.8197443181818
0.056015625,12.8197443181818
0.0560546875,-1.18025568181815
0.05609375,-14.1802556818182
0.0561328125,-27.1802556818182
0.056171875,-39.1802556818182
0.0562109375,-50.1802556818182
0.05625,-56.1802556818182
0.0562890625,-58.1802556818182
0.056328125,-58.1802556818182
0.0563671875,-55.1802556818182
0.05640625,-51.1802556818182
0.0564453125,-48.1802556818182
0.056484375,-42.1802556818182
0.0565234375,-34.1802556818182
0.0565625,-25.1802556818182
0.0566015625,-14.1802556818182
0.056640625,-6.18025568181815
0.0566796875,0.819744318181847
0.05671875,4.81974431818185
0.0567578125,3.81974431818185
0.056796875,0.819744318181847
0.0568359375,-5.18025568181815
0.056875,-10.1802556818182
0.0569140625,-11.1802556818182
0.056953125,-12.1802556818182
0.0569921875,-10.1802556818182
0.05703125,-5.18025568181815
0.0570703125,0.819744318181847
0.057109375,8.81974431818185
0.0571484375,17.8197443181818
0.0571875,26.8197443181818
0.0572265625,35.8197443181818
0.057265625,43.8197443181818
0.0573046875,47.8197443181818
0.05734375,45.8197443181818
0.0573828125,41.8197443181818
0.057421875,36.8197443181818
0.0574609375,30.8197443181818
0.0575,23.8197443181818
0.0575390625,14.8197443181818
0.057578125,6.81974431818185
0.0576171875,0.819744318181847
0.05765625,-3.18025568181815
0.0576953125,-4.18025568181815
0.057734375,-4.18025568181815
0.0577734375,-2.18025568181815
0.0578125,1.81974431818185
0.0578515625,4.81974431818185
0.057890625,8.81974431818185
0.0579296875,9.81974431818185
0.05796875,9.81974431818185
0.0580078125,4.81974431818185
0.058046875,-3.18025568181815
0.0580859375,-14.1802556818182
0.058125,-26.1802556818182
0.0581640625,-35.1802556818182
0.058203125,-39.1802556818182
0.0582421875,-39.1802556818182
0.05828125,-36.1802556818182
0.0583203125,-30.1802556818182
0.058359375,-26.1802556818182
0.0583984375,-24.1802556818182
0.0584375,-21.1802556818182
0.0584765625,-16.1802556818182
0.058515625,-10.1802556818182
0.0585546875,-4.18025568181815
0.05859375,0.819744318181847
0.0586328125,5.81974431818185
0.058671875,10.8197443181818
0.0587109375,11.8197443181818
0.05875,11.8197443181818
0.0587890625,12.8197443181818
0.058828125,12.8197443181818
0.0588671875,12.8197443181818
0.05890625,10.8197443181818
0.0589453125,7.81974431818185
0.058984375,3.81974431818185
0.0590234375,-0.180255681818153
0.0590625,-3.18025568181815
0.0591015625,-6.18025568181815
0.059140625,-7.18025568181815
0.0591796875,-6.18025568181815
0.05921875,-3.18025568181815
0.0592578125,1.81974431818185
0.059296875,6.81974431818185
0.0593359375,8.81974431818185
0.059375,6.81974431818185
0.0594140625,1.81974431818185
0.059453125,-3.18025568181815
0.0594921875,-8.18025568181815
0.05953125,-8.18025568181815
0.0595703125,-6.18025568181815
0.059609375,-3.18025568181815
0.0596484375,-3.18025568181815
0.0596875,-4.18025568181815
0.0597265625,-2.18025568181815
0.059765625,1.81974431818185
0.0598046875,9.81974431818185
0.05984375,19.8197443181818
0.0598828125,26.8197443181818
0.059921875,28.8197443181818
0.0599609375,25.8197443181818
0.06,19.8197443181818
0.0600390625,11.8197443181818
0.060078125,3.81974431818185
0.0601171875,-3.18025568181815
0.06015625,-13.1802556818182
0.0601953125,-19.1802556818182
0.060234375,-18.1802556818182
0.0602734375,-14.1802556818182
0.0603125,-8.18025568181815
0.0603515625,-3.18025568181815
0.060390625,-2.18025568181815
0.0604296875,0.819744318181847
0.06046875,1.81974431818185
0.0605078125,2.81974431818185
0.060546875,4.81974431818185
0.0605859375,1.81974431818185
0.060625,-6.18025568181815
0.0606640625,-14.1802556818182
0.060703125,-23.1802556818182
0.0607421875,-27.1802556818182
0.06078125,-27.1802556818182
0.0608203125,-23.1802556818182
0.060859375,-19.1802556818182
0.0608984375,-12.1802556818182
0.0609375,-5.18025568181815
0.0609765625,0.819744318181847
0.061015625,6.81974431818185
0.0610546875,10.8197443181818
0.06109375,11.8197443181818
0.0611328125,12.8197443181818
0.061171875,12.8197443181818
0.0612109375,13.8197443181818
0.06125,16.8197443181818
0.0612890625,18.8197443181818
0.061328125,20.8197443181818
0.0613671875,22.8197443181818
0.06140625,23.8197443181818
0.0614453125,27.8197443181818
0.061484375,33.8197443181818
0.0615234375,39.8197443181818
0.0615625,41.8197443181818
0.0616015625,41.8197443181818
0.061640625,40.8197443181818
0.0616796875,37.8197443181818
0.06171875,34.8197443181818
0.0617578125,29.8197443181818
0.061796875,25.8197443181818
0.0618359375,21.8197443181818
0.061875,18.8197443181818
0.0619140625,15.8197443181818
0.061953125,13.8197443181818
0.0619921875,9.81974431818185
0.06203125,2.81974431818185
0.0620703125,-5.18025568181815
0.062109375,-15.1802556818182
0.0621484375,-26.1802556818182
0.0621875,-35.1802556818182
0.0622265625,-42.1802556818182
0.062265625,-48.1802556818182
0.0623046875,-52.1802556818182
0.06234375,-56.1802556818182
0.0623828125,-59.1802556818182
0.062421875,-59.1802556818182
0.0624609375,-56.1802556818182
0.0625,-49.1802556818182
0.0625390625,-42.1802556818182
0.062578125,-40.1802556818182
0.0626171875,-43.1802556818182
0.06265625,-48.1802556818182
0.0626953125,-51.1802556818182
0.062734375,-52.1802556818182
0.0627734375,-50.1802556818182
0.0628125,-49.1802556818182
0.0628515625,-47.1802556818182
0.062890625,-41.1802556818182
0.0629296875,-33.1802556818182
0.06296875,-22.1802556818182
0.0630078125,-9.18025568181815
0.063046875,3.81974431818185
0.0630859375,14.8197443181818
0.063125,25.8197443181818
0.0631640625,35.8197443181818
0.063203125,44.8197443181818
0.0632421875,53.8197443181818
0.06328125,58.8197443181818
0.0633203125,60.8197443181818
0.063359375,60.8197443181818
0.0633984375,60.8197443181818
0.0634375,61.8197443181818
0.0634765625,62.8197443181818
0.063515625,62.8197443181818
0.0635546875,58.8197443181818
0.06359375,53.8197443181818
0.0636328125,46.8197443181818
0.063671875,39.8197443181818
0.0637109375,34.8197443181818
0.06375,30.8197443181818
0.0637890625,23.8197443181818
0.063828125,14.8197443181818
0.0638671875,2.81974431818185
0.06390625,-11.1802556818182
0.0639453125,-21.1802556818182
0.063984375,-27.1802556818182
0.0640234375,-31.1802556818182
0.0640625,-32.1802556818182
0.0641015625,-31.1802556818182
0.064140625,-29.1802556818182
0.0641796875,-24.1802556818182
0.06421875,-21.1802556818182
0.0642578125,-19.1802556818182
0.064296875,-18.1802556818182
0.0643359375,-17.1802556818182
0.064375,-15.1802556818182
0.0644140625,-13.1802556818182
0.064453125,-10.1802556818182
0.0644921875,-3.18025568181815
0.06453125,6.81974431818185
0.0645703125,15.8197443181818
0.064609375,23.8197443181818
0.0646484375,28.8197443181818
0.0646875,31.8197443181818
0.0647265625,32.8197443181818
0.064765625,29.8197443181818
0.0648046875,20.8197443181818
0.06484375,5.81974431818185
0.0648828125,-12.1802556818182
0.064921875,-31.1802556818182
0.0649609375,-47.1802556818182
0.065,-59.1802556818182
0.0650390625,-63.1802556818182
0.065078125,-61.1802556818182
0.0651171875,-54.1802556818182
0.06515625,-42.1802556818182
0.0651953125,-28.1802556818182
0.065234375,-11.1802556818182
0.0652734375,3.81974431818185
0.0653125,13.8197443181818
0.0653515625,22.8197443181818
0.065390625,25.8197443181818
0.0654296875,24.8197443181818
0.06546875,20.8197443181818
0.0655078125,16.8197443181818
0.065546875,10.8197443181818
0.0655859375,5.81974431818185
0.065625,0.819744318181847
0.0656640625,-1.18025568181815
0.065703125,3.81974431818185
0.0657421875,12.8197443181818
0.06578125,22.8197443181818
0.0658203125,33.8197443181818
0.065859375,41.8197443181818
0.0658984375,44.8197443181818
0.0659375,45.8197443181818
0.0659765625,42.8197443181818
0.066015625,35.8197443181818
0.0660546875,27.8197443181818
0.06609375,16.8197443181818
0.0661328125,4.81974431818185
0.066171875,-7.18025568181815
0.0662109375,-17.1802556818182
0.06625,-26.1802556818182
0.0662890625,-32.1802556818182
0.066328125,-35.1802556818182
0.0663671875,-35.1802556818182
0.06640625,-33.1802556818182
0.0664453125,-30.1802556818182
0.066484375,-27.1802556818182
0.0665234375,-22.1802556818182
0.0665625,-17.1802556818182
0.0666015625,-12.1802556818182
0.066640625,-7.18025568181815
0.0666796875,-1.18025568181815
0.06671875,1.81974431818185
0.0667578125,4.81974431818185
0.066796875,5.81974431818185
0.0668359375,4.81974431818185
0.066875,1.81974431818185
0.0669140625,-4.18025568181815
0.066953125,-11.1802556818182
0.0669921875,-15.1802556818182
0.06703125,-18.1802556818182
0.0670703125,-21.1802556818182
0.067109375,-20.1802556818182
0.0671484375,-21.1802556818182
0.0671875,-21.1802556818182
0.0672265625,-18.1802556818182
0.067265625,-14.1802556818182
0.0673046875,-7.18025568181815
0.06734375,0.819744318181847
0.0673828125,8.81974431818185
0.067421875,13.8197443181818
0.0674609375,14.8197443181818
0.0675,10.8197443181818
0.0675390625,5.81974431818185
0.067578125,1.81974431818185
0.0676171875,-1.18025568181815
0.06765625,0.819744318181847
0.0676953125,7.81974431818185
0.067734375,15.8197443181818
0.0677734375,25.8197443181818
0.0678125,33.8197443181818
0.0678515625,42.8197443181818
0.067890625,49.8197443181818
0.0679296875,54.8197443181818
0.06796875,57.8197443181818
0.0680078125,56.8197443181818
0.068046875,51.8197443181818
0.0680859375,42.8197443181818
0.068125,29.8197443181818
0.0681640625,17.8197443181818
0.068203125,4.81974431818185
0.0682421875,-7.18025568181815
0.06828125,-14.1802556818182
0.0683203125,-16.1802556818182
0.068359375,-15.1802556818182
0.0683984375,-12.1802556818182
0.0684375,-11.1802556818182
0.0684765625,-13.1802556818182
0.068515625,-15.1802556818182
0.0685546875,-19.1802556818182
0.06859375,-21.1802556818182
0.0686328125,-23.1802556818182
0.068671875,-23.1802556818182
0.0687109375,-24.1802556818182
0.06875,-26.1802556818182
0.0687890625,-27.1802556818182
0.068828125,-30.1802556818182
0.0688671875,-32.1802556818182
0.06890625,-32.1802556818182
0.0689453125,-31.1802556818182
0.068984375,-30.1802556818182
0.0690234375,-27.1802556818182
0.0690625,-25.1802556818182
0.0691015625,-24.1802556818182
0.069140625,-24.1802556818182
0.0691796875,-25.1802556818182
0.06921875,-27.1802556818182
0.0692578125,-26.1802556818182
0.069296875,-22.1802556818182
0.0693359375,-15.1802556818182
0.069375,-9.18025568181815
0.0694140625,-4.18025568181815
0.069453125,-0.180255681818153
0.0694921875,1.81974431818185
0.06953125,0.819744318181847
0.0695703125,0.819744318181847
0.069609375,2.81974431818185
0.0696484375,6.81974431818185
0.0696875,9.81974431818185
0.0697265625,12.8197443181818
0.069765625,15.8197443181818
0.0698046875,19.8197443181818
0.06984375,23.8197443181818
0.0698828125,27.8197443181818
0.069921875,35.8197443181818
0.0699609375,41.8197443181818
0.07,47.8197443181818
0.0700390625,50.8197443181818
0.070078125,49.8197443181818
0.0701171875,47.8197443181818
0.07015625,41.8197443181818
0.0701953125,34.8197443181818
0.070234375,28.8197443181818
0.0702734375,21.8197443181818
0.0703125,18.8197443181818
0.0703515625,14.8197443181818
0.070390625,11.8197443181818
0.0704296875,9.81974431818185
0.07046875,7.81974431818185
0.0705078125,5.81974431818185
0.070546875,6.81974431818185
0.0705859375,7.81974431818185
0.070625,10.8197443181818
0.0706640625,10.8197443181818
0.070703125,6.81974431818185
0.0707421875,-3.18025568181815
0.07078125,-17.1802556818182
0.0708203125,-34.1802556818182
0.070859375,-48.1802556818182
0.0708984375,-59.1802556818182
0.0709375,-66.1802556818182
0.0709765625,-69.1802556818182
0.071015625,-66.1802556818182
0.0710546875,-59.1802556818182
0.07109375,-46.1802556818182
0.0711328125,-31.1802556818182
0.071171875,-16.1802556818182
0.0712109375,0.819744318181847
0.07125,13.8197443181818
0.0712890625,25.8197443181818
0.071328125,32.8197443181818
0.0713671875,36.8197443181818
0.07140625,33.8197443181818
0.0714453125,27.8197443181818
0.071484375,18.8197443181818
0.0715234375,7.81974431818185
0.0715625,-1.18025568181815
0.0716015625,-7.18025568181815
0.071640625,-11.1802556818182
0.0716796875,-9.18025568181815
0.07171875,-7.18025568181815
0.0717578125,-3.18025568181815
0.071796875,2.81974431818185
0.0718359375,9.81974431818185
0.071875,19.8197443181818
0.0719140625,30.8197443181818
0.071953125,39.8197443181818
0.0719921875,43.8197443181818
0.07203125,42.8197443181818
0.0720703125,38.8197443181818
0.072109375,31.8197443181818
0.0721484375,24.8197443181818
0.0721875,17.8197443181818
0.0722265625,10.8197443181818
0.072265625,3.81974431818185
0.0723046875,-4.18025568181815
0.07234375,-12.1802556818182
0.0723828125,-19.1802556818182
0.072421875,-25.1802556818182
0.0724609375,-27.1802556818182
0.0725,-26.1802556818182
0.0725390625,-24.1802556818182
0.072578125,-21.1802556818182
0.0726171875,-19.1802556818182
0.07265625,-17.1802556818182
0.0726953125,-19.1802556818182
0.072734375,-24.1802556818182
0.0727734375,-29.1802556818182
0.0728125,-36.1802556818182
0.0728515625,-40.1802556818182
0.072890625,-44.1802556818182
0.0729296875,-46.1802556818182
0.07296875,-47.1802556818182
0.0730078125,-45.1802556818182
0.073046875,-44.1802556818182
0.0730859375,-39.1802556818182
0.073125,-31.1802556818182
0.0731640625,-19.1802556818182
0.073203125,-6.18025568181815
0.0732421875,7.81974431818185
0.07328125,18.8197443181818
0.0733203125,28.8197443181818
0.073359375,36.8197443181818
0.0733984375,41.8197443181818
0.0734375,44.8197443181818
0.0734765625,46.8197443181818
0.073515625,46.8197443181818
0.0735546875,46.8197443181818
0.07359375,45.8197443181818
0.0736328125,41.8197443181818
0.073671875,38.8197443181818
0.0737109375,36.8197443181818
0.07375,34.8197443181818
0.0737890625,31.8197443181818
0.073828125,27.8197443181818
0.0738671875,22.8197443181818
0.07390625,18.8197443181818
0.0739453125,14.8197443181818
0.073984375,10.8197443181818
0.0740234375,5.81974431818185
0.0740625,-3.18025568181815
0.0741015625,-14.1802556818182
0.074140625,-26.1802556818182
0.0741796875,-38.1802556818182
0.07421875,-49.1802556818182
0.0742578125,-57.1802556818182
0.074296875,-62.1802556818182
0.0743359375,-63.1802556818182
0.074375,-61.1802556818182
0.0744140625,-56.1802556818182
0.074453125,-48.1802556818182
0.0744921875,-37.1802556818182
0.07453125,-23.1802556818182
0.0745703125,-8.18025568181815
0.074609375,5.81974431818185
0.0746484375,17.8197443181818
0.0746875,26.8197443181818
0.0747265625,33.8197443181818
0.074765625,37.8197443181818
0.0748046875,36.8197443181818
0.07484375,35.8197443181818
0.0748828125,34.8197443181818
0.074921875,34.8197443181818
0.0749609375,34.8197443181818
0.075,33.8197443181818
0.0750390625,32.8197443181818
0.075078125,33.8197443181818
0.0751171875,34.8197443181818
0.07515625,38.8197443181818
0.0751953125,43.8197443181818
0.075234375,47.8197443181818
0.0752734375,47.8197443181818
0.0753125,44.8197443181818
0.0753515625,37.8197443181818
0.075390625,27.8197443181818
0.0754296875,17.8197443181818
0.07546875,4.81974431818185
0.0755078125,-8.18025568181815
0.075546875,-22.1802556818182
0.0755859375,-34.1802556818182
0.075625,-46.1802556818182
0.0756640625,-56.1802556818182
0.075703125,-62.1802556818182
0.0757421875,-66.1802556818182
0.07578125,-66.1802556818182
0.0758203125,-61.1802556818182
0.075859375,-54.1802556818182
0.0758984375,-43.1802556818182
0.0759375,-35.1802556818182
0.0759765625,-28.1802556818182
0.076015625,-20.1802556818182
0.0760546875,-13.1802556818182
0.07609375,-7.18025568181815
0.0761328125,-2.18025568181815
0.076171875,4.81974431818185
0.0762109375,8.81974431818185
0.07625,9.81974431818185
0.0762890625,7.81974431818185
0.076328125,6.81974431818185
0.0763671875,6.81974431818185
0.07640625,10.8197443181818
0.0764453125,18.8197443181818
0.076484375,27.8197443181818
0.0765234375,34.8197443181818
0.0765625,41.8197443181818
0.0766015625,45.8197443181818
0.076640625,48.8197443181818
0.0766796875,48.8197443181818
0.07671875,44.8197443181818
0.0767578125,33.8197443181818
0.076796875,17.8197443181818
0.0768359375,-1.18025568181815
0.076875,-20.1802556818182
0.0769140625,-37.1802556818182
0.076953125,-50.1802556818182
0.0769921875,-61.1802556818182
0.07703125,-67.1802556818182
0.0770703125,-66.1802556818182
0.077109375,-57.1802556818182
0.0771484375,-42.1802556818182
0.0771875,-24.1802556818182
0.0772265625,-10.1802556818182
0.077265625,-3.18025568181815
0.0773046875,-1.18025568181815
0.07734375,-2.18025568181815
0.0773828125,-1.18025568181815
0.077421875,1.81974431818185
0.0774609375,4.81974431818185
0.0775,5.81974431818185
0.0775390625,6.81974431818185
0.077578125,6.81974431818185
0.0776171875,7.81974431818185
0.07765625,13.8197443181818
0.0776953125,22.8197443181818
0.077734375,31.8197443181818
0.0777734375,36.8197443181818
0.0778125,38.8197443181818
0.0778515625,35.8197443181818
0.077890625,30.8197443181818
0.0779296875,22.8197443181818
0.07796875,13.8197443181818
0.0780078125,3.81974431818185
0.078046875,-5.18025568181815
0.0780859375,-13.1802556818182
0.078125,-19.1802556818182
0.0781640625,-22.1802556818182
0.078203125,-21.1802556818182
0.0782421875,-18.1802556818182
0.07828125,-15.1802556818182
0.0783203125,-13.1802556818182
0.078359375,-9.18025568181815
0.0783984375,-5.18025568181815
0.0784375,-0.180255681818153
0.0784765625,5.81974431818185
0.078515625,11.8197443181818
0.0785546875,13.8197443181818
0.07859375,12.8197443181818
0.0786328125,11.8197443181818
0.078671875,11.8197443181818
0.0787109375,15.8197443181818
0.07875,20.8197443181818
0.0787890625,23.8197443181818
0.078828125,25.8197443181818
0.0788671875,26.8197443181818
0.07890625,24.8197443181818
0.0789453125,24.8197443181818
0.078984375,25.8197443181818
0.0790234375,27.8197443181818
0.0790625,29.8197443181818
0.0791015625,30.8197443181818
0.079140625,31.8197443181818
0.0791796875,32.8197443181818
0.07921875,30.8197443181818
0.0792578125,26.8197443181818
0.079296875,19.8197443181818
0.0793359375,11.8197443181818
0.079375,5.81974431818185
0.0794140625,-0.180255681818153
0.079453125,-6.18025568181815
0.0794921875,-13.1802556818182
0.07953125,-24.1802556818182
0.0795703125,-38.1802556818182
0.079609375,-54.1802556818182
0.0796484375,-69.1802556818182
0.0796875,-80.1802556818182
0.0797265625,-88.1802556818182
0.079765625,-92.1802556818182
0.0798046875,-94.1802556818182
0.07984375,-90.1802556818182
0.0798828125,-83.1802556818182
0.079921875,-70.1802556818182
0.0799609375,-53.1802556818182
0.08,-35.1802556818182
0.0800390625,-15.1802556818182
0.080078125,2.81974431818185
0.0801171875,16.8197443181818
0.08015625,24.8197443181818
0.0801953125,26.8197443181818
0.080234375,25.8197443181818
0.0802734375,24.8197443181818
0.0803125,21.8197443181818
0.0803515625,24.8197443181818
0.080390625,28.8197443181818
0.0804296875,32.8197443181818
0.08046875,37.8197443181818
0.0805078125,41.8197443181818
0.080546875,46.8197443181818
0.0805859375,49.8197443181818
0.080625,51.8197443181818
0.0806640625,50.8197443181818
0.080703125,48.8197443181818
0.0807421875,43.8197443181818
0.08078125,39.8197443181818
0.0808203125,31.8197443181818
0.080859375,22.8197443181818
0.0808984375,10.8197443181818
0.0809375,-0.180255681818153
0.0809765625,-10.1802556818182
0.081015625,-17.1802556818182
0.0810546875,-19.1802556818182
0.08109375,-20.1802556818182
0.0811328125,-18.1802556818182
0.081171875,-15.1802556818182
0.0812109375,-11.1802556818182
0.08125,-6.18025568181815
0.0812890625,0.819744318181847
0.081328125,5.81974431818185
0.0813671875,8.81974431818185
0.08140625,9.81974431818185
0.0814453125,5.81974431818185
0.081484375,-3.18025568181815
0.0815234375,-16.1802556818182
0.0815625,-32.1802556818182
0.0816015625,-46.1802556818182
0.081640625,-57.1802556818182
0.0816796875,-62.1802556818182
0.08171875,-62.1802556818182
0.0817578125,-55.1802556818182
0.081796875,-44.1802556818182
0.0818359375,-29.1802556818182
0.081875,-11.1802556818182
0.0819140625,7.81974431818185
0.081953125,25.8197443181818
0.0819921875,43.8197443181818
0.08203125,57.8197443181818
0.0820703125,63.8197443181818
0.082109375,61.8197443181818
0.0821484375,52.8197443181818
0.0821875,38.8197443181818
0.0822265625,24.8197443181818
0.082265625,11.8197443181818
0.0823046875,2.81974431818185
0.08234375,1.81974431818185
0.0823828125,5.81974431818185
0.082421875,16.8197443181818
0.0824609375,29.8197443181818
0.0825,43.8197443181818
0.0825390625,52.8197443181818
0.082578125,59.8197443181818
0.0826171875,60.8197443181818
0.08265625,53.8197443181818
0.0826953125,38.8197443181818
0.082734375,19.8197443181818
0.0827734375,-2.18025568181815
0.0828125,-25.1802556818182
0.0828515625,-49.1802556818182
0.082890625,-70.1802556818182
0.0829296875,-83.1802556818182
0.08296875,-87.1802556818182
0.0830078125,-83.1802556818182
0.083046875,-73.1802556818182
0.0830859375,-62.1802556818182
0.083125,-50.1802556818182
0.0831640625,-36.1802556818182
0.083203125,-22.1802556818182
0.0832421875,-11.1802556818182
0.08328125,-4.18025568181815
0.0833203125,-0.180255681818153
0.083359375,0.819744318181847
0.0833984375,-0.180255681818153
0.0834375,-3.18025568181815
0.0834765625,-7.18025568181815
0.083515625,-11.1802556818182
0.0835546875,-17.1802556818182
0.08359375,-20.1802556818182
0.0836328125,-17.1802556818182
0.083671875,-12.1802556818182
0.0837109375,-4.18025568181815
0.08375,6.81974431818185
0.0837890625,14.8197443181818
0.083828125,18.8197443181818
0.0838671875,23.8197443181818
0.08390625,27.8197443181818
0.0839453125,31.8197443181818
0.083984375,35.8197443181818
0.0840234375,35.8197443181818
0.0840625,31.8197443181818
0.0841015625,27.8197443181818
0.084140625,20.8197443181818
0.0841796875,15.8197443181818
0.08421875,10.8197443181818
0.0842578125,8.81974431818185
0.084296875,5.81974431818185
0.0843359375,2.81974431818185
0.084375,0.819744318181847
0.0844140625,0.819744318181847
0.084453125,3.81974431818185
0.0844921875,8.81974431818185
0.08453125,15.8197443181818
0.0845703125,20.8197443181818
0.084609375,25.8197443181818
0.0846484375,27.8197443181818
0.0846875,27.8197443181818
0.0847265625,22.8197443181818
0.084765625,11.8197443181818
0.0848046875,-1.18025568181815
0.08484375,-14.1802556818182
0.0848828125,-24.1802556818182
0.084921875,-30.1802556818182
0.0849609375,-32.1802556818182
0.085,-31.1802556818182
0.0850390625,-29.1802556818182
0.085078125,-26.1802556818182
0.0851171875,-25.1802556818182
0.08515625,-23.1802556818182
0.0851953125,-20.1802556818182
0.085234375,-18.1802556818182
0.0852734375,-16.1802556818182
0.0853125,-15.1802556818182
0.0853515625,-13.1802556818182
0.085390625,-9.18025568181815
0.0854296875,-4.18025568181815
0.08546875,1.81974431818185
0.0855078125,9.81974431818185
0.085546875,17.8197443181818
0.0855859375,26.8197443181818
0.085625,36.8197443181818
0.0856640625,43.8197443181818
0.085703125,45.8197443181818
0.0857421875,45.8197443181818
0.08578125,41.8197443181818
0.0858203125,36.8197443181818
0.085859375,33.8197443181818
0.0858984375,29.8197443181818
0.0859375,24.8197443181818
0.0859765625,15.8197443181818
0.086015625,3.81974431818185
0.0860546875,-9.18025568181815
0.08609375,-19.1802556818182
0.0861328125,-26.1802556818182
0.086171875,-32.1802556818182
0.0862109375,-36.1802556818182
0.08625,-39.1802556818182
0.0862890625,-41.1802556818182
0.086328125,-40.1802556818182
0.0863671875,-40.1802556818182
0.08640625,-41.1802556818182
0.0864453125,-43.1802556818182
0.086484375,-45.1802556818182
0.0865234375,-44.1802556818182
0.0865625,-39.1802556818182
0.0866015625,-32.1802556818182
0.086640625,-22.1802556818182
0.0866796875,-10.1802556818182
0.08671875,0.819744318181847
0.0867578125,9.81974431818185
0.086796875,16.8197443181818
0.0868359375,19.8197443181818
0.086875,20.8197443181818
0.0869140625,19.8197443181818
0.086953125,15.8197443181818
0.0869921875,9.81974431818185
0.08703125,3.81974431818185
0.0870703125,-0.180255681818153
0.087109375,-3.18025568181815
0.0871484375,0.819744318181847
0.0871875,6.81974431818185
0.0872265625,14.8197443181818
0.087265625,22.8197443181818
0.0873046875,29.8197443181818
0.08734375,33.8197443181818
0.0873828125,35.8197443181818
0.087421875,34.8197443181818
0.0874609375,27.8197443181818
0.0875,19.8197443181818
0.0875390625,10.8197443181818
0.087578125,2.81974431818185
0.0876171875,-3.18025568181815
0.08765625,-6.18025568181815
0.0876953125,-9.18025568181815
0.087734375,-11.1802556818182
0.0877734375,-10.1802556818182
0.0878125,-5.18025568181815
0.0878515625,2.81974431818185
0.087890625,11.8197443181818
0.0879296875,19.8197443181818
0.08796875,25.8197443181818
0.0880078125,27.8197443181818
0.088046875,23.8197443181818
0.0880859375,16.8197443181818
0.088125,7.81974431818185
0.0881640625,-1.18025568181815
0.088203125,-8.18025568181815
0.0882421875,-13.1802556818182
0.08828125,-18.1802556818182
0.0883203125,-20.1802556818182
0.088359375,-19.1802556818182
0.0883984375,-14.1802556818182
0.0884375,-9.18025568181815
0.0884765625,-2.18025568181815
0.088515625,3.81974431818185
0.0885546875,8.81974431818185
0.08859375,9.81974431818185
0.0886328125,7.81974431818185
0.088671875,5.81974431818185
0.0887109375,2.81974431818185
0.08875,-0.180255681818153
0.0887890625,-2.18025568181815
0.088828125,-6.18025568181815
0.0888671875,-9.18025568181815
0.08890625,-14.1802556818182
0.0889453125,-20.1802556818182
0.088984375,-27.1802556818182
0.0890234375,-34.1802556818182
0.0890625,-40.1802556818182
0.0891015625,-44.1802556818182
0.089140625,-44.1802556818182
0.0891796875,-39.1802556818182
0.08921875,-32.1802556818182
0.0892578125,-23.1802556818182
0.089296875,-12.1802556818182
0.0893359375,-1.18025568181815
0.089375,7.81974431818185
0.0894140625,13.8197443181818
0.089453125,17.8197443181818
0.0894921875,19.8197443181818
0.08953125,18.8197443181818
0.0895703125,11.8197443181818
0.089609375,2.81974431818185
0.0896484375,-6.18025568181815
0.0896875,-11.1802556818182
0.0897265625,-10.1802556818182
0.089765625,-4.18025568181815
0.0898046875,7.81974431818185
0.08984375,22.8197443181818
0.0898828125,40.8197443181818
0.089921875,56.8197443181818
0.0899609375,68.8197443181818
0.09,74.8197443181818
0.0900390625,73.8197443181818
0.090078125,68.8197443181818
0.0901171875,57.8197443181818
0.09015625,42.8197443181818
0.0901953125,23.8197443181818
0.090234375,4.81974431818185
0.0902734375,-13.1802556818182
0.0903125,-30.1802556818182
0.0903515625,-44.1802556818182
0.090390625,-52.1802556818182
0.0904296875,-51.1802556818182
0.09046875,-44.1802556818182
0.0905078125,-33.1802556818182
0.090546875,-22.1802556818182
0.0905859375,-12.1802556818182
0.090625,-7.18025568181815
0.0906640625,-5.18025568181815
0.090703125,-6.18025568181815
0.0907421875,-10.1802556818182
0.09078125,-13.1802556818182
0.0908203125,-16.1802556818182
0.090859375,-20.1802556818182
0.0908984375,-23.1802556818182
0.0909375,-23.1802556818182
0.0909765625,-19.1802556818182
0.091015625,-13.1802556818182
0.0910546875,-4.18025568181815
0.09109375,4.81974431818185
0.0911328125,14.8197443181818
0.091171875,24.8197443181818
0.0912109375,32.8197443181818
0.09125,38.8197443181818
0.0912890625,38.8197443181818
0.091328125,35.8197443181818
0.0913671875,27.8197443181818
0.09140625,18.8197443181818
0.0914453125,8.81974431818185
0.091484375,1.81974431818185
0.0915234375,-7.18025568181815
0.0915625,-15.1802556818182
0.0916015625,-22.1802556818182
0.091640625,-26.1802556818182
0.0916796875,-26.1802556818182
0.09171875,-20.1802556818182
0.0917578125,-10.1802556818182
0.091796875,-0.180255681818153
0.0918359375,10.8197443181818
0.091875,16.8197443181818
0.0919140625,20.8197443181818
0.091953125,21.8197443181818
0.0919921875,19.8197443181818
0.09203125,11.8197443181818
0.0920703125,3.81974431818185
0.092109375,-5.18025568181815
0.0921484375,-12.1802556818182
0.0921875,-19.1802556818182
0.0922265625,-24.1802556818182
0.092265625,-30.1802556818182
0.0923046875,-35.1802556818182
0.09234375,-37.1802556818182
0.0923828125,-35.1802556818182
0.092421875,-29.1802556818182
0.0924609375,-22.1802556818182
0.0925,-17.1802556818182
0.0925390625,-15.1802556818182
0.092578125,-15.1802556818182
0.0926171875,-15.1802556818182
0.09265625,-17.1802556818182
0.0926953125,-16.1802556818182
0.092734375,-13.1802556818182
0.0927734375,-10.1802556818182
0.0928125,-8.18025568181815
0.0928515625,-6.18025568181815
0.092890625,-1.18025568181815
0.0929296875,4.81974431818185
0.09296875,11.8197443181818
0.0930078125,17.8197443181818
0.093046875,26.8197443181818
0.0930859375,33.8197443181818
0.093125,40.8197443181818
0.0931640625,44.8197443181818
0.093203125,48.8197443181818
0.0932421875,49.8197443181818
0.09328125,48.8197443181818
0.0933203125,44.8197443181818
0.093359375,39.8197443181818
0.0933984375,33.8197443181818
0.0934375,27.8197443181818
0.0934765625,23.8197443181818
0.093515625,16.8197443181818
0.0935546875,7.81974431818185
0.09359375,-0.180255681818153
0.0936328125,-8.18025568181815
0.093671875,-13.1802556818182
0.0937109375,-17.1802556818182
0.09375,-21.1802556818182
0.0937890625,-25.1802556818182
0.093828125,-27.1802556818182
0.0938671875,-28.1802556818182
0.09390625,-27.1802556818182
0.0939453125,-25.1802556818182
0.093984375,-20.1802556818182
0.0940234375,-13.1802556818182
0.0940625,-5.18025568181815
0.0941015625,1.81974431818185
0.094140625,5.81974431818185
0.0941796875,9.81974431818185
0.09421875,9.81974431818185
0.0942578125,6.81974431818185
0.094296875,2.81974431818185
0.0943359375,-1.18025568181815
0.094375,-6.18025568181815
0.0944140625,-11.1802556818182
0.094453125,-18.1802556818182
0.0944921875,-25.1802556818182
0.09453125,-31.1802556818182
0.0945703125,-34.1802556818182
0.094609375,-33.1802556818182
0.0946484375,-28.1802556818182
0.0946875,-20.1802556818182
0.0947265625,-11.1802556818182
0.094765625,0.819744318181847
0.0948046875,11.8197443181818
0.09484375,17.8197443181818
0.0948828125,20.8197443181818
0.094921875,19.8197443181818
0.0949609375,14.8197443181818
0.095,10.8197443181818
0.0950390625,8.81974431818185
0.095078125,7.81974431818185
0.0951171875,10.8197443181818
0.09515625,13.8197443181818
0.0951953125,17.8197443181818
0.095234375,24.8197443181818
0.0952734375,32.8197443181818
0.0953125,37.8197443181818
0.0953515625,42.8197443181818
0.095390625,45.8197443181818
0.0954296875,43.8197443181818
0.09546875,38.8197443181818
0.0955078125,27.8197443181818
0.095546875,13.8197443181818
0.0955859375,-0.180255681818153
0.095625,-15.1802556818182
0.0956640625,-27.1802556818182
0.095703125,-33.1802556818182
0.0957421875,-37.1802556818182
0.09578125,-40.1802556818182
0.0958203125,-41.1802556818182
0.095859375,-41.1802556818182
0.0958984375,-37.1802556818182
0.0959375,-29.1802556818182
0.0959765625,-18.1802556818182
0.096015625,-4.18025568181815
0.0960546875,10.8197443181818
0.09609375,19.8197443181818
0.0961328125,23.8197443181818
0.096171875,20.8197443181818
0.0962109375,10.8197443181818
0.09625,-3.18025568181815
0.0962890625,-16.1802556818182
0.096328125,-27.1802556818182
0.0963671875,-35.1802556818182
0.09640625,-39.1802556818182
0.0964453125,-38.1802556818182
0.096484375,-35.1802556818182
0.0965234375,-28.1802556818182
0.0965625,-20.1802556818182
0.0966015625,-10.1802556818182
0.096640625,4.81974431818185
0.0966796875,17.8197443181818
0.09671875,27.8197443181818
0.0967578125,32.8197443181818
0.096796875,32.8197443181818
0.0968359375,27.8197443181818
0.096875,21.8197443181818
0.0969140625,13.8197443181818
0.096953125,8.81974431818185
0.0969921875,5.81974431818185
0.09703125,5.81974431818185
0.0970703125,7.81974431818185
0.097109375,12.8197443181818
0.0971484375,20.8197443181818
0.0971875,31.8197443181818
0.0972265625,44.8197443181818
0.097265625,55.8197443181818
0.0973046875,63.8197443181818
0.09734375,65.8197443181818
0.0973828125,60.8197443181818
0.097421875,49.8197443181818
0.0974609375,29.8197443181818
0.0975,5.81974431818185
0.0975390625,-23.1802556818182
0.097578125,-51.1802556818182
0.0976171875,-73.1802556818182
0.09765625,-89.1802556818182
0.0976953125,-94.1802556818182
0.097734375,-92.1802556818182
0.0977734375,-86.1802556818182
0.0978125,-75.1802556818182
0.0978515625,-61.1802556818182
0.097890625,-48.1802556818182
0.0979296875,-33.1802556818182
0.09796875,-20.1802556818182
0.0980078125,-11.1802556818182
0.098046875,-5.18025568181815
0.0980859375,-3.18025568181815
0.098125,-2.18025568181815
0.0981640625,-0.180255681818153
0.098203125,1.81974431818185
0.0982421875,4.81974431818185
0.09828125,11.8197443181818
0.0983203125,18.8197443181818
0.098359375,26.8197443181818
0.0983984375,32.8197443181818
0.0984375,37.8197443181818
0.0984765625,40.8197443181818
0.098515625,43.8197443181818
0.0985546875,45.8197443181818
0.09859375,45.8197443181818
0.0986328125,46.8197443181818
0.098671875,45.8197443181818
0.0987109375,41.8197443181818
0.09875,37.8197443181818
0.0987890625,30.8197443181818
0.098828125,20.8197443181818
0.0988671875,11.8197443181818
0.09890625,4.81974431818185
0.0989453125,-1.18025568181815
0.098984375,-0.180255681818153
0.0990234375,1.81974431818185
0.0990625,4.81974431818185
0.0991015625,8.81974431818185
0.099140625,12.8197443181818
0.0991796875,17.8197443181818
0.09921875,24.8197443181818
0.0992578125,30.8197443181818
0.099296875,33.8197443181818
0.0993359375,30.8197443181818
0.099375,21.8197443181818
0.0994140625,7.81974431818185
0.099453125,-9.18025568181815
0.0994921875,-29.1802556818182
0.09953125,-49.1802556818182
0.0995703125,-66.1802556818182
0.099609375,-80.1802556818182
0.0996484375,-92.1802556818182
0.0996875,-100.180255681818
0.0997265625,-103.180255681818
0.099765625,-100.180255681818
0.0998046875,-91.1802556818182
0.09984375,-76.1802556818182
0.0998828125,-59.1802556818182
0.099921875,-39.1802556818182
0.0999609375,-20.1802556818182
0.1,-1.18025568181815
0.1000390625,15.8197443181818
0.100078125,25.8197443181818
0.1001171875,34.8197443181818
0.10015625,39.8197443181818
0.1001953125,43.8197443181818
0.100234375,48.8197443181818
0.1002734375,55.8197443181818
0.1003125,61.8197443181818
0.1003515625,68.8197443181818
0.100390625,72.8197443181818
0.1004296875,73.8197443181818
0.10046875,72.8197443181818
0.1005078125,70.8197443181818
0.100546875,67.8197443181818
0.1005859375,61.8197443181818
0.100625,55.8197443181818
0.1006640625,45.8197443181818
0.100703125,32.8197443181818
0.1007421875,19.8197443181818
0.10078125,4.81974431818185
0.1008203125,-8.18025568181815
0.100859375,-20.1802556818182
0.1008984375,-30.1802556818182
0.1009375,-39.1802556818182
0.1009765625,-46.1802556818182
0.101015625,-51.1802556818182
0.1010546875,-52.1802556818182
0.10109375,-52.1802556818182
0.1011328125,-50.1802556818182
0.101171875,-46.1802556818182
0.1012109375,-42.1802556818182
0.10125,-37.1802556818182
0.1012890625,-32.1802556818182
0.101328125,-26.1802556818182
0.1013671875,-21.1802556818182
0.10140625,-18.1802556818182
0.1014453125,-16.1802556818182
0.101484375,-13.1802556818182
0.1015234375,-11.1802556818182
0.1015625,-8.18025568181815
0.1016015625,-6.18025568181815
0.101640625,-4.18025568181815
0.1016796875,-2.18025568181815
0.10171875,-3.18025568181815
0.1017578125,-4.18025568181815
0.101796875,-6.18025568181815
0.1018359375,-6.18025568181815
0.101875,-2.18025568181815
0.1019140625,4.81974431818185
0.101953125,12.8197443181818
0.1019921875,18.8197443181818
0.10203125,24.8197443181818
0.1020703125,28.8197443181818
0.102109375,31.8197443181818
0.1021484375,34.8197443181818
0.1021875,34.8197443181818
0.1022265625,29.8197443181818
0.102265625,22.8197443181818
0.1023046875,13.8197443181818
0.10234375,-0.180255681818153
0.1023828125,-11.1802556818182
0.102421875,-21.1802556818182
0.1024609375,-24.1802556818182
0.1025,-23.1802556818182
0.1025390625,-20.1802556818182
0.102578125,-11.1802556818182
0.1026171875,-3.18025568181815
0.10265625,7.81974431818185
0.1026953125,18.8197443181818
0.102734375,29.8197443181818
0.1027734375,37.8197443181818
0.1028125,42.8197443181818
0.1028515625,44.8197443181818
0.102890625,40.8197443181818
0.1029296875,34.8197443181818
0.10296875,22.8197443181818
0.1030078125,9.81974431818185
0.103046875,-2.18025568181815
0.1030859375,-12.1802556818182
0.103125,-20.1802556818182
0.1031640625,-24.1802556818182
0.103203125,-25.1802556818182
0.1032421875,-24.1802556818182
0.10328125,-23.1802556818182
0.1033203125,-22.1802556818182
0.103359375,-24.1802556818182
0.1033984375,-25.1802556818182
0.1034375,-23.1802556818182
0.1034765625,-21.1802556818182
0.103515625,-20.1802556818182
0.1035546875,-19.1802556818182
0.10359375,-20.1802556818182
0.1036328125,-23.1802556818182
0.103671875,-26.1802556818182
0.1037109375,-29.1802556818182
0.10375,-29.1802556818182
0.1037890625,-29.1802556818182
0.103828125,-27.1802556818182
0.1038671875,-23.1802556818182
0.10390625,-14.1802556818182
0.1039453125,-2.18025568181815
0.103984375,9.81974431818185
0.1040234375,23.8197443181818
0.1040625,35.8197443181818
0.1041015625,44.8197443181818
0.104140625,51.8197443181818
0.1041796875,55.8197443181818
0.10421875,56.8197443181818
0.1042578125,52.8197443181818
0.104296875,45.8197443181818
0.1043359375,33.8197443181818
0.104375,21.8197443181818
0.1044140625,11.8197443181818
0.104453125,5.81974431818185
0.1044921875,6.81974431818185
0.10453125,12.8197443181818
0.1045703125,19.8197443181818
0.104609375,26.8197443181818
0.1046484375,30.8197443181818
0.1046875,30.8197443181818
0.1047265625,29.8197443181818
0.104765625,25.8197443181818
0.1048046875,16.8197443181818
0.10484375,2.81974431818185
0.1048828125,-15.1802556818182
0.104921875,-36.1802556818182
0.1049609375,-55.1802556818182
0.105,-70.1802556818182
0.1050390625,-80.1802556818182
0.105078125,-82.1802556818182
0.1051171875,-79.1802556818182
0.10515625,-70.1802556818182
0.1051953125,-56.1802556818182
0.105234375,-35.1802556818182
0.1052734375,-13.1802556818182
0.1053125,9.81974431818185
0.1053515625,27.8197443181818
0.105390625,37.8197443181818
0.1054296875,44.8197443181818
0.10546875,47.8197443181818
0.1055078125,47.8197443181818
0.105546875,42.8197443181818
0.1055859375,31.8197443181818
0.105625,17.8197443181818
0.1056640625,3.81974431818185
0.105703125,-6.18025568181815
0.1057421875,-9.18025568181815
0.10578125,-7.18025568181815
0.1058203125,-2.18025568181815
0.105859375,0.819744318181847
0.1058984375,1.81974431818185
0.1059375,2.81974431818185
0.1059765625,2.81974431818185
0.106015625,2.81974431818185
0.1060546875,1.81974431818185
0.10609375,-2.18025568181815
0.1061328125,-9.18025568181815
0.106171875,-17.1802556818182
0.1062109375,-24.1802556818182
0.10625,-30.1802556818182
0.1062890625,-34.1802556818182
0.106328125,-35.1802556818182
0.1063671875,-34.1802556818182
0.10640625,-29.1802556818182
0.1064453125,-22.1802556818182
0.106484375,-12.1802556818182
0.1065234375,1.81974431818185
0.1065625,14.8197443181818
0.1066015625,26.8197443181818
0.106640625,33.8197443181818
0.1066796875,36.8197443181818
0.10671875,37.8197443181818
0.1067578125,34.8197443181818
0.106796875,25.8197443181818
0.1068359375,13.8197443181818
0.106875,-4.18025568181815
0.1069140625,-24.1802556818182
0.106953125,-39.1802556818182
0.1069921875,-48.1802556818182
0.10703125,-51.1802556818182
0.1070703125,-46.1802556818182
0.107109375,-38.1802556818182
0.1071484375,-26.1802556818182
0.1071875,-13.1802556818182
0.1072265625,0.819744318181847
0.107265625,10.8197443181818
0.1073046875,20.8197443181818
0.10734375,29.8197443181818
0.1073828125,37.8197443181818
0.107421875,42.8197443181818
0.1074609375,44.8197443181818
0.1075,43.8197443181818
0.1075390625,40.8197443181818
0.107578125,36.8197443181818
0.1076171875,30.8197443181818
0.10765625,27.8197443181818
0.1076953125,24.8197443181818
0.107734375,22.8197443181818
0.1077734375,21.8197443181818
0.1078125,22.8197443181818
0.1078515625,21.8197443181818
0.107890625,22.8197443181818
0.1079296875,19.8197443181818
0.10796875,16.8197443181818
0.1080078125,10.8197443181818
0.108046875,2.81974431818185
0.1080859375,-5.18025568181815
0.108125,-15.1802556818182
0.1081640625,-25.1802556818182
0.108203125,-38.1802556818182
0.1082421875,-50.1802556818182
0.10828125,-62.1802556818182
0.1083203125,-71.1802556818182
0.108359375,-73.1802556818182
0.1083984375,-71.1802556818182
0.1084375,-64.1802556818182
0.1084765625,-55.1802556818182
0.108515625,-44.1802556818182
0.1085546875,-34.1802556818182
0.10859375,-22.1802556818182
0.1086328125,-8.18025568181815
0.108671875,7.81974431818185
0.1087109375,23.8197443181818
0.10875,38.8197443181818
0.1087890625,46.8197443181818
0.108828125,52.8197443181818
0.1088671875,53.8197443181818
0.10890625,49.8197443181818
0.1089453125,43.8197443181818
0.108984375,35.8197443181818
0.1090234375,28.8197443181818
0.1090625,21.8197443181818
0.1091015625,13.8197443181818
0.109140625,6.81974431818185
0.1091796875,-0.180255681818153
0.10921875,-5.18025568181815
0.1092578125,-9.18025568181815
0.109296875,-10.1802556818182
0.1093359375,-9.18025568181815
0.109375,-7.18025568181815
0.1094140625,-2.18025568181815
0.109453125,0.819744318181847
0.1094921875,4.81974431818185
0.10953125,7.81974431818185
0.1095703125,11.8197443181818
0.109609375,12.8197443181818
0.1096484375,13.8197443181818
0.1096875,13.8197443181818
0.1097265625,12.8197443181818
0.109765625,10.8197443181818
0.1098046875,8.81974431818185
0.10984375,7.81974431818185
0.1098828125,7.81974431818185
0.109921875,10.8197443181818
0.1099609375,13.8197443181818
0.11,19.8197443181818
0.1100390625,23.8197443181818
0.110078125,24.8197443181818
0.1101171875,22.8197443181818
0.11015625,15.8197443181818
0.1101953125,3.81974431818185
0.110234375,-12.1802556818182
0.1102734375,-29.1802556818182
0.1103125,-43.1802556818182
0.1103515625,-55.1802556818182
0.110390625,-64.1802556818182
0.1104296875,-70.1802556818182
0.11046875,-73.1802556818182
0.1105078125,-70.1802556818182
0.110546875,-64.1802556818182
0.1105859375,-54.1802556818182
0.110625,-40.1802556818182
0.1106640625,-22.1802556818182
0.110703125,-3.18025568181815
0.1107421875,14.8197443181818
0.11078125,29.8197443181818
0.1108203125,42.8197443181818
0.110859375,48.8197443181818
0.1108984375,51.8197443181818
0.1109375,49.8197443181818
0.1109765625,42.8197443181818
0.111015625,34.8197443181818
0.1110546875,24.8197443181818
0.11109375,15.8197443181818
0.1111328125,9.81974431818185
0.111171875,3.81974431818185
0.1112109375,-1.18025568181815
0.11125,-2.18025568181815
0.1112890625,0.819744318181847
0.111328125,5.81974431818185
0.1113671875,12.8197443181818
0.11140625,18.8197443181818
0.1114453125,20.8197443181818
0.111484375,18.8197443181818
0.1115234375,13.8197443181818
0.1115625,4.81974431818185
0.1116015625,-5.18025568181815
0.111640625,-17.1802556818182
0.1116796875,-28.1802556818182
0.11171875,-38.1802556818182
0.1117578125,-43.1802556818182
0.111796875,-42.1802556818182
0.1118359375,-37.1802556818182
0.111875,-30.1802556818182
0.1119140625,-19.1802556818182
0.111953125,-5.18025568181815
0.1119921875,12.8197443181818
0.11203125,27.8197443181818
0.1120703125,38.8197443181818
0.112109375,43.8197443181818
0.1121484375,41.8197443181818
0.1121875,30.8197443181818
0.1122265625,12.8197443181818
0.112265625,-10.1802556818182
0.1123046875,-24.1802556818182
0.11234375,-30.1802556818182
0.1123828125,-33.1802556818182
0.112421875,-33.1802556818182
0.1124609375,-26.1802556818182
0.1125,-10.1802556818182
0.1125390625,8.81974431818185
0.112578125,30.8197443181818
0.1126171875,50.8197443181818
0.11265625,69.8197443181818
0.1126953125,79.8197443181818
0.112734375,77.8197443181818
0.1127734375,71.8197443181818
0.1128125,63.8197443181818
0.1128515625,54.8197443181818
0.112890625,44.8197443181818
0.1129296875,35.8197443181818
0.11296875,26.8197443181818
0.1130078125,15.8197443181818
0.113046875,3.81974431818185
0.1130859375,-6.18025568181815
0.113125,-14.1802556818182
0.1131640625,-20.1802556818182
0.113203125,-28.1802556818182
0.1132421875,-36.1802556818182
0.11328125,-45.1802556818182
0.1133203125,-58.1802556818182
0.113359375,-73.1802556818182
0.1133984375,-90.1802556818182
0.1134375,-110.180255681818
0.1134765625,-132.180255681818
0.113515625,-154.180255681818
0.1135546875,-173.180255681818
0.11359375,-189.180255681818
0.1136328125,-199.180255681818
0.113671875,-200.180255681818
0.1137109375,-193.180255681818
0.11375,-178.180255681818
0.1137890625,-156.180255681818
0.113828125,-129.180255681818
0.1138671875,-93.1802556818182
0.11390625,-52.1802556818182
0.1139453125,-9.18025568181815
0.113984375,37.8197443181818
0.1140234375,82.8197443181818
0.1140625,123.819744318182
0.1141015625,155.819744318182
0.114140625,181.819744318182
0.1141796875,196.819744318182
0.11421875,205.819744318182
0.1142578125,207.819744318182
0.114296875,204.819744318182
0.1143359375,198.819744318182
0.114375,189.819744318182
0.1144140625,178.819744318182
0.114453125,167.819744318182
0.1144921875,160.819744318182
0.11453125,155.819744318182
0.1145703125,154.819744318182
0.114609375,153.819744318182
0.1146484375,151.819744318182
0.1146875,145.819744318182
0.1147265625,132.819744318182
0.114765625,116.819744318182
0.1148046875,97.8197443181818
0.11484375,79.8197443181818
0.1148828125,59.8197443181818
0.114921875,37.8197443181818
0.1149609375,10.8197443181818
0.115,-19.1802556818182
0.1150390625,-48.1802556818182
0.115078125,-76.1802556818182
0.1151171875,-105.180255681818
0.11515625,-132.180255681818
0.1151953125,-157.180255681818
0.115234375,-179.180255681818
0.1152734375,-195.180255681818
0.1153125,-208.180255681818
0.1153515625,-217.180255681818
0.115390625,-224.180255681818
0.1154296875,-232.180255681818
0.11546875,-237.180255681818
0.1155078125,-238.180255681818
0.115546875,-232.180255681818
0.1155859375,-221.180255681818
0.115625,-204.180255681818
0.1156640625,-185.180255681818
0.115703125,-161.180255681818
0.1157421875,-133.180255681818
0.11578125,-97.1802556818182
0.1158203125,-56.1802556818182
0.115859375,-14.1802556818182
0.1158984375,26.8197443181818
0.1159375,64.8197443181818
0.1159765625,101.819744318182
0.116015625,128.819744318182
0.1160546875,155.819744318182
0.11609375,180.819744318182
0.1161328125,211.819744318182
0.116171875,234.819744318182
0.1162109375,246.819744318182
0.11625,249.819744318182
0.1162890625,246.819744318182
0.116328125,239.819744318182
0.1163671875,229.819744318182
0.11640625,213.819744318182
0.1164453125,192.819744318182
0.116484375,161.819744318182
0.1165234375,120.819744318182
0.1165625,80.8197443181818
0.1166015625,45.8197443181818
0.116640625,14.8197443181818
0.1166796875,-16.1802556818182
0.11671875,-48.1802556818182
0.1167578125,-77.1802556818182
0.116796875,-101.180255681818
0.1168359375,-123.180255681818
0.116875,-142.180255681818
0.1169140625,-158.180255681818
0.116953125,-174.180255681818
0.1169921875,-190.180255681818
0.11703125,-201.180255681818
0.1170703125,-205.180255681818
0.117109375,-202.180255681818
0.1171484375,-191.180255681818
0.1171875,-175.180255681818
0.1172265625,-151.180255681818
0.117265625,-122.180255681818
0.1173046875,-90.1802556818182
0.11734375,-60.1802556818182
0.1173828125,-31.1802556818182
0.117421875,-4.18025568181815
0.1174609375,17.8197443181818
0.1175,38.8197443181818
0.1175390625,54.8197443181818
0.117578125,67.8197443181818
0.1176171875,76.8197443181818
0.11765625,81.8197443181818
0.1176953125,85.8197443181818
0.117734375,88.8197443181818
0.1177734375,98.8197443181818
0.1178125,107.819744318182
0.1178515625,118.819744318182
0.117890625,132.819744318182
0.1179296875,143.819744318182
0.11796875,151.819744318182
0.1180078125,156.819744318182
0.118046875,157.819744318182
0.1180859375,156.819744318182
0.118125,149.819744318182
0.1181640625,139.819744318182
0.118203125,125.819744318182
0.1182421875,104.819744318182
0.11828125,79.8197443181818
0.1183203125,50.8197443181818
0.118359375,21.8197443181818
0.1183984375,-5.18025568181815
0.1184375,-28.1802556818182
0.1184765625,-48.1802556818182
0.118515625,-65.1802556818182
0.1185546875,-81.1802556818182
0.11859375,-93.1802556818182
0.1186328125,-105.180255681818
0.118671875,-114.180255681818
0.1187109375,-121.180255681818
0.11875,-125.180255681818
0.1187890625,-125.180255681818
0.118828125,-123.180255681818
0.1188671875,-119.180255681818
0.11890625,-117.180255681818
0.1189453125,-116.180255681818
0.118984375,-117.180255681818
0.1190234375,-117.180255681818
0.1190625,-115.180255681818
0.1191015625,-109.180255681818
0.119140625,-98.1802556818182
0.1191796875,-85.1802556818182
0.11921875,-70.1802556818182
0.1192578125,-52.1802556818182
0.119296875,-34.1802556818182
0.1193359375,-15.1802556818182
0.119375,6.81974431818185
0.1194140625,27.8197443181818
0.119453125,47.8197443181818
0.1194921875,61.8197443181818
0.11953125,70.8197443181818
0.1195703125,72.8197443181818
0.119609375,67.8197443181818
0.1196484375,60.8197443181818
0.1196875,51.8197443181818
0.1197265625,46.8197443181818
0.119765625,43.8197443181818
0.1198046875,43.8197443181818
0.11984375,47.8197443181818
0.1198828125,51.8197443181818
0.119921875,57.8197443181818
0.1199609375,65.8197443181818
0.12,72.8197443181818
0.1200390625,76.8197443181818
0.120078125,78.8197443181818
0.1201171875,75.8197443181818
0.12015625,66.8197443181818
0.1201953125,54.8197443181818
0.120234375,38.8197443181818
0.1202734375,16.8197443181818
0.1203125,-4.18025568181815
0.1203515625,-24.1802556818182
0.120390625,-42.1802556818182
0.1204296875,-54.1802556818182
0.12046875,-61.1802556818182
0.1205078125,-63.1802556818182
0.120546875,-57.1802556818182
0.1205859375,-51.1802556818182
0.120625,-45.1802556818182
0.1206640625,-40.1802556818182
0.120703125,-35.1802556818182
0.1207421875,-31.1802556818182
0.12078125,-27.1802556818182
0.1208203125,-27.1802556818182
0.120859375,-32.1802556818182
0.1208984375,-38.1802556818182
0.1209375,-47.1802556818182
0.1209765625,-55.1802556818182
0.121015625,-61.1802556818182
0.1210546875,-60.1802556818182
0.12109375,-56.1802556818182
0.1211328125,-46.1802556818182
0.121171875,-32.1802556818182
0.1212109375,-15.1802556818182
0.12125,5.81974431818185
0.1212890625,24.8197443181818
0.121328125,42.8197443181818
0.1213671875,60.8197443181818
0.12140625,78.8197443181818
0.1214453125,92.8197443181818
0.121484375,103.819744318182
0.1215234375,106.819744318182
0.1215625,102.819744318182
0.1216015625,92.8197443181818
0.121640625,78.8197443181818
0.1216796875,66.8197443181818
0.12171875,57.8197443181818
0.1217578125,54.8197443181818
0.121796875,54.8197443181818
0.1218359375,55.8197443181818
0.121875,57.8197443181818
0.1219140625,58.8197443181818
0.121953125,60.8197443181818
0.1219921875,62.8197443181818
0.12203125,59.8197443181818
0.1220703125,52.8197443181818
0.122109375,39.8197443181818
0.1221484375,23.8197443181818
0.1221875,4.81974431818185
0.1222265625,-15.1802556818182
0.122265625,-37.1802556818182
0.1223046875,-57.1802556818182
0.12234375,-73.1802556818182
0.1223828125,-87.1802556818182
0.122421875,-94.1802556818182
0.1224609375,-96.1802556818182
0.1225,-94.1802556818182
0.1225390625,-89.1802556818182
0.122578125,-82.1802556818182
0.1226171875,-73.1802556818182
0.12265625,-63.1802556818182
0.1226953125,-54.1802556818182
0.122734375,-45.1802556818182
0.1227734375,-39.1802556818182
0.1228125,-37.1802556818182
0.1228515625,-37.1802556818182
0.122890625,-39.1802556818182
0.1229296875,-40.1802556818182
0.12296875,-38.1802556818182
0.1230078125,-32.1802556818182
0.123046875,-25.1802556818182
0.1230859375,-16.1802556818182
0.123125,-7.18025568181815
0.1231640625,2.81974431818185
0.123203125,10.8197443181818
0.1232421875,18.8197443181818
0.12328125,26.8197443181818
0.1233203125,34.8197443181818
0.123359375,39.8197443181818
0.1233984375,43.8197443181818
0.1234375,43.8197443181818
0.1234765625,42.8197443181818
0.123515625,39.8197443181818
0.1235546875,33.8197443181818
0.12359375,25.8197443181818
0.1236328125,19.8197443181818
0.123671875,13.8197443181818
0.1237109375,7.81974431818185
0.12375,1.81974431818185
0.1237890625,-5.18025568181815
0.123828125,-10.1802556818182
0.1238671875,-16.1802556818182
0.12390625,-21.1802556818182
0.1239453125,-24.1802556818182
0.123984375,-25.1802556818182
0.1240234375,-24.1802556818182
0.1240625,-21.1802556818182
0.1241015625,-19.1802556818182
0.124140625,-16.1802556818182
0.1241796875,-15.1802556818182
0.12421875,-13.1802556818182
0.1242578125,-13.1802556818182
0.124296875,-10.1802556818182
0.1243359375,-7.18025568181815
0.124375,-3.18025568181815
0.1244140625,-0.180255681818153
0.124453125,2.81974431818185
0.1244921875,4.81974431818185
0.12453125,8.81974431818185
0.1245703125,11.8197443181818
0.124609375,15.8197443181818
0.1246484375,18.8197443181818
0.1246875,22.8197443181818
0.1247265625,23.8197443181818
0.124765625,23.8197443181818
0.1248046875,20.8197443181818
0.12484375,14.8197443181818
0.1248828125,7.81974431818185
0.124921875,-1.18025568181815
0.1249609375,-9.18025568181815
0.125,-16.1802556818182
0.1250390625,-22.1802556818182
0.125078125,-23.1802556818182
0.1251171875,-23.1802556818182
0.12515625,-20.1802556818182
0.1251953125,-12.1802556818182
0.125234375,2.81974431818185
0.1252734375,21.8197443181818
0.1253125,41.8197443181818
0.1253515625,61.8197443181818
0.125390625,77.8197443181818
0.1254296875,85.8197443181818
0.12546875,85.8197443181818
0.1255078125,76.8197443181818
0.125546875,62.8197443181818
0.1255859375,46.8197443181818
0.125625,28.8197443181818
0.1256640625,11.8197443181818
0.125703125,-4.18025568181815
0.1257421875,-17.1802556818182
0.12578125,-29.1802556818182
0.1258203125,-38.1802556818182
0.125859375,-43.1802556818182
0.1258984375,-43.1802556818182
0.1259375,-42.1802556818182
0.1259765625,-37.1802556818182
0.126015625,-32.1802556818182
0.1260546875,-28.1802556818182
0.12609375,-25.1802556818182
0.1261328125,-24.1802556818182
0.126171875,-25.1802556818182
0.1262109375,-28.1802556818182
0.12625,-30.1802556818182
0.1262890625,-33.1802556818182
0.126328125,-36.1802556818182
0.1263671875,-37.1802556818182
0.12640625,-36.1802556818182
0.1264453125,-32.1802556818182
0.126484375,-26.1802556818182
0.1265234375,-16.1802556818182
0.1265625,-4.18025568181815
0.1266015625,10.8197443181818
0.126640625,25.8197443181818
0.1266796875,37.8197443181818
0.12671875,47.8197443181818
0.1267578125,52.8197443181818
0.126796875,53.8197443181818
0.1268359375,49.8197443181818
0.126875,42.8197443181818
0.1269140625,31.8197443181818
0.126953125,18.8197443181818
0.1269921875,4.81974431818185
0.12703125,-10.1802556818182
0.1270703125,-23.1802556818182
0.127109375,-34.1802556818182
0.1271484375,-42.1802556818182
0.1271875,-43.1802556818182
0.1272265625,-38.1802556818182
0.127265625,-28.1802556818182
0.1273046875,-19.1802556818182
0.12734375,-9.18025568181815
0.1273828125,-3.18025568181815
0.127421875,1.81974431818185
0.1274609375,1.81974431818185
0.1275,0.819744318181847
0.1275390625,-0.180255681818153
0.127578125,-0.180255681818153
0.1276171875,-1.18025568181815
0.12765625,-2.18025568181815
0.1276953125,-4.18025568181815
0.127734375,-5.18025568181815
0.1277734375,-3.18025568181815
0.1278125,0.819744318181847
0.1278515625,7.81974431818185
0.127890625,16.8197443181818
0.1279296875,27.8197443181818
0.12796875,40.8197443181818
0.1280078125,51.8197443181818
0.128046875,58.8197443181818
0.1280859375,61.8197443181818
0.128125,60.8197443181818
0.1281640625,55.8197443181818
0.128203125,48.8197443181818
0.1282421875,36.8197443181818
0.12828125,23.8197443181818
0.1283203125,10.8197443181818
0.128359375,-1.18025568181815
0.1283984375,-10.1802556818182
0.1284375,-19.1802556818182
0.1284765625,-25.1802556818182
0.128515625,-25.1802556818182
0.1285546875,-20.1802556818182
0.12859375,-12.1802556818182
0.1286328125,-3.18025568181815
0.128671875,2.81974431818185
0.1287109375,5.81974431818185
0.12875,6.81974431818185
0.1287890625,2.81974431818185
0.128828125,-5.18025568181815
0.1288671875,-16.1802556818182
0.12890625,-29.1802556818182
0.1289453125,-43.1802556818182
0.128984375,-58.1802556818182
0.1290234375,-69.1802556818182
0.1290625,-76.1802556818182
0.1291015625,-79.1802556818182
0.129140625,-79.1802556818182
0.1291796875,-74.1802556818182
0.12921875,-62.1802556818182
0.1292578125,-46.1802556818182
0.129296875,-29.1802556818182
0.1293359375,-11.1802556818182
0.129375,2.81974431818185
0.1294140625,11.8197443181818
0.129453125,19.8197443181818
0.1294921875,26.8197443181818
0.12953125,32.8197443181818
0.1295703125,39.8197443181818
0.129609375,42.8197443181818
0.1296484375,41.8197443181818
0.1296875,39.8197443181818
0.1297265625,34.8197443181818
0.129765625,28.8197443181818
0.1298046875,22.8197443181818
0.12984375,18.8197443181818
0.1298828125,15.8197443181818
0.129921875,15.8197443181818
0.1299609375,12.8197443181818
0.13,7.81974431818185
0.1300390625,2.81974431818185
0.130078125,-2.18025568181815
0.1301171875,-7.18025568181815
0.13015625,-11.1802556818182
0.1301953125,-13.1802556818182
0.130234375,-16.1802556818182
0.1302734375,-16.1802556818182
0.1303125,-18.1802556818182
0.1303515625,-21.1802556818182
0.130390625,-21.1802556818182
0.1304296875,-22.1802556818182
0.13046875,-21.1802556818182
0.1305078125,-15.1802556818182
0.130546875,-6.18025568181815
0.1305859375,3.81974431818185
0.130625,14.8197443181818
0.1306640625,25.8197443181818
0.130703125,32.8197443181818
0.1307421875,37.8197443181818
0.13078125,41.8197443181818
0.1308203125,42.8197443181818
0.130859375,41.8197443181818
0.1308984375,36.8197443181818
0.1309375,27.8197443181818
0.1309765625,16.8197443181818
0.131015625,3.81974431818185
0.1310546875,-8.18025568181815
0.13109375,-16.1802556818182
0.1311328125,-19.1802556818182
0.131171875,-14.1802556818182
0.1312109375,-6.18025568181815
0.13125,2.81974431818185
0.1312890625,9.81974431818185
0.131328125,13.8197443181818
0.1313671875,15.8197443181818
0.13140625,15.8197443181818
0.1314453125,14.8197443181818
0.131484375,12.8197443181818
0.1315234375,11.8197443181818
0.1315625,10.8197443181818
0.1316015625,6.81974431818185
0.131640625,1.81974431818185
0.1316796875,-3.18025568181815
0.13171875,-7.18025568181815
0.1317578125,-7.18025568181815
0.131796875,-4.18025568181815
0.1318359375,0.819744318181847
0.131875,3.81974431818185
0.1319140625,4.81974431818185
0.131953125,0.819744318181847
0.1319921875,-5.18025568181815
0.13203125,-12.1802556818182
0.1320703125,-19.1802556818182
0.132109375,-26.1802556818182
0.1321484375,-33.1802556818182
0.1321875,-38.1802556818182
0.1322265625,-44.1802556818182
0.132265625,-47.1802556818182
0.1323046875,-48.1802556818182
0.13234375,-46.1802556818182
0.1323828125,-43.1802556818182
0.132421875,-41.1802556818182
0.1324609375,-34.1802556818182
0.1325,-23.1802556818182
0.1325390625,-9.18025568181815
0.132578125,6.81974431818185
0.1326171875,19.8197443181818
0.13265625,29.8197443181818
0.1326953125,38.8197443181818
0.132734375,44.8197443181818
0.1327734375,48.8197443181818
0.1328125,45.8197443181818
0.1328515625,39.8197443181818
0.132890625,30.8197443181818
0.1329296875,18.8197443181818
0.13296875,6.81974431818185
0.1330078125,-6.18025568181815
0.133046875,-18.1802556818182
0.1330859375,-29.1802556818182
0.133125,-37.1802556818182
0.1331640625,-39.1802556818182
0.133203125,-36.1802556818182
0.1332421875,-28.1802556818182
0.13328125,-20.1802556818182
0.1333203125,-12.1802556818182
0.133359375,-5.18025568181815
0.1333984375,1.81974431818185
0.1334375,9.81974431818185
0.1334765625,14.8197443181818
0.133515625,17.8197443181818
0.1335546875,20.8197443181818
0.13359375,22.8197443181818
0.1336328125,23.8197443181818
0.133671875,22.8197443181818
0.1337109375,19.8197443181818
0.13375,19.8197443181818
0.1337890625,24.8197443181818
0.133828125,29.8197443181818
0.1338671875,34.8197443181818
0.13390625,37.8197443181818
0.1339453125,38.8197443181818
0.133984375,38.8197443181818
0.1340234375,39.8197443181818
0.1340625,38.8197443181818
0.1341015625,39.8197443181818
0.134140625,35.8197443181818
0.1341796875,28.8197443181818
0.13421875,17.8197443181818
0.1342578125,2.81974431818185
0.134296875,-16.1802556818182
0.1343359375,-33.1802556818182
0.134375,-45.1802556818182
0.1344140625,-54.1802556818182
0.134453125,-59.1802556818182
0.1344921875,-63.1802556818182
0.13453125,-60.1802556818182
0.1345703125,-52.1802556818182
0.134609375,-40.1802556818182
0.1346484375,-27.1802556818182
0.1346875,-15.1802556818182
0.1347265625,-4.18025568181815
0.134765625,4.81974431818185
0.1348046875,12.8197443181818
0.13484375,11.8197443181818
0.1348828125,7.81974431818185
0.134921875,12.8197443181818
0.1349609375,29.8197443181818
0.135,45.8197443181818
0.1350390625,49.8197443181818
0.135078125,46.8197443181818
0.1351171875,41.8197443181818
0.13515625,38.8197443181818
0.1351953125,36.8197443181818
0.135234375,39.8197443181818
0.1352734375,45.8197443181818
0.1353125,54.8197443181818
0.1353515625,57.8197443181818
0.135390625,60.8197443181818
0.1354296875,65.8197443181818
0.13546875,66.8197443181818
0.1355078125,64.8197443181818
0.135546875,58.8197443181818
0.1355859375,50.8197443181818
0.135625,43.8197443181818
0.1356640625,35.8197443181818
0.135703125,28.8197443181818
0.1357421875,25.8197443181818
0.13578125,23.8197443181818
0.1358203125,22.8197443181818
0.135859375,19.8197443181818
0.1358984375,14.8197443181818
0.1359375,6.81974431818185
0.1359765625,-7.18025568181815
0.136015625,-29.1802556818182
0.1360546875,-57.1802556818182
0.13609375,-90.1802556818182
0.1361328125,-128.180255681818
0.136171875,-173.180255681818
0.1362109375,-225.180255681818
0.13625,-279.180255681818
0.1362890625,-327.180255681818
0.136328125,-367.180255681818
0.1363671875,-398.180255681818
0.13640625,-419.180255681818
0.1364453125,-427.180255681818
0.136484375,-418.180255681818
0.1365234375,-397.180255681818
0.1365625,-362.180255681818
0.1366015625,-314.180255681818
0.136640625,-255.180255681818
0.1366796875,-184.180255681818
0.13671875,-107.180255681818
0.1367578125,-30.1802556818182
0.136796875,46.8197443181818
0.1368359375,122.819744318182
0.136875,192.819744318182
0.1369140625,255.819744318182
0.136953125,314.819744318182
0.1369921875,369.819744318182
0.13703125,421.819744318182
0.1370703125,467.819744318182
0.137109375,502.819744318182
0.1371484375,510.819744318182
0.1371875,510.819744318182
0.1372265625,510.819744318182
0.137265625,510.819744318182
0.1373046875,499.819744318182
0.13734375,469.819744318182
0.1373828125,431.819744318182
0.137421875,383.819744318182
0.1374609375,328.819744318182
0.1375,268.819744318182
0.1375390625,202.819744318182
0.137578125,131.819744318182
0.1376171875,58.8197443181818
0.13765625,-16.1802556818182
0.1376953125,-90.1802556818182
0.137734375,-162.180255681818
0.1377734375,-228.180255681818
0.1378125,-288.180255681818
0.1378515625,-342.180255681818
0.137890625,-388.180255681818
0.1379296875,-423.180255681818
0.13796875,-447.180255681818
0.1380078125,-457.180255681818
0.138046875,-456.180255681818
0.1380859375,-448.180255681818
0.138125,-433.180255681818
0.1381640625,-413.180255681818
0.138203125,-388.180255681818
0.1382421875,-362.180255681818
0.13828125,-321.180255681818
0.1383203125,-259.180255681818
0.138359375,-183.180255681818
0.1383984375,-105.180255681818
0.1384375,-32.1802556818182
0.1384765625,39.8197443181818
0.138515625,105.819744318182
0.1385546875,164.819744318182
0.13859375,218.819744318182
0.1386328125,264.819744318182
0.138671875,297.819744318182
0.1387109375,314.819744318182
0.13875,319.819744318182
0.1387890625,317.819744318182
0.138828125,309.819744318182
0.1388671875,293.819744318182
0.13890625,269.819744318182
0.1389453125,239.819744318182
0.138984375,203.819744318182
0.1390234375,165.819744318182
0.1390625,128.819744318182
0.1391015625,94.8197443181818
0.139140625,61.8197443181818
0.1391796875,32.8197443181818
0.13921875,8.81974431818185
0.1392578125,-11.1802556818182
0.139296875,-23.1802556818182
0.1393359375,-28.1802556818182
0.139375,-31.1802556818182
0.1394140625,-32.1802556818182
0.139453125,-34.1802556818182
0.1394921875,-33.1802556818182
0.13953125,-30.1802556818182
0.1395703125,-23.1802556818182
0.139609375,-13.1802556818182
0.1396484375,0.819744318181847
0.1396875,17.8197443181818
0.1397265625,33.8197443181818
0.139765625,46.8197443181818
0.1398046875,54.8197443181818
0.13984375,59.8197443181818
0.1398828125,60.8197443181818
0.139921875,62.8197443181818
0.1399609375,59.8197443181818
0.14,56.8197443181818
0.1400390625,50.8197443181818
0.140078125,39.8197443181818
0.1401171875,23.8197443181818
0.14015625,5.81974431818185
0.1401953125,-14.1802556818182
0.140234375,-35.1802556818182
0.1402734375,-59.1802556818182
0.1403125,-85.1802556818182
0.1403515625,-114.180255681818
0.140390625,-143.180255681818
0.1404296875,-176.180255681818
0.14046875,-206.180255681818
0.1405078125,-232.180255681818
0.140546875,-251.180255681818
0.1405859375,-262.180255681818
0.140625,-267.180255681818
0.1406640625,-264.180255681818
0.140703125,-252.180255681818
0.1407421875,-233.180255681818
0.14078125,-211.180255681818
0.1408203125,-188.180255681818
0.140859375,-161.180255681818
0.1408984375,-133.180255681818
0.1409375,-103.180255681818
0.1409765625,-73.1802556818182
0.141015625,-42.1802556818182
0.1410546875,-11.1802556818182
0.14109375,17.8197443181818
0.1411328125,45.8197443181818
0.141171875,72.8197443181818
0.1412109375,99.8197443181818
0.14125,125.819744318182
0.1412890625,149.819744318182
0.141328125,171.819744318182
0.1413671875,188.819744318182
0.14140625,194.819744318182
0.1414453125,188.819744318182
0.141484375,173.819744318182
0.1415234375,153.819744318182
0.1415625,128.819744318182
0.1416015625,99.8197443181818
0.141640625,70.8197443181818
0.1416796875,38.8197443181818
0.14171875,6.81974431818185
0.1417578125,-18.1802556818182
0.141796875,-40.1802556818182
0.1418359375,-56.1802556818182
0.141875,-64.1802556818182
0.1419140625,-67.1802556818182
0.141953125,-66.1802556818182
0.1419921875,-63.1802556818182
0.14203125,-58.1802556818182
0.1420703125,-55.1802556818182
0.142109375,-51.1802556818182
0.1421484375,-50.1802556818182
0.1421875,-48.1802556818182
0.1422265625,-45.1802556818182
0.142265625,-39.1802556818182
0.1423046875,-30.1802556818182
0.14234375,-18.1802556818182
0.1423828125,-4.18025568181815
0.142421875,10.8197443181818
0.1424609375,26.8197443181818
0.1425,44.8197443181818
0.1425390625,65.8197443181818
0.142578125,87.8197443181818
0.1426171875,109.819744318182
0.14265625,126.819744318182
0.1426953125,138.819744318182
0.142734375,145.819744318182
0.1427734375,146.819744318182
0.1428125,144.819744318182
0.1428515625,141.819744318182
0.142890625,136.819744318182
0.1429296875,128.819744318182
0.14296875,118.819744318182
0.1430078125,107.819744318182
0.143046875,95.8197443181818
0.1430859375,84.8197443181818
0.143125,73.8197443181818
0.1431640625,64.8197443181818
0.143203125,54.8197443181818
0.1432421875,46.8197443181818
0.14328125,36.8197443181818
0.1433203125,26.8197443181818
0.143359375,14.8197443181818
0.1433984375,0.819744318181847
0.1434375,-16.1802556818182
0.1434765625,-36.1802556818182
0.143515625,-58.1802556818182
0.1435546875,-79.1802556818182
0.14359375,-98.1802556818182
0.1436328125,-116.180255681818
0.143671875,-132.180255681818
0.1437109375,-145.180255681818
0.14375,-151.180255681818
0.1437890625,-151.180255681818
0.143828125,-143.180255681818
0.1438671875,-129.180255681818
0.14390625,-107.180255681818
0.1439453125,-83.1802556818182
0.143984375,-57.1802556818182
0.1440234375,-31.1802556818182
0.1440625,-10.1802556818182
0.1441015625,9.81974431818185
0.144140625,27.8197443181818
0.1441796875,40.8197443181818
0.14421875,50.8197443181818
0.1442578125,54.8197443181818
0.144296875,54.8197443181818
0.1443359375,51.8197443181818
0.144375,47.8197443181818
0.1444140625,42.8197443181818
0.144453125,38.8197443181818
0.1444921875,34.8197443181818
0.14453125,29.8197443181818
0.1445703125,23.8197443181818
0.144609375,17.8197443181818
0.1446484375,8.81974431818185
0.1446875,-2.18025568181815
0.1447265625,-15.1802556818182
0.144765625,-30.1802556818182
0.1448046875,-42.1802556818182
0.14484375,-52.1802556818182
0.1448828125,-61.1802556818182
0.144921875,-66.1802556818182
0.1449609375,-72.1802556818182
0.145,-77.1802556818182
0.1450390625,-80.1802556818182
0.145078125,-81.1802556818182
0.1451171875,-78.1802556818182
0.14515625,-69.1802556818182
0.1451953125,-58.1802556818182
0.145234375,-46.1802556818182
0.1452734375,-30.1802556818182
0.1453125,-16.1802556818182
0.1453515625,-1.18025568181815
0.145390625,12.8197443181818
0.1454296875,24.8197443181818
0.14546875,35.8197443181818
0.1455078125,46.8197443181818
0.145546875,54.8197443181818
0.1455859375,57.8197443181818
0.145625,56.8197443181818
0.1456640625,51.8197443181818
0.145703125,41.8197443181818
0.1457421875,28.8197443181818
0.14578125,16.8197443181818
0.1458203125,5.81974431818185
0.145859375,-2.18025568181815
0.1458984375,-10.1802556818182
0.1459375,-17.1802556818182
0.1459765625,-22.1802556818182
0.146015625,-26.1802556818182
0.1460546875,-28.1802556818182
0.14609375,-28.1802556818182
0.1461328125,-28.1802556818182
0.146171875,-27.1802556818182
0.1462109375,-25.1802556818182
0.14625,-22.1802556818182
0.1462890625,-20.1802556818182
0.146328125,-19.1802556818182
0.1463671875,-20.1802556818182
0.14640625,-18.1802556818182
0.1464453125,-13.1802556818182
0.146484375,-4.18025568181815
0.1465234375,6.81974431818185
0.1465625,18.8197443181818
0.1466015625,26.8197443181818
0.146640625,30.8197443181818
0.1466796875,32.8197443181818
0.14671875,35.8197443181818
0.1467578125,39.8197443181818
0.146796875,42.8197443181818
0.1468359375,44.8197443181818
0.146875,43.8197443181818
0.1469140625,41.8197443181818
0.146953125,39.8197443181818
0.1469921875,38.8197443181818
0.14703125,37.8197443181818
0.1470703125,34.8197443181818
0.147109375,31.8197443181818
0.1471484375,29.8197443181818
0.1471875,28.8197443181818
0.1472265625,30.8197443181818
0.147265625,32.8197443181818
0.1473046875,35.8197443181818
0.14734375,34.8197443181818
0.1473828125,33.8197443181818
0.147421875,31.8197443181818
0.1474609375,28.8197443181818
0.1475,26.8197443181818
0.1475390625,23.8197443181818
0.147578125,17.8197443181818
0.1476171875,8.81974431818185
0.14765625,-4.18025568181815
0.1476953125,-18.1802556818182
0.147734375,-28.1802556818182
0.1477734375,-36.1802556818182
0.1478125,-44.1802556818182
0.1478515625,-50.1802556818182
0.147890625,-55.1802556818182
0.1479296875,-57.1802556818182
0.14796875,-57.1802556818182
0.1480078125,-55.1802556818182
0.148046875,-51.1802556818182
0.1480859375,-45.1802556818182
0.148125,-38.1802556818182
0.1481640625,-32.1802556818182
0.148203125,-25.1802556818182
0.1482421875,-20.1802556818182
0.14828125,-15.1802556818182
0.1483203125,-13.1802556818182
0.148359375,-11.1802556818182
0.1483984375,-6.18025568181815
0.1484375,-0.180255681818153
0.1484765625,8.81974431818185
0.148515625,16.8197443181818
0.1485546875,22.8197443181818
0.14859375,25.8197443181818
0.1486328125,27.8197443181818
0.148671875,31.8197443181818
0.1487109375,37.8197443181818
0.14875,43.8197443181818
0.1487890625,48.8197443181818
0.148828125,50.8197443181818
0.1488671875,49.8197443181818
0.14890625,45.8197443181818
0.1489453125,39.8197443181818
0.148984375,34.8197443181818
0.1490234375,27.8197443181818
0.1490625,21.8197443181818
0.1491015625,17.8197443181818
0.149140625,12.8197443181818
0.1491796875,7.81974431818185
0.14921875,0.819744318181847
0.1492578125,-5.18025568181815
0.149296875,-11.1802556818182
0.1493359375,-17.1802556818182
0.149375,-21.1802556818182
0.1494140625,-24.1802556818182
0.149453125,-27.1802556818182
0.1494921875,-31.1802556818182
0.14953125,-37.1802556818182
0.1495703125,-43.1802556818182
0.149609375,-48.1802556818182
0.1496484375,-52.1802556818182
0.1496875,-54.1802556818182
0.1497265625,-53.1802556818182
0.149765625,-50.1802556818182
0.1498046875,-46.1802556818182
0.14984375,-39.1802556818182
0.1498828125,-32.1802556818182
0.149921875,-25.1802556818182
0.1499609375,-17.1802556818182
0.15,-11.1802556818182
0.1500390625,-6.18025568181815
0.150078125,-5.18025568181815
0.1501171875,-2.18025568181815
0.15015625,-0.180255681818153
0.1501953125,0.819744318181847
0.150234375,-1.18025568181815
0.1502734375,-8.18025568181815
0.1503125,-14.1802556818182
0.1503515625,-17.1802556818182
0.150390625,-19.1802556818182
0.1504296875,-16.1802556818182
0.15046875,-12.1802556818182
0.1505078125,-7.18025568181815
0.150546875,0.819744318181847
0.1505859375,11.8197443181818
0.150625,26.8197443181818
0.1506640625,40.8197443181818
0.150703125,53.8197443181818
0.1507421875,64.8197443181818
0.15078125,70.8197443181818
0.1508203125,71.8197443181818
0.150859375,67.8197443181818
0.1508984375,59.8197443181818
0.1509375,47.8197443181818
0.1509765625,30.8197443181818
0.151015625,12.8197443181818
0.1510546875,-3.18025568181815
0.15109375,-17.1802556818182
0.1511328125,-26.1802556818182
0.151171875,-29.1802556818182
0.1512109375,-28.1802556818182
0.15125,-24.1802556818182
0.1512890625,-14.1802556818182
0.151328125,-0.180255681818153
0.1513671875,17.8197443181818
0.15140625,33.8197443181818
0.1514453125,45.8197443181818
0.151484375,51.8197443181818
0.1515234375,49.8197443181818
0.1515625,41.8197443181818
0.1516015625,31.8197443181818
0.151640625,19.8197443181818
0.1516796875,9.81974431818185
0.15171875,-0.180255681818153
0.1517578125,-8.18025568181815
0.151796875,-13.1802556818182
0.1518359375,-16.1802556818182
0.151875,-14.1802556818182
0.1519140625,-9.18025568181815
0.151953125,-3.18025568181815
0.1519921875,0.819744318181847
0.15203125,1.81974431818185
0.1520703125,0.819744318181847
0.152109375,-2.18025568181815
0.1521484375,-8.18025568181815
0.1521875,-15.1802556818182
0.1522265625,-23.1802556818182
0.152265625,-31.1802556818182
0.1523046875,-38.1802556818182
0.15234375,-43.1802556818182
0.1523828125,-44.1802556818182
0.152421875,-43.1802556818182
0.1524609375,-41.1802556818182
0.1525,-38.1802556818182
0.1525390625,-35.1802556818182
0.152578125,-27.1802556818182
0.1526171875,-16.1802556818182
0.15265625,-2.18025568181815
0.1526953125,9.81974431818185
0.152734375,17.8197443181818
0.1527734375,23.8197443181818
0.1528125,22.8197443181818
0.1528515625,19.8197443181818
0.152890625,13.8197443181818
0.1529296875,5.81974431818185
0.15296875,-4.18025568181815
0.1530078125,-15.1802556818182
0.153046875,-28.1802556818182
0.1530859375,-38.1802556818182
0.153125,-46.1802556818182
0.1531640625,-48.1802556818182
0.153203125,-46.1802556818182
0.1532421875,-39.1802556818182
0.15328125,-31.1802556818182
0.1533203125,-19.1802556818182
0.153359375,-4.18025568181815
0.1533984375,10.8197443181818
0.1534375,22.8197443181818
0.1534765625,31.8197443181818
0.153515625,34.8197443181818
0.1535546875,33.8197443181818
0.15359375,31.8197443181818
0.1536328125,28.8197443181818
0.153671875,24.8197443181818
0.1537109375,17.8197443181818
0.15375,11.8197443181818
0.1537890625,3.81974431818185
0.153828125,-1.18025568181815
0.1538671875,-2.18025568181815
0.15390625,0.819744318181847
0.1539453125,7.81974431818185
0.153984375,17.8197443181818
0.1540234375,26.8197443181818
0.1540625,33.8197443181818
0.1541015625,36.8197443181818
0.154140625,35.8197443181818
0.1541796875,34.8197443181818
0.15421875,30.8197443181818
0.1542578125,22.8197443181818
0.154296875,14.8197443181818
0.1543359375,3.81974431818185
0.154375,-6.18025568181815
0.1544140625,-14.1802556818182
0.154453125,-21.1802556818182
0.1544921875,-26.1802556818182
0.15453125,-25.1802556818182
0.1545703125,-22.1802556818182
0.154609375,-15.1802556818182
0.1546484375,-5.18025568181815
0.1546875,5.81974431818185
0.1547265625,16.8197443181818
0.154765625,25.8197443181818
0.1548046875,32.8197443181818
0.15484375,36.8197443181818
0.1548828125,35.8197443181818
0.154921875,32.8197443181818
0.1549609375,26.8197443181818
0.155,18.8197443181818
0.1550390625,7.81974431818185
0.155078125,-6.18025568181815
0.1551171875,-19.1802556818182
0.15515625,-32.1802556818182
0.1551953125,-42.1802556818182
0.155234375,-47.1802556818182
0.1552734375,-49.1802556818182
0.1553125,-48.1802556818182
0.1553515625,-44.1802556818182
0.155390625,-40.1802556818182
0.1554296875,-34.1802556818182
0.15546875,-28.1802556818182
0.1555078125,-23.1802556818182
0.155546875,-19.1802556818182
0.1555859375,-13.1802556818182
0.155625,-8.18025568181815
0.1556640625,-3.18025568181815
0.155703125,0.819744318181847
0.1557421875,5.81974431818185
0.15578125,11.8197443181818
0.1558203125,16.8197443181818
0.155859375,22.8197443181818
0.1558984375,28.8197443181818
0.1559375,37.8197443181818
0.1559765625,44.8197443181818
0.156015625,50.8197443181818
0.1560546875,54.8197443181818
0.15609375,58.8197443181818
0.1561328125,60.8197443181818
0.156171875,60.8197443181818
0.1562109375,57.8197443181818
0.15625,49.8197443181818
0.1562890625,39.8197443181818
0.156328125,26.8197443181818
0.1563671875,12.8197443181818
0.15640625,-2.18025568181815
0.1564453125,-18.1802556818182
0.156484375,-34.1802556818182
0.1565234375,-49.1802556818182
0.1565625,-60.1802556818182
0.1566015625,-59.1802556818182
0.156640625,-42.1802556818182
0.1566796875,-20.1802556818182
0.15671875,-4.18025568181815
0.1567578125,3.81974431818185
0.156796875,8.81974431818185
0.1568359375,17.8197443181818
0.156875,28.8197443181818
0.1569140625,37.8197443181818
0.156953125,48.8197443181818
0.1569921875,60.8197443181818
0.15703125,75.8197443181818
0.1570703125,92.8197443181818
0.157109375,112.819744318182
0.1571484375,134.819744318182
0.1571875,151.819744318182
0.1572265625,159.819744318182
0.157265625,161.819744318182
0.1573046875,162.819744318182
0.15734375,160.819744318182
0.1573828125,148.819744318182
0.157421875,129.819744318182
0.1574609375,104.819744318182
0.1575,73.8197443181818
0.1575390625,37.8197443181818
0.157578125,-5.18025568181815
0.1576171875,-56.1802556818182
0.15765625,-112.180255681818
0.1576953125,-172.180255681818
0.157734375,-236.180255681818
0.1577734375,-301.180255681818
0.1578125,-367.180255681818
0.1578515625,-427.180255681818
0.157890625,-473.180255681818
0.1579296875,-479.180255681818
0.15796875,-480.180255681818
0.1580078125,-481.180255681818
0.158046875,-481.180255681818
0.1580859375,-480.180255681818
0.158125,-477.180255681818
0.1581640625,-474.180255681818
0.158203125,-464.180255681818
0.1582421875,-445.180255681818
0.15828125,-406.180255681818
0.1583203125,-348.180255681818
0.158359375,-273.180255681818
0.1583984375,-185.180255681818
0.1584375,-87.1802556818182
0.1584765625,16.8197443181818
0.158515625,127.819744318182
0.1585546875,239.819744318182
0.15859375,350.819744318182
0.1586328125,456.819744318182
0.158671875,510.819744318182
0.1587109375,510.819744318182
0.15875,510.819744318182
0.1587890625,510.819744318182
0.158828125,510.819744318182
0.1588671875,510.819744318182
0.15890625,510.819744318182
0.1589453125,510.819744318182
0.158984375,510.819744318182
0.1590234375,510.819744318182
0.1590625,510.819744318182
0.1591015625,510.819744318182
0.159140625,510.819744318182
0.1591796875,510.819744318182
0.15921875,468.819744318182
0.1592578125,394.819744318182
0.159296875,304.819744318182
0.1593359375,202.819744318182
0.159375,94.8197443181818
0.1594140625,-18.1802556818182
0.159453125,-128.180255681818
0.1594921875,-237.180255681818
0.15953125,-338.180255681818
0.1595703125,-429.180255681818
0.159609375,-480.180255681818
0.1596484375,-483.180255681818
0.1596875,-483.180255681818
0.1597265625,-484.180255681818
0.159765625,-484.180255681818
0.1598046875,-484.180255681818
0.15984375,-482.180255681818
0.1598828125,-480.180255681818
0.159921875,-475.180255681818
0.1599609375,-467.180255681818
0.16,-446.180255681818
0.1600390625,-403.180255681818
0.160078125,-336.180255681818
0.1601171875,-253.180255681818
0.16015625,-160.180255681818
0.1601953125,-68.1802556818182
0.160234375,23.8197443181818
0.1602734375,113.819744318182
0.1603125,195.819744318182
0.1603515625,266.819744318182
0.160390625,325.819744318182
0.1604296875,369.819744318182
0.16046875,401.819744318182
0.1605078125,425.819744318182
0.160546875,442.819744318182
0.1605859375,452.819744318182
0.160625,454.819744318182
0.1606640625,446.819744318182
0.160703125,431.819744318182
0.1607421875,409.819744318182
0.16078125,379.819744318182
0.1608203125,336.819744318182
0.160859375,284.819744318182
0.1608984375,225.819744318182
0.1609375,157.819744318182
0.1609765625,87.8197443181818
0.161015625,15.8197443181818
0.1610546875,-52.1802556818182
0.16109375,-111.180255681818
0.1611328125,-157.180255681818
0.161171875,-190.180255681818
0.1612109375,-207.180255681818
0.16125,-213.180255681818
0.1612890625,-214.180255681818
0.161328125,-212.180255681818
0.1613671875,-207.180255681818
0.16140625,-202.180255681818
0.1614453125,-194.180255681818
0.161484375,-184.180255681818
0.1615234375,-178.180255681818
0.1615625,-175.180255681818
0.1616015625,-175.180255681818
0.161640625,-176.180255681818
0.1616796875,-172.180255681818
0.16171875,-163.180255681818
0.1617578125,-150.180255681818
0.161796875,-130.180255681818
0.1618359375,-109.180255681818
0.161875,-87.1802556818182
0.1619140625,-63.1802556818182
0.161953125,-39.1802556818182
0.1619921875,-17.1802556818182
0.16203125,1.81974431818185
0.1620703125,17.8197443181818
0.162109375,29.8197443181818
0.1621484375,36.8197443181818
0.1621875,36.8197443181818
0.1622265625,30.8197443181818
0.162265625,20.8197443181818
0.1623046875,4.81974431818185
0.16234375,-12.1802556818182
0.1623828125,-30.1802556818182
0.162421875,-46.1802556818182
0.1624609375,-58.1802556818182
0.1625,-62.1802556818182
0.1625390625,-58.1802556818182
0.162578125,-48.1802556818182
0.1626171875,-34.1802556818182
0.16265625,-17.1802556818182
0.1626953125,0.819744318181847
0.162734375,22.8197443181818
0.1627734375,43.8197443181818
0.1628125,61.8197443181818
0.1628515625,75.8197443181818
0.162890625,78.8197443181818
0.1629296875,76.8197443181818
0.16296875,69.8197443181818
0.1630078125,60.8197443181818
0.163046875,50.8197443181818
0.1630859375,43.8197443181818
0.163125,35.8197443181818
0.1631640625,26.8197443181818
0.163203125,16.8197443181818
0.1632421875,7.81974431818185
0.16328125,-1.18025568181815
0.1633203125,-8.18025568181815
0.163359375,-16.1802556818182
0.1633984375,-29.1802556818182
0.1634375,-45.1802556818182
0.1634765625,-62.1802556818182
0.163515625,-80.1802556818182
0.1635546875,-94.1802556818182
0.16359375,-105.180255681818
0.1636328125,-114.180255681818
0.163671875,-121.180255681818
0.1637109375,-124.180255681818
0.16375,-122.180255681818
0.1637890625,-116.180255681818
0.163828125,-103.180255681818
0.1638671875,-87.1802556818182
0.16390625,-69.1802556818182
0.1639453125,-51.1802556818182
0.163984375,-28.1802556818182
0.1640234375,-0.180255681818153
0.1640625,29.8197443181818
0.1641015625,58.8197443181818
0.164140625,86.8197443181818
0.1641796875,113.819744318182
0.16421875,137.819744318182
0.1642578125,159.819744318182
0.164296875,178.819744318182
0.1643359375,197.819744318182
0.164375,214.819744318182
0.1644140625,226.819744318182
0.164453125,231.819744318182
0.1644921875,229.819744318182
0.16453125,223.819744318182
0.1645703125,212.819744318182
0.164609375,197.819744318182
0.1646484375,178.819744318182
0.1646875,155.819744318182
0.1647265625,130.819744318182
0.164765625,103.819744318182
0.1648046875,76.8197443181818
0.16484375,49.8197443181818
0.1648828125,19.8197443181818
0.164921875,-14.1802556818182
0.1649609375,-45.1802556818182
0.165,-73.1802556818182
0.1650390625,-100.180255681818
0.165078125,-123.180255681818
0.1651171875,-145.180255681818
0.16515625,-165.180255681818
0.1651953125,-180.180255681818
0.165234375,-189.180255681818
0.1652734375,-194.180255681818
0.1653125,-191.180255681818
0.1653515625,-179.180255681818
0.165390625,-161.180255681818
0.1654296875,-137.180255681818
0.16546875,-112.180255681818
0.1655078125,-85.1802556818182
0.165546875,-56.1802556818182
0.1655859375,-29.1802556818182
0.165625,-6.18025568181815
0.1656640625,12.8197443181818
0.165703125,27.8197443181818
0.1657421875,40.8197443181818
0.16578125,50.8197443181818
0.1658203125,60.8197443181818
0.165859375,71.8197443181818
0.1658984375,83.8197443181818
0.1659375,97.8197443181818
0.1659765625,116.819744318182
0.166015625,136.819744318182
0.1660546875,154.819744318182
0.16609375,168.819744318182
0.1661328125,175.819744318182
0.166171875,173.819744318182
0.1662109375,164.819744318182
0.16625,151.819744318182
0.1662890625,134.819744318182
0.166328125,115.819744318182
0.1663671875,92.8197443181818
0.16640625,64.8197443181818
0.1664453125,36.8197443181818
0.166484375,8.81974431818185
0.1665234375,-18.1802556818182
0.1665625,-43.1802556818182
0.1666015625,-67.1802556818182
0.166640625,-89.1802556818182
0.1666796875,-108.180255681818
0.16671875,-124.180255681818
0.1667578125,-137.180255681818
0.166796875,-150.180255681818
0.1668359375,-162.180255681818
0.166875,-172.180255681818
0.1669140625,-181.180255681818
0.166953125,-188.180255681818
0.1669921875,-189.180255681818
0.16703125,-184.180255681818
0.1670703125,-176.180255681818
0.167109375,-165.180255681818
0.1671484375,-154.180255681818
0.1671875,-140.180255681818
0.1672265625,-122.180255681818
0.167265625,-98.1802556818182
0.1673046875,-71.1802556818182
0.16734375,-45.1802556818182
0.1673828125,-22.1802556818182
0.167421875,-1.18025568181815
0.1674609375,18.8197443181818
0.1675,37.8197443181818
0.1675390625,54.8197443181818
0.167578125,65.8197443181818
0.1676171875,75.8197443181818
0.16765625,82.8197443181818
0.1676953125,87.8197443181818
0.167734375,86.8197443181818
0.1677734375,84.8197443181818
0.1678125,75.8197443181818
0.1678515625,65.8197443181818
0.167890625,56.8197443181818
0.1679296875,51.8197443181818
0.16796875,50.8197443181818
0.1680078125,52.8197443181818
0.168046875,55.8197443181818
0.1680859375,57.8197443181818
0.168125,57.8197443181818
0.1681640625,51.8197443181818
0.168203125,41.8197443181818
0.1682421875,28.8197443181818
0.16828125,13.8197443181818
0.1683203125,-3.18025568181815
0.168359375,-19.1802556818182
0.1683984375,-35.1802556818182
0.1684375,-49.1802556818182
0.1684765625,-59.1802556818182
0.168515625,-62.1802556818182
0.1685546875,-59.1802556818182
0.16859375,-50.1802556818182
0.1686328125,-37.1802556818182
0.168671875,-23.1802556818182
0.1687109375,-9.18025568181815
0.16875,2.81974431818185
0.1687890625,11.8197443181818
0.168828125,19.8197443181818
0.1688671875,24.8197443181818
0.16890625,25.8197443181818
0.1689453125,26.8197443181818
0.168984375,23.8197443181818
0.1690234375,19.8197443181818
0.1690625,14.8197443181818
0.1691015625,9.81974431818185
0.169140625,6.81974431818185
0.1691796875,7.81974431818185
0.16921875,10.8197443181818
0.1692578125,16.8197443181818
0.169296875,25.8197443181818
0.1693359375,34.8197443181818
0.169375,41.8197443181818
0.1694140625,47.8197443181818
0.169453125,49.8197443181818
0.1694921875,47.8197443181818
0.16953125,42.8197443181818
0.1695703125,35.8197443181818
0.169609375,28.8197443181818
0.1696484375,22.8197443181818
0.1696875,17.8197443181818
0.1697265625,11.8197443181818
0.169765625,4.81974431818185
0.1698046875,-3.18025568181815
0.16984375,-9.18025568181815
0.1698828125,-10.1802556818182
0.169921875,-8.18025568181815
0.1699609375,-4.18025568181815
0.17,-0.180255681818153
0.1700390625,7.81974431818185
0.170078125,13.8197443181818
0.1701171875,23.8197443181818
0.17015625,30.8197443181818
0.1701953125,34.8197443181818
0.170234375,33.8197443181818
0.1702734375,31.8197443181818
0.1703125,23.8197443181818
0.1703515625,12.8197443181818
0.170390625,0.819744318181847
0.1704296875,-12.1802556818182
0.17046875,-22.1802556818182
0.1705078125,-31.1802556818182
0.170546875,-35.1802556818182
0.1705859375,-36.1802556818182
0.170625,-34.1802556818182
0.1706640625,-31.1802556818182
0.170703125,-30.1802556818182
0.1707421875,-29.1802556818182
0.17078125,-30.1802556818182
0.1708203125,-30.1802556818182
0.170859375,-29.1802556818182
0.1708984375,-27.1802556818182
0.1709375,-23.1802556818182
0.1709765625,-23.1802556818182
0.171015625,-25.1802556818182
0.1710546875,-30.1802556818182
0.17109375,-35.1802556818182
0.1711328125,-40.1802556818182
0.171171875,-41.1802556818182
0.1712109375,-37.1802556818182
0.17125,-30.1802556818182
0.1712890625,-17.1802556818182
0.171328125,-1.18025568181815
0.1713671875,16.8197443181818
0.17140625,32.8197443181818
0.1714453125,46.8197443181818
0.171484375,58.8197443181818
0.1715234375,66.8197443181818
0.1715625,69.8197443181818
0.1716015625,65.8197443181818
0.171640625,56.8197443181818
0.1716796875,41.8197443181818
0.17171875,24.8197443181818
0.1717578125,7.81974431818185
0.171796875,-7.18025568181815
0.1718359375,-19.1802556818182
0.171875,-28.1802556818182
0.1719140625,-31.1802556818182
0.171953125,-33.1802556818182
0.1719921875,-35.1802556818182
0.17203125,-37.1802556818182
0.1720703125,-37.1802556818182
0.172109375,-37.1802556818182
0.1721484375,-38.1802556818182
0.1721875,-40.1802556818182
0.1722265625,-41.1802556818182
0.172265625,-41.1802556818182
0.1723046875,-42.1802556818182
0.17234375,-42.1802556818182
0.1723828125,-41.1802556818182
0.172421875,-38.1802556818182
0.1724609375,-33.1802556818182
0.1725,-24.1802556818182
0.1725390625,-14.1802556818182
0.172578125,-1.18025568181815
0.1726171875,13.8197443181818
0.17265625,26.8197443181818
0.1726953125,38.8197443181818
0.172734375,49.8197443181818
0.1727734375,58.8197443181818
0.1728125,65.8197443181818
0.1728515625,68.8197443181818
0.172890625,68.8197443181818
0.1729296875,66.8197443181818
0.17296875,61.8197443181818
0.1730078125,55.8197443181818
0.173046875,48.8197443181818
0.1730859375,39.8197443181818
0.173125,29.8197443181818
0.1731640625,20.8197443181818
0.173203125,13.8197443181818
0.1732421875,7.81974431818185
0.17328125,2.81974431818185
0.1733203125,-3.18025568181815
0.173359375,-8.18025568181815
0.1733984375,-10.1802556818182
0.1734375,-8.18025568181815
0.1734765625,-4.18025568181815
0.173515625,0.819744318181847
0.1735546875,2.81974431818185
0.17359375,1.81974431818185
0.1736328125,-2.18025568181815
0.173671875,-9.18025568181815
0.1737109375,-18.1802556818182
0.17375,-25.1802556818182
0.1737890625,-31.1802556818182
0.173828125,-34.1802556818182
0.1738671875,-35.1802556818182
0.17390625,-36.1802556818182
0.1739453125,-37.1802556818182
0.173984375,-36.1802556818182
0.1740234375,-33.1802556818182
0.1740625,-30.1802556818182
0.1741015625,-25.1802556818182
0.174140625,-18.1802556818182
0.1741796875,-11.1802556818182
0.17421875,-3.18025568181815
0.1742578125,1.81974431818185
0.174296875,2.81974431818185
0.1743359375,2.81974431818185
0.174375,-1.18025568181815
0.1744140625,-2.18025568181815
0.174453125,-4.18025568181815
0.1744921875,-6.18025568181815
0.17453125,-8.18025568181815
0.1745703125,-8.18025568181815
0.174609375,-7.18025568181815
0.1746484375,-2.18025568181815
0.1746875,4.81974431818185
0.1747265625,9.81974431818185
0.174765625,15.8197443181818
0.1748046875,20.8197443181818
0.17484375,23.8197443181818
0.1748828125,23.8197443181818
0.174921875,19.8197443181818
0.1749609375,14.8197443181818
0.175,7.81974431818185
0.1750390625,-1.18025568181815
0.175078125,-11.1802556818182
0.1751171875,-19.1802556818182
0.17515625,-27.1802556818182
0.1751953125,-33.1802556818182
0.175234375,-37.1802556818182
0.1752734375,-38.1802556818182
0.1753125,-36.1802556818182
0.1753515625,-31.1802556818182
0.175390625,-24.1802556818182
0.1754296875,-15.1802556818182
0.17546875,-5.18025568181815
0.1755078125,6.81974431818185
0.175546875,14.8197443181818
0.1755859375,21.8197443181818
0.175625,26.8197443181818
0.1756640625,29.8197443181818
0.175703125,31.8197443181818
0.1757421875,33.8197443181818
0.17578125,38.8197443181818
0.1758203125,42.8197443181818
0.175859375,48.8197443181818
0.1758984375,55.8197443181818
0.1759375,59.8197443181818
0.1759765625,64.8197443181818
0.176015625,66.8197443181818
0.1760546875,66.8197443181818
0.17609375,63.8197443181818
0.1761328125,55.8197443181818
0.176171875,42.8197443181818
0.1762109375,26.8197443181818
0.17625,8.81974431818185
0.1762890625,-11.1802556818182
0.176328125,-30.1802556818182
0.1763671875,-47.1802556818182
0.17640625,-61.1802556818182
0.1764453125,-70.1802556818182
0.176484375,-72.1802556818182
0.1765234375,-71.1802556818182
0.1765625,-66.1802556818182
0.1766015625,-61.1802556818182
0.176640625,-55.1802556818182
0.1766796875,-48.1802556818182
0.17671875,-42.1802556818182
0.1767578125,-33.1802556818182
0.176796875,-20.1802556818182
0.1768359375,-8.18025568181815
0.176875,2.81974431818185
0.1769140625,8.81974431818185
0.176953125,9.81974431818185
0.1769921875,8.81974431818185
0.17703125,6.81974431818185
0.1770703125,4.81974431818185
0.177109375,2.81974431818185
0.1771484375,-0.180255681818153
0.1771875,-3.18025568181815
0.1772265625,-5.18025568181815
0.177265625,-6.18025568181815
0.1773046875,-6.18025568181815
0.17734375,-5.18025568181815
0.1773828125,-2.18025568181815
0.177421875,0.819744318181847
0.1774609375,1.81974431818185
0.1775,-0.180255681818153
0.1775390625,-4.18025568181815
0.177578125,-10.1802556818182
0.1776171875,-17.1802556818182
0.17765625,-25.1802556818182
0.1776953125,-25.1802556818182
0.177734375,-4.18025568181815
0.1777734375,23.8197443181818
0.1778125,42.8197443181818
0.1778515625,52.8197443181818
0.177890625,58.8197443181818
0.1779296875,65.8197443181818
0.17796875,79.8197443181818
0.1780078125,98.8197443181818
0.178046875,119.819744318182
0.1780859375,134.819744318182
0.178125,137.819744318182
0.1781640625,136.819744318182
0.178203125,135.819744318182
0.1782421875,136.819744318182
0.17828125,140.819744318182
0.1783203125,145.819744318182
0.178359375,149.819744318182
0.1783984375,149.819744318182
0.1784375,148.819744318182
0.1784765625,150.819744318182
0.178515625,155.819744318182
0.1785546875,161.819744318182
0.17859375,167.819744318182
0.1786328125,172.819744318182
0.178671875,175.819744318182
0.1787109375,170.819744318182
0.17875,149.819744318182
0.1787890625,111.819744318182
0.178828125,57.8197443181818
0.1788671875,-9.18025568181815
0.17890625,-83.1802556818182
0.1789453125,-167.180255681818
0.178984375,-259.180255681818
0.1790234375,-354.180255681818
0.1790625,-447.180255681818
0.1791015625,-483.180255681818
0.179140625,-484.180255681818
0.1791796875,-486.180255681818
0.17921875,-487.180255681818
0.1792578125,-487.180255681818
0.179296875,-487.180255681818
0.1793359375,-486.180255681818
0.179375,-485.180255681818
0.1794140625,-483.180255681818
0.179453125,-481.180255681818
0.1794921875,-475.180255681818
0.17953125,-464.180255681818
0.1795703125,-436.180255681818
0.179609375,-380.180255681818
0.1796484375,-301.180255681818
0.1796875,-207.180255681818
0.1797265625,-105.180255681818
0.179765625,-0.180255681818153
0.1798046875,103.819744318182
0.17984375,206.819744318182
0.1798828125,302.819744318182
0.179921875,389.819744318182
0.1799609375,467.819744318182
0.18,510.819744318182
0.1800390625,510.819744318182
0.180078125,510.819744318182
0.1801171875,510.819744318182
0.18015625,510.819744318182
0.1801953125,510.819744318182
0.180234375,510.819744318182
0.1802734375,510.819744318182
0.1803125,510.819744318182
0.1803515625,500.819744318182
0.180390625,443.819744318182
0.1804296875,368.819744318182
0.18046875,280.819744318182
0.1805078125,185.819744318182
0.180546875,91.8197443181818
0.1805859375,0.819744318181847
0.180625,-79.1802556818182
0.1806640625,-149.180255681818
0.180703125,-206.180255681818
0.1807421875,-240.180255681818
0.18078125,-252.180255681818
0.1808203125,-254.180255681818
0.180859375,-256.180255681818
0.1808984375,-259.180255681818
0.1809375,-262.180255681818
0.1809765625,-260.180255681818
0.181015625,-255.180255681818
0.1810546875,-246.180255681818
0.18109375,-233.180255681818
0.1811328125,-218.180255681818
0.181171875,-200.180255681818
0.1812109375,-178.180255681818
0.18125,-145.180255681818
0.1812890625,-106.180255681818
0.181328125,-62.1802556818182
0.1813671875,-16.1802556818182
0.18140625,25.8197443181818
0.1814453125,62.8197443181818
0.181484375,93.8197443181818
0.1815234375,122.819744318182
0.1815625,146.819744318182
0.1816015625,170.819744318182
0.181640625,189.819744318182
0.1816796875,206.819744318182
0.18171875,222.819744318182
0.1817578125,243.819744318182
0.181796875,268.819744318182
0.1818359375,292.819744318182
0.181875,312.819744318182
0.1819140625,331.819744318182
0.181953125,347.819744318182
0.1819921875,361.819744318182
0.18203125,370.819744318182
0.1820703125,372.819744318182
0.182109375,363.819744318182
0.1821484375,344.819744318182
0.1821875,317.819744318182
0.1822265625,284.819744318182
0.182265625,243.819744318182
0.1823046875,199.819744318182
0.18234375,151.819744318182
0.1823828125,100.819744318182
0.182421875,51.8197443181818
0.1824609375,-2.18025568181815
0.1825,-57.1802556818182
0.1825390625,-111.180255681818
0.182578125,-168.180255681818
0.1826171875,-222.180255681818
0.18265625,-274.180255681818
0.1826953125,-324.180255681818
0.182734375,-369.180255681818
0.1827734375,-409.180255681818
0.1828125,-441.180255681818
0.1828515625,-465.180255681818
0.182890625,-472.180255681818
0.1829296875,-473.180255681818
0.18296875,-474.180255681818
0.1830078125,-474.180255681818
0.183046875,-473.180255681818
0.1830859375,-473.180255681818
0.183125,-473.180255681818
0.1831640625,-469.180255681818
0.183203125,-463.180255681818
0.1832421875,-446.180255681818
0.18328125,-414.180255681818
0.1833203125,-367.180255681818
0.183359375,-311.180255681818
0.1833984375,-251.180255681818
0.1834375,-190.180255681818
0.1834765625,-131.180255681818
0.183515625,-78.1802556818182
0.1835546875,-28.1802556818182
0.18359375,16.8197443181818
0.1836328125,55.8197443181818
0.183671875,87.8197443181818
0.1837109375,117.819744318182
0.18375,142.819744318182
0.1837890625,165.819744318182
0.183828125,185.819744318182
0.1838671875,203.819744318182
0.18390625,218.819744318182
0.1839453125,230.819744318182
0.183984375,238.819744318182
0.1840234375,241.819744318182
0.1840625,243.819744318182
0.1841015625,241.819744318182
0.184140625,234.819744318182
0.1841796875,223.819744318182
0.18421875,210.819744318182
0.1842578125,197.819744318182
0.184296875,185.819744318182
0.1843359375,174.819744318182
0.184375,158.819744318182
0.1844140625,140.819744318182
0.184453125,120.819744318182
0.1844921875,101.819744318182
0.18453125,86.8197443181818
0.1845703125,71.8197443181818
0.184609375,57.8197443181818
0.1846484375,46.8197443181818
0.1846875,34.8197443181818
0.1847265625,21.8197443181818
0.184765625,6.81974431818185
0.1848046875,-8.18025568181815
0.18484375,-23.1802556818182
0.1848828125,-35.1802556818182
0.184921875,-48.1802556818182
0.1849609375,-62.1802556818182
0.185,-74.1802556818182
0.1850390625,-86.1802556818182
0.185078125,-94.1802556818182
0.1851171875,-98.1802556818182
0.18515625,-99.1802556818182
0.1851953125,-94.1802556818182
0.185234375,-83.1802556818182
0.1852734375,-68.1802556818182
0.1853125,-48.1802556818182
0.1853515625,-25.1802556818182
0.185390625,-0.180255681818153
0.1854296875,27.8197443181818
0.18546875,58.8197443181818
0.1855078125,92.8197443181818
0.185546875,128.819744318182
0.1855859375,161.819744318182
0.185625,189.819744318182
0.1856640625,210.819744318182
0.185703125,221.819744318182
0.1857421875,226.819744318182
0.18578125,228.819744318182
0.1858203125,227.819744318182
0.185859375,222.819744318182
0.1858984375,215.819744318182
0.1859375,205.819744318182
0.1859765625,193.819744318182
0.186015625,177.819744318182
0.1860546875,159.819744318182
0.18609375,137.819744318182
0.1861328125,113.819744318182
0.186171875,86.8197443181818
0.1862109375,57.8197443181818
0.18625,22.8197443181818
0.1862890625,-14.1802556818182
0.186328125,-54.1802556818182
0.1863671875,-94.1802556818182
0.18640625,-131.180255681818
0.1864453125,-164.180255681818
0.186484375,-193.180255681818
0.1865234375,-213.180255681818
0.1865625,-225.180255681818
0.1866015625,-231.180255681818
0.186640625,-232.180255681818
0.1866796875,-227.180255681818
0.18671875,-220.180255681818
0.1867578125,-207.180255681818
0.186796875,-191.180255681818
0.1868359375,-174.180255681818
0.186875,-155.180255681818
0.1869140625,-136.180255681818
0.186953125,-121.180255681818
0.1869921875,-103.180255681818
0.18703125,-86.1802556818182
0.1870703125,-68.1802556818182
0.187109375,-48.1802556818182
0.1871484375,-29.1802556818182
0.1871875,-11.1802556818182
0.1872265625,8.81974431818185
0.187265625,24.8197443181818
0.1873046875,40.8197443181818
0.18734375,53.8197443181818
0.1873828125,62.8197443181818
0.187421875,67.8197443181818
0.1874609375,70.8197443181818
0.1875,73.8197443181818
0.1875390625,73.8197443181818
0.187578125,71.8197443181818
0.1876171875,64.8197443181818
0.18765625,51.8197443181818
0.1876953125,36.8197443181818
0.187734375,21.8197443181818
0.1877734375,6.81974431818185
0.1878125,-6.18025568181815
0.1878515625,-16.1802556818182
0.187890625,-26.1802556818182
0.1879296875,-34.1802556818182
0.18796875,-41.1802556818182
0.1880078125,-43.1802556818182
0.188046875,-42.1802556818182
0.1880859375,-38.1802556818182
0.188125,-34.1802556818182
0.1881640625,-30.1802556818182
0.188203125,-24.1802556818182
0.1882421875,-19.1802556818182
0.18828125,-14.1802556818182
0.1883203125,-10.1802556818182
0.188359375,-11.1802556818182
0.1883984375,-16.1802556818182
0.1884375,-22.1802556818182
0.1884765625,-28.1802556818182
0.188515625,-31.1802556818182
0.1885546875,-33.1802556818182
0.18859375,-35.1802556818182
0.1886328125,-38.1802556818182
0.188671875,-40.1802556818182
0.1887109375,-38.1802556818182
0.18875,-33.1802556818182
0.1887890625,-23.1802556818182
0.188828125,-14.1802556818182
0.1888671875,-7.18025568181815
0.18890625,-3.18025568181815
0.1889453125,-1.18025568181815
0.188984375,-1.18025568181815
0.1890234375,0.819744318181847
0.1890625,2.81974431818185
0.1891015625,5.81974431818185
0.189140625,11.8197443181818
0.1891796875,17.8197443181818
0.18921875,27.8197443181818
0.1892578125,39.8197443181818
0.189296875,54.8197443181818
0.1893359375,69.8197443181818
0.189375,81.8197443181818
0.1894140625,89.8197443181818
0.189453125,95.8197443181818
0.1894921875,98.8197443181818
0.18953125,98.8197443181818
0.1895703125,94.8197443181818
0.189609375,83.8197443181818
0.1896484375,67.8197443181818
0.1896875,49.8197443181818
0.1897265625,30.8197443181818
0.189765625,13.8197443181818
0.1898046875,-1.18025568181815
0.18984375,-14.1802556818182
0.1898828125,-27.1802556818182
0.189921875,-37.1802556818182
0.1899609375,-45.1802556818182
0.19,-49.1802556818182
0.1900390625,-46.1802556818182
0.190078125,-39.1802556818182
0.1901171875,-31.1802556818182
0.19015625,-22.1802556818182
0.1901953125,-14.1802556818182
0.190234375,-11.1802556818182
0.1902734375,-7.18025568181815
0.1903125,-7.18025568181815
0.1903515625,-5.18025568181815
0.190390625,-3.18025568181815
0.1904296875,-3.18025568181815
0.19046875,-0.180255681818153
0.1905078125,4.81974431818185
0.190546875,9.81974431818185
0.1905859375,12.8197443181818
0.190625,15.8197443181818
0.1906640625,19.8197443181818
0.190703125,26.8197443181818
0.1907421875,35.8197443181818
0.19078125,43.8197443181818
0.1908203125,50.8197443181818
0.190859375,54.8197443181818
0.1908984375,52.8197443181818
0.1909375,46.8197443181818
0.1909765625,37.8197443181818
0.191015625,25.8197443181818
0.1910546875,11.8197443181818
0.19109375,-0.180255681818153
0.1911328125,-12.1802556818182
0.191171875,-21.1802556818182
0.1912109375,-25.1802556818182
0.19125,-28.1802556818182
0.1912890625,-28.1802556818182
0.191328125,-25.1802556818182
0.1913671875,-21.1802556818182
0.19140625,-16.1802556818182
0.1914453125,-10.1802556818182
0.191484375,-5.18025568181815
0.1915234375,-2.18025568181815
0.1915625,-0.180255681818153
0.1916015625,-1.18025568181815
0.191640625,-3.18025568181815
0.1916796875,-6.18025568181815
0.19171875,-11.1802556818182
0.1917578125,-17.1802556818182
0.191796875,-23.1802556818182
0.1918359375,-29.1802556818182
0.191875,-35.1802556818182
0.1919140625,-39.1802556818182
0.191953125,-41.1802556818182
0.1919921875,-40.1802556818182
0.19203125,-35.1802556818182
0.1920703125,-28.1802556818182
0.192109375,-21.1802556818182
0.1921484375,-15.1802556818182
0.1921875,-9.18025568181815
0.1922265625,-7.18025568181815
0.192265625,-7.18025568181815
0.1923046875,-9.18025568181815
0.19234375,-12.1802556818182
0.1923828125,-15.1802556818182
0.192421875,-17.1802556818182
0.1924609375,-18.1802556818182
0.1925,-15.1802556818182
0.1925390625,-13.1802556818182
0.192578125,-9.18025568181815
0.1926171875,-3.18025568181815
0.19265625,2.81974431818185
0.1926953125,10.8197443181818
0.192734375,21.8197443181818
0.1927734375,33.8197443181818
0.1928125,41.8197443181818
0.1928515625,46.8197443181818
0.192890625,49.8197443181818
0.1929296875,46.8197443181818
0.19296875,41.8197443181818
0.1930078125,33.8197443181818
0.193046875,23.8197443181818
0.1930859375,12.8197443181818
0.193125,-0.180255681818153
0.1931640625,-16.1802556818182
0.193203125,-31.1802556818182
0.1932421875,-43.1802556818182
0.19328125,-51.1802556818182
0.1933203125,-54.1802556818182
0.193359375,-50.1802556818182
0.1933984375,-45.1802556818182
0.1934375,-36.1802556818182
0.1934765625,-26.1802556818182
0.193515625,-15.1802556818182
0.1935546875,-3.18025568181815
0.19359375,6.81974431818185
0.1936328125,14.8197443181818
0.193671875,21.8197443181818
0.1937109375,25.8197443181818
0.19375,26.8197443181818
0.1937890625,26.8197443181818
0.193828125,24.8197443181818
0.1938671875,21.8197443181818
0.19390625,16.8197443181818
0.1939453125,12.8197443181818
0.193984375,12.8197443181818
0.1940234375,16.8197443181818
0.1940625,21.8197443181818
0.1941015625,25.8197443181818
0.194140625,30.8197443181818
0.1941796875,34.8197443181818
0.19421875,38.8197443181818
0.1942578125,41.8197443181818
0.194296875,43.8197443181818
0.1943359375,43.8197443181818
0.194375,39.8197443181818
0.1944140625,35.8197443181818
0.194453125,30.8197443181818
0.1944921875,21.8197443181818
0.19453125,11.8197443181818
0.1945703125,0.819744318181847
0.194609375,-8.18025568181815
0.1946484375,-14.1802556818182
0.1946875,-18.1802556818182
0.1947265625,-19.1802556818182
0.194765625,-19.1802556818182
0.1948046875,-17.1802556818182
0.19484375,-14.1802556818182
0.1948828125,-13.1802556818182
0.194921875,-14.1802556818182
0.1949609375,-12.1802556818182
0.195,-9.18025568181815
0.1950390625,-5.18025568181815
0.195078125,-3.18025568181815
0.1951171875,-4.18025568181815
0.19515625,-7.18025568181815
0.1951953125,-11.1802556818182
0.195234375,-17.1802556818182
0.1952734375,-23.1802556818182
0.1953125,-30.1802556818182
0.1953515625,-35.1802556818182
0.195390625,-39.1802556818182
0.1954296875,-39.1802556818182
0.19546875,-38.1802556818182
0.1955078125,-36.1802556818182
0.195546875,-33.1802556818182
0.1955859375,-31.1802556818182
0.195625,-29.1802556818182
0.1956640625,-28.1802556818182
0.195703125,-28.1802556818182
0.1957421875,-30.1802556818182
0.19578125,-32.1802556818182
0.1958203125,-33.1802556818182
0.195859375,-33.1802556818182
0.1958984375,-31.1802556818182
0.1959375,-25.1802556818182
0.1959765625,-15.1802556818182
0.196015625,-2.18025568181815
0.1960546875,10.8197443181818
0.19609375,20.8197443181818
0.1961328125,28.8197443181818
0.196171875,31.8197443181818
0.1962109375,31.8197443181818
0.19625,31.8197443181818
0.1962890625,29.8197443181818
0.196328125,28.8197443181818
0.1963671875,28.8197443181818
0.19640625,27.8197443181818
0.1964453125,23.8197443181818
0.196484375,19.8197443181818
0.1965234375,14.8197443181818
0.1965625,11.8197443181818
0.1966015625,12.8197443181818
0.196640625,16.8197443181818
0.1966796875,20.8197443181818
0.19671875,24.8197443181818
0.1967578125,26.8197443181818
0.196796875,24.8197443181818
0.1968359375,23.8197443181818
0.196875,22.8197443181818
0.1969140625,22.8197443181818
0.196953125,21.8197443181818
0.1969921875,20.8197443181818
0.19703125,16.8197443181818
0.1970703125,12.8197443181818
0.197109375,8.81974431818185
0.1971484375,2.81974431818185
0.1971875,-1.18025568181815
0.1972265625,-4.18025568181815
0.197265625,-2.18025568181815
0.1973046875,-3.18025568181815
0.19734375,-6.18025568181815
0.1973828125,-6.18025568181815
0.197421875,-6.18025568181815
0.1974609375,-2.18025568181815
0.1975,2.81974431818185
0.1975390625,8.81974431818185
0.197578125,17.8197443181818
0.1976171875,24.8197443181818
0.19765625,30.8197443181818
0.1976953125,30.8197443181818
0.197734375,28.8197443181818
0.1977734375,22.8197443181818
0.1978125,16.8197443181818
0.1978515625,8.81974431818185
0.197890625,2.81974431818185
0.1979296875,-5.18025568181815
0.19796875,-11.1802556818182
0.1980078125,-12.1802556818182
0.198046875,-10.1802556818182
0.1980859375,-5.18025568181815
0.198125,-0.180255681818153
0.1981640625,2.81974431818185
0.198203125,4.81974431818185
0.1982421875,3.81974431818185
0.19828125,1.81974431818185
0.1983203125,-3.18025568181815
0.198359375,-11.1802556818182
0.1983984375,-21.1802556818182
0.1984375,-33.1802556818182
0.1984765625,-48.1802556818182
0.198515625,-61.1802556818182
0.1985546875,-70.1802556818182
0.19859375,-72.1802556818182
0.1986328125,-71.1802556818182
0.198671875,-64.1802556818182
0.1987109375,-35.1802556818182
0.19875,1.81974431818185
0.1987890625,30.8197443181818
0.198828125,50.8197443181818
0.1988671875,68.8197443181818
0.19890625,83.8197443181818
0.1989453125,95.8197443181818
0.198984375,105.819744318182
0.1990234375,109.819744318182
0.1990625,115.819744318182
0.1991015625,127.819744318182
0.199140625,138.819744318182
0.1991796875,141.819744318182
0.19921875,140.819744318182
0.1992578125,144.819744318182
0.199296875,158.819744318182
0.1993359375,175.819744318182
0.199375,190.819744318182
0.1994140625,196.819744318182
0.199453125,191.819744318182
0.1994921875,178.819744318182
0.19953125,160.819744318182
0.1995703125,134.819744318182
0.199609375,95.8197443181818
0.1996484375,39.8197443181818
0.1996875,-37.1802556818182
0.1997265625,-129.180255681818
0.199765625,-230.180255681818
0.1998046875,-334.180255681818
0.19984375,-436.180255681818
0.1998828125,-484.180255681818
0.199921875,-486.180255681818
0.1999609375,-488.180255681818
0.2,-488.180255681818
0.2000390625,-488.180255681818
0.200078125,-489.180255681818
0.2001171875,-488.180255681818
0.20015625,-487.180255681818
0.2001953125,-486.180255681818
0.200234375,-483.180255681818
0.2002734375,-479.180255681818
0.2003125,-473.180255681818
0.2003515625,-457.180255681818
0.200390625,-415.180255681818
0.2004296875,-345.180255681818
0.20046875,-251.180255681818
0.2005078125,-143.180255681818
0.200546875,-26.1802556818182
0.2005859375,98.8197443181818
0.200625,226.819744318182
0.2006640625,354.819744318182
0.200703125,477.819744318182
0.2007421875,510.819744318182
0.20078125,510.819744318182
0.2008203125,510.819744318182
0.200859375,510.819744318182
0.2008984375,510.819744318182
0.2009375,510.819744318182
0.2009765625,510.819744318182
0.201015625,510.819744318182
0.2010546875,510.819744318182
0.20109375,510.819744318182
0.2011328125,510.819744318182
0.201171875,510.819744318182
0.2012109375,510.819744318182
0.20125,510.819744318182
0.2012890625,508.819744318182
0.201328125,438.819744318182
0.2013671875,341.819744318182
0.20140625,227.819744318182
0.2014453125,106.819744318182
0.201484375,-16.1802556818182
0.2015234375,-136.180255681818
0.2015625,-247.180255681818
0.2016015625,-346.180255681818
0.201640625,-427.180255681818
0.2016796875,-478.180255681818
0.20171875,-480.180255681818
0.2017578125,-481.180255681818
0.201796875,-481.180255681818
0.2018359375,-481.180255681818
0.201875,-479.180255681818
0.2019140625,-477.180255681818
0.201953125,-473.180255681818
0.2019921875,-463.180255681818
0.20203125,-439.180255681818
0.2020703125,-393.180255681818
0.202109375,-326.180255681818
0.2021484375,-248.180255681818
0.2021875,-149.180255681818
0.2022265625,-38.1802556818182
0.202265625,67.8197443181818
0.2023046875,168.819744318182
0.20234375,261.819744318182
0.2023828125,335.819744318182
0.202421875,387.819744318182
0.2024609375,422.819744318182
0.2025,441.819744318182
0.2025390625,440.819744318182
0.202578125,425.819744318182
0.2026171875,397.819744318182
0.20265625,358.819744318182
0.2026953125,312.819744318182
0.202734375,266.819744318182
0.2027734375,222.819744318182
0.2028125,181.819744318182
0.2028515625,141.819744318182
0.202890625,102.819744318182
0.2029296875,63.8197443181818
0.20296875,24.8197443181818
0.2030078125,-6.18025568181815
0.203046875,-22.1802556818182
0.2030859375,-29.1802556818182
0.203125,-34.1802556818182
0.2031640625,-36.1802556818182
0.203203125,-38.1802556818182
0.2032421875,-43.1802556818182
0.20328125,-51.1802556818182
0.2033203125,-62.1802556818182
0.203359375,-71.1802556818182
0.2033984375,-78.1802556818182
0.2034375,-89.1802556818182
0.2034765625,-101.180255681818
0.203515625,-115.180255681818
0.2035546875,-134.180255681818
0.20359375,-153.180255681818
0.2036328125,-168.180255681818
0.203671875,-180.180255681818
0.2037109375,-192.180255681818
0.20375,-200.180255681818
0.2037890625,-208.180255681818
0.203828125,-214.180255681818
0.2038671875,-217.180255681818
0.20390625,-217.180255681818
0.2039453125,-218.180255681818
0.203984375,-219.180255681818
0.2040234375,-217.180255681818
0.2040625,-213.180255681818
0.2041015625,-205.180255681818
0.204140625,-192.180255681818
0.2041796875,-177.180255681818
0.20421875,-161.180255681818
0.2042578125,-145.180255681818
0.204296875,-126.180255681818
0.2043359375,-104.180255681818
0.204375,-81.1802556818182
0.2044140625,-56.1802556818182
0.204453125,-32.1802556818182
0.2044921875,-11.1802556818182
0.20453125,7.81974431818185
0.2045703125,28.8197443181818
0.204609375,48.8197443181818
0.2046484375,68.8197443181818
0.2046875,90.8197443181818
0.2047265625,112.819744318182
0.204765625,136.819744318182
0.2048046875,160.819744318182
0.20484375,185.819744318182
0.2048828125,205.819744318182
0.204921875,219.819744318182
0.2049609375,224.819744318182
0.205,219.819744318182
0.2050390625,204.819744318182
0.205078125,180.819744318182
0.2051171875,153.819744318182
0.20515625,130.819744318182
0.2051953125,110.819744318182
0.205234375,88.8197443181818
0.2052734375,69.8197443181818
0.2053125,52.8197443181818
0.2053515625,36.8197443181818
0.205390625,25.8197443181818
0.2054296875,17.8197443181818
0.20546875,10.8197443181818
0.2055078125,1.81974431818185
0.205546875,-11.1802556818182
0.2055859375,-29.1802556818182
0.205625,-52.1802556818182
0.2056640625,-78.1802556818182
0.205703125,-104.180255681818
0.2057421875,-128.180255681818
0.20578125,-150.180255681818
0.2058203125,-169.180255681818
0.205859375,-182.180255681818
0.2058984375,-188.180255681818
0.2059375,-187.180255681818
0.2059765625,-181.180255681818
0.206015625,-165.180255681818
0.2060546875,-144.180255681818
0.20609375,-114.180255681818
0.2061328125,-78.1802556818182
0.206171875,-40.1802556818182
0.2062109375,0.819744318181847
0.20625,40.8197443181818
0.2062890625,79.8197443181818
0.206328125,117.819744318182
0.2063671875,156.819744318182
0.20640625,194.819744318182
0.2064453125,229.819744318182
0.206484375,259.819744318182
0.2065234375,279.819744318182
0.2065625,290.819744318182
0.2066015625,296.819744318182
0.206640625,299.819744318182
0.2066796875,299.819744318182
0.20671875,295.819744318182
0.2067578125,284.819744318182
0.206796875,267.819744318182
0.2068359375,244.819744318182
0.206875,216.819744318182
0.2069140625,183.819744318182
0.206953125,147.819744318182
0.2069921875,109.819744318182
0.20703125,67.8197443181818
0.2070703125,23.8197443181818
0.207109375,-23.1802556818182
0.2071484375,-69.1802556818182
0.2071875,-116.180255681818
0.2072265625,-160.180255681818
0.207265625,-200.180255681818
0.2073046875,-233.180255681818
0.20734375,-256.180255681818
0.2073828125,-268.180255681818
0.207421875,-268.180255681818
0.2074609375,-262.180255681818
0.2075,-253.180255681818
0.2075390625,-240.180255681818
0.207578125,-224.180255681818
0.2076171875,-204.180255681818
0.20765625,-182.180255681818
0.2076953125,-157.180255681818
0.207734375,-131.180255681818
0.2077734375,-106.180255681818
0.2078125,-83.1802556818182
0.2078515625,-59.1802556818182
0.207890625,-34.1802556818182
0.2079296875,-3.18025568181815
0.20796875,28.8197443181818
0.2080078125,63.8197443181818
0.208046875,97.8197443181818
0.2080859375,131.819744318182
0.208125,163.819744318182
0.2081640625,190.819744318182
0.208203125,209.819744318182
0.2082421875,219.819744318182
0.20828125,221.819744318182
0.2083203125,215.819744318182
0.208359375,203.819744318182
0.2083984375,183.819744318182
0.2084375,156.819744318182
0.2084765625,121.819744318182
0.208515625,84.8197443181818
0.2085546875,45.8197443181818
0.20859375,7.81974431818185
0.2086328125,-28.1802556818182
0.208671875,-59.1802556818182
0.2087109375,-87.1802556818182
0.20875,-112.180255681818
0.2087890625,-132.180255681818
0.208828125,-147.180255681818
0.2088671875,-158.180255681818
0.20890625,-167.180255681818
0.2089453125,-172.180255681818
0.208984375,-176.180255681818
0.2090234375,-176.180255681818
0.2090625,-173.180255681818
0.2091015625,-168.180255681818
0.209140625,-159.180255681818
0.2091796875,-149.180255681818
0.20921875,-140.180255681818
0.2092578125,-127.180255681818
0.209296875,-110.180255681818
0.2093359375,-90.1802556818182
0.209375,-70.1802556818182
0.2094140625,-51.1802556818182
0.209453125,-33.1802556818182
0.2094921875,-16.1802556818182
0.20953125,-1.18025568181815
0.2095703125,12.8197443181818
0.209609375,26.8197443181818
0.2096484375,38.8197443181818
0.2096875,46.8197443181818
0.2097265625,49.8197443181818
0.209765625,47.8197443181818
0.2098046875,44.8197443181818
0.20984375,38.8197443181818
0.2098828125,34.8197443181818
0.209921875,28.8197443181818
0.2099609375,23.8197443181818
0.21,18.8197443181818
0.2100390625,16.8197443181818
0.210078125,15.8197443181818
0.2101171875,14.8197443181818
0.21015625,14.8197443181818
0.2101953125,13.8197443181818
0.210234375,12.8197443181818
0.2102734375,13.8197443181818
0.2103125,14.8197443181818
0.2103515625,18.8197443181818
0.210390625,22.8197443181818
0.2104296875,24.8197443181818
0.21046875,25.8197443181818
0.2105078125,23.8197443181818
0.210546875,25.8197443181818
0.2105859375,30.8197443181818
0.210625,37.8197443181818
0.2106640625,44.8197443181818
0.210703125,50.8197443181818
0.2107421875,53.8197443181818
0.21078125,57.8197443181818
0.2108203125,61.8197443181818
0.210859375,66.8197443181818
0.2108984375,70.8197443181818
0.2109375,71.8197443181818
0.2109765625,68.8197443181818
0.211015625,62.8197443181818
0.2110546875,55.8197443181818
0.21109375,47.8197443181818
0.2111328125,37.8197443181818
0.211171875,26.8197443181818
0.2112109375,13.8197443181818
0.21125,3.81974431818185
0.2112890625,-1.18025568181815
0.211328125,-4.18025568181815
0.2113671875,-3.18025568181815
0.21140625,-3.18025568181815
0.2114453125,-4.18025568181815
0.211484375,-2.18025568181815
0.2115234375,1.81974431818185
0.2115625,7.81974431818185
0.2116015625,17.8197443181818
0.211640625,24.8197443181818
0.2116796875,26.8197443181818
0.21171875,25.8197443181818
0.2117578125,19.8197443181818
0.211796875,11.8197443181818
0.2118359375,2.81974431818185
0.211875,-5.18025568181815
0.2119140625,-13.1802556818182
0.211953125,-21.1802556818182
0.2119921875,-29.1802556818182
0.21203125,-36.1802556818182
0.2120703125,-40.1802556818182
0.212109375,-40.1802556818182
0.2121484375,-38.1802556818182
0.2121875,-31.1802556818182
0.2122265625,-22.1802556818182
0.212265625,-9.18025568181815
0.2123046875,2.81974431818185
0.21234375,11.8197443181818
0.2123828125,19.8197443181818
0.212421875,24.8197443181818
0.2124609375,26.8197443181818
0.2125,26.8197443181818
0.2125390625,24.8197443181818
0.212578125,19.8197443181818
0.2126171875,15.8197443181818
0.21265625,12.8197443181818
0.2126953125,11.8197443181818
0.212734375,9.81974431818185
0.2127734375,11.8197443181818
0.2128125,12.8197443181818
0.2128515625,14.8197443181818
0.212890625,14.8197443181818
0.2129296875,12.8197443181818
0.21296875,5.81974431818185
0.2130078125,-4.18025568181815
0.213046875,-20.1802556818182
0.2130859375,-40.1802556818182
0.213125,-61.1802556818182
0.2131640625,-81.1802556818182
0.213203125,-102.180255681818
0.2132421875,-117.180255681818
0.21328125,-128.180255681818
0.2133203125,-132.180255681818
0.213359375,-129.180255681818
0.2133984375,-121.180255681818
0.2134375,-108.180255681818
0.2134765625,-89.1802556818182
0.213515625,-66.1802556818182
0.2135546875,-41.1802556818182
0.21359375,-15.1802556818182
0.2136328125,8.81974431818185
0.213671875,29.8197443181818
0.2137109375,48.8197443181818
0.21375,64.8197443181818
0.2137890625,77.8197443181818
0.213828125,85.8197443181818
0.2138671875,91.8197443181818
0.21390625,94.8197443181818
0.2139453125,96.8197443181818
0.213984375,96.8197443181818
0.2140234375,93.8197443181818
0.2140625,88.8197443181818
0.2141015625,82.8197443181818
0.214140625,74.8197443181818
0.2141796875,66.8197443181818
0.21421875,57.8197443181818
0.2142578125,45.8197443181818
0.214296875,30.8197443181818
0.2143359375,13.8197443181818
0.214375,-6.18025568181815
0.2144140625,-29.1802556818182
0.214453125,-50.1802556818182
0.2144921875,-68.1802556818182
0.21453125,-81.1802556818182
0.2145703125,-91.1802556818182
0.214609375,-95.1802556818182
0.2146484375,-92.1802556818182
0.2146875,-84.1802556818182
0.2147265625,-70.1802556818182
0.214765625,-54.1802556818182
0.2148046875,-36.1802556818182
0.21484375,-17.1802556818182
0.2148828125,-1.18025568181815
0.214921875,12.8197443181818
0.2149609375,23.8197443181818
0.215,29.8197443181818
0.2150390625,31.8197443181818
0.215078125,32.8197443181818
0.2151171875,32.8197443181818
0.21515625,32.8197443181818
0.2151953125,32.8197443181818
0.215234375,34.8197443181818
0.2152734375,38.8197443181818
0.2153125,41.8197443181818
0.2153515625,42.8197443181818
0.215390625,40.8197443181818
0.2154296875,37.8197443181818
0.21546875,35.8197443181818
0.2155078125,34.8197443181818
0.215546875,32.8197443181818
0.2155859375,30.8197443181818
0.215625,24.8197443181818
0.2156640625,16.8197443181818
0.215703125,7.81974431818185
0.2157421875,-6.18025568181815
0.21578125,-18.1802556818182
0.2158203125,-26.1802556818182
0.215859375,-29.1802556818182
0.2158984375,-29.1802556818182
0.2159375,-28.1802556818182
0.2159765625,-28.1802556818182
0.216015625,-28.1802556818182
0.2160546875,-26.1802556818182
0.21609375,-22.1802556818182
0.2161328125,-17.1802556818182
0.216171875,-10.1802556818182
0.2162109375,-4.18025568181815
0.21625,0.819744318181847
0.2162890625,3.81974431818185
0.216328125,4.81974431818185
0.2163671875,3.81974431818185
0.21640625,2.81974431818185
0.2164453125,-0.180255681818153
0.216484375,-3.18025568181815
0.2165234375,-6.18025568181815
0.2165625,-8.18025568181815
0.2166015625,-9.18025568181815
0.216640625,-8.18025568181815
0.2166796875,-8.18025568181815
0.21671875,-7.18025568181815
0.2167578125,-3.18025568181815
0.216796875,1.81974431818185
0.2168359375,8.81974431818185
0.216875,14.8197443181818
0.2169140625,18.8197443181818
0.216953125,20.8197443181818
0.2169921875,20.8197443181818
0.21703125,17.8197443181818
0.2170703125,11.8197443181818
0.217109375,5.81974431818185
0.2171484375,1.81974431818185
0.2171875,-6.18025568181815
0.2172265625,-15.1802556818182
0.217265625,-23.1802556818182
0.2173046875,-30.1802556818182
0.21734375,-38.1802556818182
0.2173828125,-45.1802556818182
0.217421875,-49.1802556818182
0.2174609375,-50.1802556818182
0.2175,-48.1802556818182
0.2175390625,-43.1802556818182
0.217578125,-36.1802556818182
0.2176171875,-28.1802556818182
0.21765625,-20.1802556818182
0.2176953125,-10.1802556818182
0.217734375,-4.18025568181815
0.2177734375,0.819744318181847
0.2178125,5.81974431818185
0.2178515625,10.8197443181818
0.217890625,14.8197443181818
0.2179296875,17.8197443181818
0.21796875,19.8197443181818
0.2180078125,23.8197443181818
0.218046875,29.8197443181818
0.2180859375,37.8197443181818
0.218125,45.8197443181818
0.2181640625,53.8197443181818
0.218203125,57.8197443181818
0.2182421875,59.8197443181818
0.21828125,59.8197443181818
0.2183203125,58.8197443181818
0.218359375,53.8197443181818
0.2183984375,46.8197443181818
0.2184375,37.8197443181818
0.2184765625,29.8197443181818
0.218515625,18.8197443181818
0.2185546875,6.81974431818185
0.21859375,-6.18025568181815
0.2186328125,-17.1802556818182
0.218671875,-23.1802556818182
0.2187109375,-27.1802556818182
0.21875,-28.1802556818182
0.2187890625,-26.1802556818182
0.218828125,-22.1802556818182
0.2188671875,-15.1802556818182
0.21890625,-9.18025568181815
0.2189453125,-5.18025568181815
0.218984375,-3.18025568181815
0.2190234375,-4.18025568181815
0.2190625,-7.18025568181815
0.2191015625,-10.1802556818182
0.219140625,-16.1802556818182
0.2191796875,-26.1802556818182
0.21921875,-36.1802556818182
0.2192578125,-46.1802556818182
0.219296875,-55.1802556818182
0.2193359375,-60.1802556818182
0.219375,-61.1802556818182
0.2194140625,-59.1802556818182
0.219453125,-54.1802556818182
0.2194921875,-44.1802556818182
0.21953125,-32.1802556818182
0.2195703125,-20.1802556818182
0.219609375,-11.1802556818182
0.2196484375,-6.18025568181815
0.2196875,-2.18025568181815
0.2197265625,5.81974431818185
0.219765625,38.8197443181818
0.2198046875,84.8197443181818
0.21984375,116.819744318182
0.2198828125,126.819744318182
0.219921875,122.819744318182
0.2199609375,105.819744318182
0.22,91.8197443181818
0.2200390625,94.8197443181818
0.220078125,120.819744318182
0.2201171875,157.819744318182
0.22015625,192.819744318182
0.2201953125,215.819744318182
0.220234375,218.819744318182
0.2202734375,208.819744318182
0.2203125,189.819744318182
0.2203515625,174.819744318182
0.220390625,167.819744318182
0.2204296875,169.819744318182
0.22046875,175.819744318182
0.2205078125,179.819744318182
0.220546875,172.819744318182
0.2205859375,150.819744318182
0.220625,114.819744318182
0.2206640625,69.8197443181818
0.220703125,21.8197443181818
0.2207421875,-28.1802556818182
0.22078125,-85.1802556818182
0.2208203125,-156.180255681818
0.220859375,-236.180255681818
0.2208984375,-320.180255681818
0.2209375,-402.180255681818
0.2209765625,-474.180255681818
0.221015625,-482.180255681818
0.2210546875,-483.180255681818
0.22109375,-484.180255681818
0.2211328125,-485.180255681818
0.221171875,-486.180255681818
0.2212109375,-485.180255681818
0.22125,-485.180255681818
0.2212890625,-483.180255681818
0.221328125,-480.180255681818
0.2213671875,-474.180255681818
0.22140625,-459.180255681818
0.2214453125,-417.180255681818
0.221484375,-349.180255681818
0.2215234375,-264.180255681818
0.2215625,-172.180255681818
0.2216015625,-78.1802556818182
0.221640625,16.8197443181818
0.2216796875,110.819744318182
0.22171875,201.819744318182
0.2217578125,285.819744318182
0.221796875,361.819744318182
0.2218359375,427.819744318182
0.221875,480.819744318182
0.2219140625,510.819744318182
0.221953125,510.819744318182
0.2219921875,510.819744318182
0.22203125,510.819744318182
0.2220703125,510.819744318182
0.222109375,510.819744318182
0.2221484375,510.819744318182
0.2221875,510.819744318182
0.2222265625,510.819744318182
0.222265625,499.819744318182
0.2223046875,457.819744318182
0.22234375,400.819744318182
0.2223828125,328.819744318182
0.222421875,248.819744318182
0.2224609375,158.819744318182
0.2225,65.8197443181818
0.2225390625,-25.1802556818182
0.222578125,-110.180255681818
0.2226171875,-185.180255681818
0.22265625,-249.180255681818
0.2226953125,-299.180255681818
0.222734375,-336.180255681818
0.2227734375,-361.180255681818
0.2228125,-374.180255681818
0.2228515625,-376.180255681818
0.222890625,-366.180255681818
0.2229296875,-347.180255681818
0.22296875,-320.180255681818
0.2230078125,-286.180255681818
0.223046875,-230.180255681818
0.2230859375,-155.180255681818
0.223125,-84.1802556818182
0.2231640625,-34.1802556818182
0.223203125,3.81974431818185
0.2232421875,26.8197443181818
0.22328125,34.8197443181818
0.2233203125,35.8197443181818
0.223359375,39.8197443181818
0.2233984375,41.8197443181818
0.2234375,40.8197443181818
0.2234765625,44.8197443181818
0.223515625,52.8197443181818
0.2235546875,59.8197443181818
0.22359375,63.8197443181818
0.2236328125,60.8197443181818
0.223671875,54.8197443181818
0.2237109375,47.8197443181818
0.22375,42.8197443181818
0.2237890625,42.8197443181818
0.223828125,50.8197443181818
0.2238671875,61.8197443181818
0.22390625,77.8197443181818
0.2239453125,98.8197443181818
0.223984375,129.819744318182
0.2240234375,161.819744318182
0.2240625,190.819744318182
0.2241015625,209.819744318182
0.224140625,219.819744318182
0.2241796875,225.819744318182
0.22421875,229.819744318182
0.2242578125,234.819744318182
0.224296875,238.819744318182
0.2243359375,242.819744318182
0.224375,245.819744318182
0.2244140625,235.819744318182
0.224453125,209.819744318182
0.2244921875,167.819744318182
0.22453125,112.819744318182
0.2245703125,52.8197443181818
0.224609375,-8.18025568181815
0.2246484375,-63.1802556818182
0.2246875,-113.180255681818
0.2247265625,-158.180255681818
0.224765625,-196.180255681818
0.2248046875,-229.180255681818
0.22484375,-255.180255681818
0.2248828125,-276.180255681818
0.224921875,-292.180255681818
0.2249609375,-306.180255681818
0.225,-321.180255681818
0.2250390625,-335.180255681818
0.225078125,-347.180255681818
0.2251171875,-356.180255681818
0.22515625,-363.180255681818
0.2251953125,-363.180255681818
0.225234375,-353.180255681818
0.2252734375,-337.180255681818
0.2253125,-314.180255681818
0.2253515625,-293.180255681818
0.225390625,-272.180255681818
0.2254296875,-247.180255681818
0.22546875,-222.180255681818
0.2255078125,-192.180255681818
0.225546875,-155.180255681818
0.2255859375,-113.180255681818
0.225625,-69.1802556818182
0.2256640625,-29.1802556818182
0.225703125,4.81974431818185
0.2257421875,29.8197443181818
0.22578125,46.8197443181818
0.2258203125,59.8197443181818
0.225859375,67.8197443181818
0.2258984375,76.8197443181818
0.2259375,85.8197443181818
0.2259765625,98.8197443181818
0.226015625,113.819744318182
0.2260546875,128.819744318182
0.22609375,141.819744318182
0.2261328125,153.819744318182
0.226171875,159.819744318182
0.2262109375,164.819744318182
0.22625,165.819744318182
0.2262890625,166.819744318182
0.226328125,164.819744318182
0.2263671875,158.819744318182
0.22640625,148.819744318182
0.2264453125,137.819744318182
0.226484375,125.819744318182
0.2265234375,110.819744318182
0.2265625,94.8197443181818
0.2266015625,76.8197443181818
0.226640625,55.8197443181818
0.2266796875,34.8197443181818
0.22671875,12.8197443181818
0.2267578125,-7.18025568181815
0.226796875,-27.1802556818182
0.2268359375,-41.1802556818182
0.226875,-47.1802556818182
0.2269140625,-48.1802556818182
0.226953125,-43.1802556818182
0.2269921875,-38.1802556818182
0.22703125,-33.1802556818182
0.2270703125,-32.1802556818182
0.227109375,-34.1802556818182
0.2271484375,-35.1802556818182
0.2271875,-34.1802556818182
0.2272265625,-30.1802556818182
0.227265625,-21.1802556818182
0.2273046875,-7.18025568181815
0.22734375,8.81974431818185
0.2273828125,28.8197443181818
0.227421875,54.8197443181818
0.2274609375,82.8197443181818
0.2275,114.819744318182
0.2275390625,147.819744318182
0.227578125,177.819744318182
0.2276171875,201.819744318182
0.22765625,218.819744318182
0.2276953125,225.819744318182
0.227734375,223.819744318182
0.2277734375,214.819744318182
0.2278125,199.819744318182
0.2278515625,178.819744318182
0.227890625,155.819744318182
0.2279296875,129.819744318182
0.22796875,103.819744318182
0.2280078125,78.8197443181818
0.228046875,56.8197443181818
0.2280859375,35.8197443181818
0.228125,18.8197443181818
0.2281640625,3.81974431818185
0.228203125,-9.18025568181815
0.2282421875,-21.1802556818182
0.22828125,-34.1802556818182
0.2283203125,-50.1802556818182
0.228359375,-67.1802556818182
0.2283984375,-84.1802556818182
0.2284375,-100.180255681818
0.2284765625,-116.180255681818
0.228515625,-129.180255681818
0.2285546875,-137.180255681818
0.22859375,-138.180255681818
0.2286328125,-133.180255681818
0.228671875,-124.180255681818
0.2287109375,-112.180255681818
0.22875,-98.1802556818182
0.2287890625,-83.1802556818182
0.228828125,-66.1802556818182
0.2288671875,-51.1802556818182
0.22890625,-37.1802556818182
0.2289453125,-25.1802556818182
0.228984375,-17.1802556818182
0.2290234375,-14.1802556818182
0.2290625,-13.1802556818182
0.2291015625,-14.1802556818182
0.229140625,-15.1802556818182
0.2291796875,-14.1802556818182
0.22921875,-15.1802556818182
0.2292578125,-17.1802556818182
0.229296875,-20.1802556818182
0.2293359375,-21.1802556818182
0.229375,-21.1802556818182
0.2294140625,-21.1802556818182
0.229453125,-18.1802556818182
0.2294921875,-13.1802556818182
0.22953125,-7.18025568181815
0.2295703125,-0.180255681818153
0.229609375,4.81974431818185
0.2296484375,8.81974431818185
0.2296875,6.81974431818185
0.2297265625,0.819744318181847
0.229765625,-8.18025568181815
0.2298046875,-19.1802556818182
0.22984375,-29.1802556818182
0.2298828125,-37.1802556818182
0.229921875,-42.1802556818182
0.2299609375,-47.1802556818182
0.23,-51.1802556818182
0.2300390625,-56.1802556818182
0.230078125,-58.1802556818182
0.2301171875,-52.1802556818182
0.23015625,-44.1802556818182
0.2301953125,-38.1802556818182
0.230234375,-30.1802556818182
0.2302734375,-23.1802556818182
0.2303125,-18.1802556818182
0.2303515625,-11.1802556818182
0.230390625,-9.18025568181815
0.2304296875,-7.18025568181815
0.23046875,-7.18025568181815
0.2305078125,-6.18025568181815
0.230546875,-6.18025568181815
0.2305859375,-4.18025568181815
0.230625,-5.18025568181815
0.2306640625,-5.18025568181815
0.230703125,-5.18025568181815
0.2307421875,-4.18025568181815
0.23078125,-3.18025568181815
0.2308203125,-1.18025568181815
0.230859375,0.819744318181847
0.2308984375,1.81974431818185
0.2309375,-0.180255681818153
0.2309765625,-7.18025568181815
0.231015625,-16.1802556818182
0.2310546875,-25.1802556818182
0.23109375,-31.1802556818182
0.2311328125,-35.1802556818182
0.231171875,-37.1802556818182
0.2312109375,-38.1802556818182
0.23125,-40.1802556818182
0.2312890625,-38.1802556818182
0.231328125,-32.1802556818182
0.2313671875,-23.1802556818182
0.23140625,-8.18025568181815
0.2314453125,6.81974431818185
0.231484375,20.8197443181818
0.2315234375,35.8197443181818
0.2315625,51.8197443181818
0.2316015625,68.8197443181818
0.231640625,86.8197443181818
0.2316796875,100.819744318182
0.23171875,110.819744318182
0.2317578125,117.819744318182
0.231796875,122.819744318182
0.2318359375,125.819744318182
0.231875,125.819744318182
0.2319140625,121.819744318182
0.231953125,110.819744318182
0.2319921875,96.8197443181818
0.23203125,78.8197443181818
0.2320703125,60.8197443181818
0.232109375,45.8197443181818
0.2321484375,32.8197443181818
0.2321875,20.8197443181818
0.2322265625,8.81974431818185
0.232265625,-5.18025568181815
0.2323046875,-19.1802556818182
0.23234375,-32.1802556818182
0.2323828125,-44.1802556818182
0.232421875,-54.1802556818182
0.2324609375,-64.1802556818182
0.2325,-74.1802556818182
0.2325390625,-81.1802556818182
0.232578125,-84.1802556818182
0.2326171875,-85.1802556818182
0.23265625,-82.1802556818182
0.2326953125,-76.1802556818182
0.232734375,-68.1802556818182
0.2327734375,-57.1802556818182
0.2328125,-43.1802556818182
0.2328515625,-32.1802556818182
0.232890625,-20.1802556818182
0.2329296875,-10.1802556818182
0.23296875,-1.18025568181815
0.2330078125,4.81974431818185
0.233046875,9.81974431818185
0.2330859375,11.8197443181818
0.233125,12.8197443181818
0.2331640625,15.8197443181818
0.233203125,15.8197443181818
0.2332421875,15.8197443181818
0.23328125,15.8197443181818
0.2333203125,17.8197443181818
0.233359375,24.8197443181818
0.2333984375,35.8197443181818
0.2334375,50.8197443181818
0.2334765625,66.8197443181818
0.233515625,78.8197443181818
0.2335546875,86.8197443181818
0.23359375,90.8197443181818
0.2336328125,90.8197443181818
0.233671875,90.8197443181818
0.2337109375,85.8197443181818
0.23375,76.8197443181818
0.2337890625,60.8197443181818
0.233828125,43.8197443181818
0.2338671875,29.8197443181818
0.23390625,13.8197443181818
0.2339453125,-1.18025568181815
0.233984375,-14.1802556818182
0.2340234375,-28.1802556818182
0.2340625,-39.1802556818182
0.2341015625,-47.1802556818182
0.234140625,-53.1802556818182
0.2341796875,-57.1802556818182
0.23421875,-60.1802556818182
0.2342578125,-62.1802556818182
0.234296875,-64.1802556818182
0.2343359375,-66.1802556818182
0.234375,-66.1802556818182
0.2344140625,-67.1802556818182
0.234453125,-67.1802556818182
0.2344921875,-68.1802556818182
0.23453125,-70.1802556818182
0.2345703125,-71.1802556818182
0.234609375,-70.1802556818182
0.2346484375,-66.1802556818182
0.2346875,-56.1802556818182
0.2347265625,-44.1802556818182
0.234765625,-30.1802556818182
0.2348046875,-14.1802556818182
0.23484375,2.81974431818185
0.2348828125,17.8197443181818
0.234921875,31.8197443181818
0.2349609375,43.8197443181818
0.235,52.8197443181818
0.2350390625,57.8197443181818
0.235078125,55.8197443181818
0.2351171875,50.8197443181818
0.23515625,41.8197443181818
0.2351953125,31.8197443181818
0.235234375,19.8197443181818
0.2352734375,7.81974431818185
0.2353125,-2.18025568181815
0.2353515625,-12.1802556818182
0.235390625,-21.1802556818182
0.2354296875,-25.1802556818182
0.23546875,-29.1802556818182
0.2355078125,-32.1802556818182
0.235546875,-34.1802556818182
0.2355859375,-36.1802556818182
0.235625,-35.1802556818182
0.2356640625,-32.1802556818182
0.235703125,-29.1802556818182
0.2357421875,-22.1802556818182
0.23578125,-17.1802556818182
0.2358203125,-13.1802556818182
0.235859375,-10.1802556818182
0.2358984375,-5.18025568181815
0.2359375,0.819744318181847
0.2359765625,8.81974431818185
0.236015625,15.8197443181818
0.2360546875,23.8197443181818
0.23609375,31.8197443181818
0.2361328125,40.8197443181818
0.236171875,47.8197443181818
0.2362109375,52.8197443181818
0.23625,54.8197443181818
0.2362890625,55.8197443181818
0.236328125,54.8197443181818
0.2363671875,51.8197443181818
0.23640625,45.8197443181818
0.2364453125,37.8197443181818
0.236484375,27.8197443181818
0.2365234375,15.8197443181818
0.2365625,2.81974431818185
0.2366015625,-11.1802556818182
0.236640625,-23.1802556818182
0.2366796875,-29.1802556818182
0.23671875,-31.1802556818182
0.2367578125,-29.1802556818182
0.236796875,-24.1802556818182
0.2368359375,-19.1802556818182
0.236875,-12.1802556818182
0.2369140625,-2.18025568181815
0.236953125,6.81974431818185
0.2369921875,14.8197443181818
0.23703125,18.8197443181818
0.2370703125,16.8197443181818
0.237109375,7.81974431818185
0.2371484375,-4.18025568181815
0.2371875,-16.1802556818182
0.2372265625,-28.1802556818182
0.237265625,-37.1802556818182
0.2373046875,-42.1802556818182
0.23734375,-42.1802556818182
0.2373828125,-36.1802556818182
0.237421875,-25.1802556818182
0.2374609375,-10.1802556818182
0.2375,6.81974431818185
0.2375390625,23.8197443181818
0.237578125,40.8197443181818
0.2376171875,53.8197443181818
0.23765625,60.8197443181818
0.2376953125,60.8197443181818
0.237734375,55.8197443181818
0.2377734375,46.8197443181818
0.2378125,31.8197443181818
0.2378515625,16.8197443181818
0.237890625,0.819744318181847
0.2379296875,-12.1802556818182
0.23796875,-20.1802556818182
0.2380078125,-23.1802556818182
0.238046875,-27.1802556818182
0.2380859375,-31.1802556818182
0.238125,-32.1802556818182
0.2381640625,-35.1802556818182
0.238203125,-36.1802556818182
0.2382421875,-36.1802556818182
0.23828125,-38.1802556818182
0.2383203125,-38.1802556818182
0.238359375,-39.1802556818182
0.2383984375,-41.1802556818182
0.2384375,-42.1802556818182
0.2384765625,-43.1802556818182
0.238515625,-44.1802556818182
0.2385546875,-40.1802556818182
0.23859375,-32.1802556818182
0.2386328125,-22.1802556818182
0.238671875,-9.18025568181815
0.2387109375,3.81974431818185
0.23875,15.8197443181818
0.2387890625,30.8197443181818
0.238828125,42.8197443181818
0.2388671875,52.8197443181818
0.23890625,61.8197443181818
0.2389453125,67.8197443181818
0.238984375,73.8197443181818
0.2390234375,77.8197443181818
0.2390625,79.8197443181818
0.2391015625,77.8197443181818
0.239140625,71.8197443181818
0.2391796875,62.8197443181818
0.23921875,50.8197443181818
0.2392578125,38.8197443181818
0.239296875,27.8197443181818
0.2393359375,15.8197443181818
0.239375,3.81974431818185
0.2394140625,-7.18025568181815
0.239453125,-16.1802556818182
0.2394921875,-22.1802556818182
0.23953125,-24.1802556818182
0.2395703125,-25.1802556818182
0.239609375,-22.1802556818182
0.2396484375,-19.1802556818182
0.2396875,-16.1802556818182
0.2397265625,-16.1802556818182
0.239765625,-21.1802556818182
0.2398046875,-29.1802556818182
0.23984375,-34.1802556818182
0.2398828125,-37.1802556818182
0.239921875,-36.1802556818182
0.2399609375,-32.1802556818182
0.24,-25.1802556818182
0.2400390625,-20.1802556818182
0.240078125,-11.1802556818182
0.2401171875,-0.180255681818153
0.24015625,5.81974431818185
0.2401953125,9.81974431818185
0.240234375,9.81974431818185
0.2402734375,8.81974431818185
0.2403125,3.81974431818185
0.2403515625,-3.18025568181815
0.240390625,-11.1802556818182
0.2404296875,-22.1802556818182
0.24046875,-35.1802556818182
0.2405078125,-48.1802556818182
0.240546875,-55.1802556818182
0.2405859375,-57.1802556818182
0.240625,-51.1802556818182
0.2406640625,-41.1802556818182
0.240703125,-34.1802556818182
0.2407421875,-26.1802556818182
0.24078125,-17.1802556818182
0.2408203125,-7.18025568181815
0.240859375,1.81974431818185
0.2408984375,10.8197443181818
0.2409375,14.8197443181818
0.2409765625,11.8197443181818
0.241015625,21.8197443181818
0.2410546875,63.8197443181818
0.24109375,104.819744318182
0.2411328125,110.819744318182
0.241171875,86.8197443181818
0.2412109375,62.8197443181818
0.24125,54.8197443181818
0.2412890625,61.8197443181818
0.241328125,63.8197443181818
0.2413671875,54.8197443181818
0.24140625,48.8197443181818
0.2414453125,52.8197443181818
0.241484375,61.8197443181818
0.2415234375,67.8197443181818
0.2415625,68.8197443181818
0.2416015625,67.8197443181818
0.241640625,71.8197443181818
0.2416796875,83.8197443181818
0.24171875,95.8197443181818
0.2417578125,105.819744318182
0.241796875,106.819744318182
0.2418359375,101.819744318182
0.241875,87.8197443181818
0.2419140625,63.8197443181818
0.241953125,28.8197443181818
0.2419921875,-14.1802556818182
0.24203125,-63.1802556818182
0.2420703125,-120.180255681818
0.242109375,-182.180255681818
0.2421484375,-241.180255681818
0.2421875,-293.180255681818
0.2422265625,-334.180255681818
0.242265625,-362.180255681818
0.2423046875,-375.180255681818
0.24234375,-378.180255681818
0.2423828125,-377.180255681818
0.242421875,-378.180255681818
0.2424609375,-375.180255681818
0.2425,-363.180255681818
0.2425390625,-340.180255681818
0.242578125,-307.180255681818
0.2426171875,-267.180255681818
0.24265625,-218.180255681818
0.2426953125,-162.180255681818
0.242734375,-101.180255681818
0.2427734375,-34.1802556818182
0.2428125,38.8197443181818
0.2428515625,108.819744318182
0.242890625,173.819744318182
0.2429296875,229.819744318182
0.24296875,280.819744318182
0.2430078125,324.819744318182
0.243046875,359.819744318182
0.2430859375,385.819744318182
0.243125,408.819744318182
0.2431640625,423.819744318182
0.243203125,429.819744318182
0.2432421875,430.819744318182
0.24328125,420.819744318182
0.2433203125,402.819744318182
0.243359375,375.819744318182
0.2433984375,343.819744318182
0.2434375,309.819744318182
0.2434765625,274.819744318182
0.243515625,238.819744318182
0.2435546875,202.819744318182
0.24359375,162.819744318182
0.2436328125,116.819744318182
0.243671875,67.8197443181818
0.2437109375,17.8197443181818
0.24375,-30.1802556818182
0.2437890625,-75.1802556818182
0.243828125,-115.180255681818
0.2438671875,-149.180255681818
0.24390625,-177.180255681818
0.2439453125,-199.180255681818
0.243984375,-216.180255681818
0.2440234375,-226.180255681818
0.2440625,-234.180255681818
0.2441015625,-239.180255681818
0.244140625,-240.180255681818
0.2441796875,-235.180255681818
0.24421875,-227.180255681818
0.2442578125,-216.180255681818
0.244296875,-200.180255681818
0.2443359375,-178.180255681818
0.244375,-152.180255681818
0.2444140625,-123.180255681818
0.244453125,-100.180255681818
0.2444921875,-79.1802556818182
0.24453125,-41.1802556818182
0.2445703125,-1.18025568181815
0.244609375,16.8197443181818
0.2446484375,22.8197443181818
0.2446875,30.8197443181818
0.2447265625,42.8197443181818
0.244765625,57.8197443181818
0.2448046875,71.8197443181818
0.24484375,86.8197443181818
0.2448828125,104.819744318182
0.244921875,121.819744318182
0.2449609375,136.819744318182
0.245,144.819744318182
0.2450390625,146.819744318182
0.245078125,138.819744318182
0.2451171875,130.819744318182
0.24515625,126.819744318182
0.2451953125,124.819744318182
0.245234375,122.819744318182
0.2452734375,117.819744318182
0.2453125,117.819744318182
0.2453515625,117.819744318182
0.245390625,124.819744318182
0.2454296875,135.819744318182
0.24546875,148.819744318182
0.2455078125,164.819744318182
0.245546875,171.819744318182
0.2455859375,163.819744318182
0.245625,141.819744318182
0.2456640625,111.819744318182
0.245703125,71.8197443181818
0.2457421875,27.8197443181818
0.24578125,-17.1802556818182
0.2458203125,-68.1802556818182
0.245859375,-119.180255681818
0.2458984375,-169.180255681818
0.2459375,-214.180255681818
0.2459765625,-257.180255681818
0.246015625,-292.180255681818
0.2460546875,-315.180255681818
0.24609375,-326.180255681818
0.2461328125,-322.180255681818
0.246171875,-308.180255681818
0.2462109375,-287.180255681818
0.24625,-263.180255681818
0.2462890625,-240.180255681818
0.246328125,-220.180255681818
0.2463671875,-205.180255681818
0.24640625,-194.180255681818
0.2464453125,-184.180255681818
0.246484375,-176.180255681818
0.2465234375,-168.180255681818
0.2465625,-159.180255681818
0.2466015625,-147.180255681818
0.246640625,-132.180255681818
0.2466796875,-116.180255681818
0.24671875,-95.1802556818182
0.2467578125,-69.1802556818182
0.246796875,-40.1802556818182
0.2468359375,-12.1802556818182
0.246875,13.8197443181818
0.2469140625,34.8197443181818
0.246953125,52.8197443181818
0.2469921875,70.8197443181818
0.24703125,88.8197443181818
0.2470703125,102.819744318182
0.247109375,112.819744318182
0.2471484375,119.819744318182
0.2471875,123.819744318182
0.2472265625,125.819744318182
0.247265625,125.819744318182
0.2473046875,123.819744318182
0.24734375,120.819744318182
0.2473828125,116.819744318182
0.247421875,114.819744318182
0.2474609375,118.819744318182
0.2475,127.819744318182
0.2475390625,137.819744318182
0.247578125,146.819744318182
0.2476171875,147.819744318182
0.24765625,139.819744318182
0.2476953125,125.819744318182
0.247734375,109.819744318182
0.2477734375,92.8197443181818
0.2478125,73.8197443181818
0.2478515625,55.8197443181818
0.247890625,37.8197443181818
0.2479296875,22.8197443181818
0.24796875,9.81974431818185
0.2480078125,0.819744318181847
0.248046875,-5.18025568181815
0.2480859375,-8.18025568181815
0.248125,-10.1802556818182
0.2481640625,-7.18025568181815
0.248203125,-3.18025568181815
0.2482421875,0.819744318181847
0.24828125,2.81974431818185
0.2483203125,4.81974431818185
0.248359375,4.81974431818185
0.2483984375,1.81974431818185
0.2484375,-2.18025568181815
0.2484765625,-7.18025568181815
0.248515625,-10.1802556818182
0.2485546875,-13.1802556818182
0.24859375,-14.1802556818182
0.2486328125,-12.1802556818182
0.248671875,-5.18025568181815
0.2487109375,6.81974431818185
0.24875,22.8197443181818
0.2487890625,40.8197443181818
0.248828125,58.8197443181818
0.2488671875,73.8197443181818
0.24890625,85.8197443181818
0.2489453125,94.8197443181818
0.248984375,100.819744318182
0.2490234375,102.819744318182
0.2490625,101.819744318182
0.2491015625,99.8197443181818
0.249140625,94.8197443181818
0.2491796875,85.8197443181818
0.24921875,75.8197443181818
0.2492578125,65.8197443181818
0.249296875,53.8197443181818
0.2493359375,42.8197443181818
0.249375,31.8197443181818
0.2494140625,19.8197443181818
0.249453125,6.81974431818185
0.2494921875,-5.18025568181815
0.24953125,-17.1802556818182
0.2495703125,-28.1802556818182
0.249609375,-38.1802556818182
0.2496484375,-47.1802556818182
0.2496875,-55.1802556818182
0.2497265625,-61.1802556818182
0.249765625,-68.1802556818182
0.2498046875,-78.1802556818182
0.24984375,-90.1802556818182
0.2498828125,-103.180255681818
0.249921875,-114.180255681818
0.2499609375,-122.180255681818
0.25,-123.180255681818
0.2500390625,-120.180255681818
0.250078125,-114.180255681818
0.2501171875,-107.180255681818
0.25015625,-98.1802556818182
0.2501953125,-87.1802556818182
0.250234375,-74.1802556818182
0.2502734375,-57.1802556818182
0.2503125,-42.1802556818182
0.2503515625,-27.1802556818182
0.250390625,-12.1802556818182
0.2504296875,-0.180255681818153
0.25046875,9.81974431818185
0.2505078125,17.8197443181818
0.250546875,22.8197443181818
0.2505859375,24.8197443181818
0.250625,24.8197443181818
0.2506640625,23.8197443181818
0.250703125,24.8197443181818
0.2507421875,27.8197443181818
0.25078125,31.8197443181818
0.2508203125,33.8197443181818
0.250859375,34.8197443181818
0.2508984375,33.8197443181818
0.2509375,32.8197443181818
0.2509765625,33.8197443181818
0.251015625,32.8197443181818
0.2510546875,27.8197443181818
0.25109375,20.8197443181818
0.2511328125,11.8197443181818
0.251171875,-0.180255681818153
0.2512109375,-13.1802556818182
0.25125,-25.1802556818182
0.2512890625,-36.1802556818182
0.251328125,-45.1802556818182
0.2513671875,-50.1802556818182
0.25140625,-53.1802556818182
0.2514453125,-50.1802556818182
0.251484375,-43.1802556818182
0.2515234375,-33.1802556818182
0.2515625,-23.1802556818182
0.2516015625,-12.1802556818182
0.251640625,-1.18025568181815
0.2516796875,8.81974431818185
0.25171875,15.8197443181818
0.2517578125,18.8197443181818
0.251796875,15.8197443181818
0.2518359375,3.81974431818185
0.251875,-12.1802556818182
0.2519140625,-28.1802556818182
0.251953125,-45.1802556818182
0.2519921875,-59.1802556818182
0.25203125,-68.1802556818182
0.2520703125,-75.1802556818182
0.252109375,-77.1802556818182
0.2521484375,-72.1802556818182
0.2521875,-61.1802556818182
0.2522265625,-45.1802556818182
0.252265625,-27.1802556818182
0.2523046875,-8.18025568181815
0.25234375,8.81974431818185
0.2523828125,21.8197443181818
0.252421875,29.8197443181818
0.2524609375,32.8197443181818
0.2525,34.8197443181818
0.2525390625,33.8197443181818
0.252578125,29.8197443181818
0.2526171875,28.8197443181818
0.25265625,29.8197443181818
0.2526953125,34.8197443181818
0.252734375,42.8197443181818
0.2527734375,53.8197443181818
0.2528125,62.8197443181818
0.2528515625,70.8197443181818
0.252890625,75.8197443181818
0.2529296875,79.8197443181818
0.25296875,84.8197443181818
0.2530078125,84.8197443181818
0.253046875,78.8197443181818
0.2530859375,67.8197443181818
0.253125,51.8197443181818
0.2531640625,33.8197443181818
0.253203125,16.8197443181818
0.2532421875,2.81974431818185
0.25328125,-9.18025568181815
0.2533203125,-16.1802556818182
0.253359375,-19.1802556818182
0.2533984375,-18.1802556818182
0.2534375,-16.1802556818182
0.2534765625,-11.1802556818182
0.253515625,-6.18025568181815
0.2535546875,-2.18025568181815
0.25359375,1.81974431818185
0.2536328125,3.81974431818185
0.253671875,5.81974431818185
0.2537109375,3.81974431818185
0.25375,-0.180255681818153
0.2537890625,-7.18025568181815
0.253828125,-19.1802556818182
0.2538671875,-31.1802556818182
0.25390625,-39.1802556818182
0.2539453125,-42.1802556818182
0.253984375,-43.1802556818182
0.2540234375,-41.1802556818182
0.2540625,-38.1802556818182
0.2541015625,-33.1802556818182
0.254140625,-24.1802556818182
0.2541796875,-14.1802556818182
0.25421875,-3.18025568181815
0.2542578125,7.81974431818185
0.254296875,17.8197443181818
0.2543359375,27.8197443181818
0.254375,35.8197443181818
0.2544140625,40.8197443181818
0.254453125,42.8197443181818
0.2544921875,42.8197443181818
0.25453125,42.8197443181818
0.2545703125,42.8197443181818
0.254609375,42.8197443181818
0.2546484375,43.8197443181818
0.2546875,43.8197443181818
0.2547265625,40.8197443181818
0.254765625,36.8197443181818
0.2548046875,31.8197443181818
0.25484375,29.8197443181818
0.2548828125,26.8197443181818
0.254921875,25.8197443181818
0.2549609375,23.8197443181818
0.255,21.8197443181818
0.2550390625,14.8197443181818
0.255078125,4.81974431818185
0.2551171875,-8.18025568181815
0.25515625,-23.1802556818182
0.2551953125,-37.1802556818182
0.255234375,-49.1802556818182
0.2552734375,-61.1802556818182
0.2553125,-66.1802556818182
0.2553515625,-72.1802556818182
0.255390625,-75.1802556818182
0.2554296875,-74.1802556818182
0.25546875,-69.1802556818182
0.2555078125,-63.1802556818182
0.255546875,-56.1802556818182
0.2555859375,-48.1802556818182
0.255625,-40.1802556818182
0.2556640625,-33.1802556818182
0.255703125,-28.1802556818182
0.2557421875,-24.1802556818182
0.25578125,-21.1802556818182
0.2558203125,-18.1802556818182
0.255859375,-16.1802556818182
0.2558984375,-14.1802556818182
0.2559375,-11.1802556818182
0.2559765625,-10.1802556818182
0.256015625,-11.1802556818182
0.2560546875,-13.1802556818182
0.25609375,-17.1802556818182
0.2561328125,-17.1802556818182
0.256171875,-13.1802556818182
0.2562109375,-6.18025568181815
0.25625,1.81974431818185
0.2562890625,9.81974431818185
0.256328125,15.8197443181818
0.2563671875,21.8197443181818
0.25640625,26.8197443181818
0.2564453125,30.8197443181818
0.256484375,32.8197443181818
0.2565234375,31.8197443181818
0.2565625,27.8197443181818
0.2566015625,23.8197443181818
0.256640625,15.8197443181818
0.2566796875,7.81974431818185
0.25671875,1.81974431818185
0.2567578125,-4.18025568181815
0.256796875,-8.18025568181815
0.2568359375,-6.18025568181815
0.256875,-2.18025568181815
0.2569140625,3.81974431818185
0.256953125,11.8197443181818
0.2569921875,19.8197443181818
0.25703125,24.8197443181818
0.2570703125,27.8197443181818
0.257109375,24.8197443181818
0.2571484375,20.8197443181818
0.2571875,15.8197443181818
0.2572265625,10.8197443181818
0.257265625,6.81974431818185
0.2573046875,5.81974431818185
0.25734375,5.81974431818185
0.2573828125,5.81974431818185
0.257421875,7.81974431818185
0.2574609375,13.8197443181818
0.2575,23.8197443181818
0.2575390625,33.8197443181818
0.257578125,43.8197443181818
0.2576171875,47.8197443181818
0.25765625,46.8197443181818
0.2576953125,41.8197443181818
0.257734375,31.8197443181818
0.2577734375,22.8197443181818
0.2578125,9.81974431818185
0.2578515625,-4.18025568181815
0.257890625,-15.1802556818182
0.2579296875,-26.1802556818182
0.25796875,-33.1802556818182
0.2580078125,-37.1802556818182
0.258046875,-39.1802556818182
0.2580859375,-39.1802556818182
0.258125,-33.1802556818182
0.2581640625,-26.1802556818182
0.258203125,-14.1802556818182
0.2582421875,1.81974431818185
0.25828125,15.8197443181818
0.2583203125,26.8197443181818
0.258359375,33.8197443181818
0.2583984375,36.8197443181818
0.2584375,37.8197443181818
0.2584765625,39.8197443181818
0.258515625,39.8197443181818
0.2585546875,38.8197443181818
0.25859375,34.8197443181818
0.2586328125,27.8197443181818
0.258671875,19.8197443181818
0.2587109375,13.8197443181818
0.25875,9.81974431818185
0.2587890625,7.81974431818185
0.258828125,5.81974431818185
0.2588671875,3.81974431818185
0.25890625,-2.18025568181815
0.2589453125,-7.18025568181815
0.258984375,-13.1802556818182
0.2590234375,-22.1802556818182
0.2590625,-32.1802556818182
0.2591015625,-43.1802556818182
0.259140625,-54.1802556818182
0.2591796875,-66.1802556818182
0.25921875,-77.1802556818182
0.2592578125,-87.1802556818182
0.259296875,-94.1802556818182
0.2593359375,-100.180255681818
0.259375,-104.180255681818
0.2594140625,-104.180255681818
0.259453125,-95.1802556818182
0.2594921875,-82.1802556818182
0.25953125,-64.1802556818182
0.2595703125,-44.1802556818182
0.259609375,-25.1802556818182
0.2596484375,-9.18025568181815
0.2596875,2.81974431818185
0.2597265625,12.8197443181818
0.259765625,21.8197443181818
0.2598046875,27.8197443181818
0.25984375,28.8197443181818
0.2598828125,24.8197443181818
0.259921875,21.8197443181818
0.2599609375,21.8197443181818
0.26,25.8197443181818
0.2600390625,29.8197443181818
0.260078125,37.8197443181818
0.2601171875,47.8197443181818
0.26015625,60.8197443181818
0.2601953125,72.8197443181818
0.260234375,82.8197443181818
0.2602734375,88.8197443181818
0.2603125,87.8197443181818
0.2603515625,82.8197443181818
0.260390625,74.8197443181818
0.2604296875,62.8197443181818
0.26046875,49.8197443181818
0.2605078125,35.8197443181818
0.260546875,21.8197443181818
0.2605859375,7.81974431818185
0.260625,-3.18025568181815
0.2606640625,-9.18025568181815
0.260703125,-13.1802556818182
0.2607421875,-14.1802556818182
0.26078125,-14.1802556818182
0.2608203125,-12.1802556818182
0.260859375,-12.1802556818182
0.2608984375,-12.1802556818182
0.2609375,-13.1802556818182
0.2609765625,-12.1802556818182
0.261015625,-13.1802556818182
0.2610546875,-17.1802556818182
0.26109375,-21.1802556818182
0.2611328125,-23.1802556818182
0.261171875,-22.1802556818182
0.2612109375,-20.1802556818182
0.26125,-18.1802556818182
0.2612890625,-19.1802556818182
0.261328125,-22.1802556818182
0.2613671875,-23.1802556818182
0.26140625,-17.1802556818182
0.2614453125,-8.18025568181815
0.261484375,0.819744318181847
0.2615234375,9.81974431818185
0.2615625,17.8197443181818
0.2616015625,21.8197443181818
0.261640625,24.8197443181818
0.2616796875,24.8197443181818
0.26171875,22.8197443181818
0.2617578125,18.8197443181818
0.261796875,11.8197443181818
0.2618359375,-0.180255681818153
0.261875,-13.1802556818182
0.2619140625,-26.1802556818182
0.261953125,-38.1802556818182
0.2619921875,-44.1802556818182
0.26203125,-47.1802556818182
0.2620703125,-44.1802556818182
0.262109375,-34.1802556818182
0.2621484375,-22.1802556818182
0.2621875,-10.1802556818182
0.2622265625,-0.180255681818153
0.262265625,8.81974431818185
0.2623046875,19.8197443181818
0.26234375,34.8197443181818
0.2623828125,48.8197443181818
0.262421875,63.8197443181818
0.2624609375,73.8197443181818
0.2625,71.8197443181818
0.2625390625,59.8197443181818
0.262578125,42.8197443181818
0.2626171875,23.8197443181818
0.26265625,7.81974431818185
0.2626953125,2.81974431818185
0.262734375,7.81974431818185
0.2627734375,16.8197443181818
0.2628125,27.8197443181818
0.2628515625,40.8197443181818
0.262890625,52.8197443181818
0.2629296875,60.8197443181818
0.26296875,63.8197443181818
0.2630078125,66.8197443181818
0.263046875,69.8197443181818
0.2630859375,67.8197443181818
0.263125,59.8197443181818
0.2631640625,49.8197443181818
0.263203125,32.8197443181818
0.2632421875,2.81974431818185
0.26328125,-32.1802556818182
0.2633203125,-67.1802556818182
0.263359375,-100.180255681818
0.2633984375,-132.180255681818
0.2634375,-165.180255681818
0.2634765625,-192.180255681818
0.263515625,-213.180255681818
0.2635546875,-232.180255681818
0.26359375,-249.180255681818
0.2636328125,-258.180255681818
0.263671875,-258.180255681818
0.2637109375,-254.180255681818
0.26375,-244.180255681818
0.2637890625,-227.180255681818
0.263828125,-202.180255681818
0.2638671875,-173.180255681818
0.26390625,-142.180255681818
0.2639453125,-107.180255681818
0.263984375,-68.1802556818182
0.2640234375,-27.1802556818182
0.2640625,15.8197443181818
0.2641015625,60.8197443181818
0.264140625,102.819744318182
0.2641796875,138.819744318182
0.26421875,175.819744318182
0.2642578125,214.819744318182
0.264296875,250.819744318182
0.2643359375,281.819744318182
0.264375,305.819744318182
0.2644140625,321.819744318182
0.264453125,325.819744318182
0.2644921875,315.819744318182
0.26453125,293.819744318182
0.2645703125,264.819744318182
0.264609375,230.819744318182
0.2646484375,196.819744318182
0.2646875,164.819744318182
0.2647265625,130.819744318182
0.264765625,98.8197443181818
0.2648046875,66.8197443181818
0.26484375,35.8197443181818
0.2648828125,6.81974431818185
0.264921875,-19.1802556818182
0.2649609375,-42.1802556818182
0.265,-61.1802556818182
0.2650390625,-75.1802556818182
0.265078125,-92.1802556818182
0.2651171875,-107.180255681818
0.26515625,-121.180255681818
0.2651953125,-133.180255681818
0.265234375,-145.180255681818
0.2652734375,-155.180255681818
0.2653125,-161.180255681818
0.2653515625,-156.180255681818
0.265390625,-142.180255681818
0.2654296875,-123.180255681818
0.26546875,-101.180255681818
0.2655078125,-77.1802556818182
0.265546875,-55.1802556818182
0.2655859375,-38.1802556818182
0.265625,-26.1802556818182
0.2656640625,-20.1802556818182
0.265703125,-19.1802556818182
0.2657421875,-25.1802556818182
0.26578125,-33.1802556818182
0.2658203125,-40.1802556818182
0.265859375,-45.1802556818182
0.2658984375,-47.1802556818182
0.2659375,-48.1802556818182
0.2659765625,-43.1802556818182
0.266015625,-37.1802556818182
0.2660546875,-29.1802556818182
0.26609375,-21.1802556818182
0.2661328125,-10.1802556818182
0.266171875,3.81974431818185
0.2662109375,19.8197443181818
0.26625,36.8197443181818
0.2662890625,55.8197443181818
0.266328125,74.8197443181818
0.2663671875,96.8197443181818
0.26640625,119.819744318182
0.2664453125,140.819744318182
0.266484375,154.819744318182
0.2665234375,162.819744318182
0.2665625,167.819744318182
0.2666015625,167.819744318182
0.266640625,164.819744318182
0.2666796875,157.819744318182
0.26671875,146.819744318182
0.2667578125,130.819744318182
0.266796875,109.819744318182
0.2668359375,86.8197443181818
0.266875,66.8197443181818
0.2669140625,49.8197443181818
0.266953125,32.8197443181818
0.2669921875,15.8197443181818
0.26703125,0.819744318181847
0.2670703125,-16.1802556818182
0.267109375,-33.1802556818182
0.2671484375,-46.1802556818182
0.2671875,-59.1802556818182
0.2672265625,-73.1802556818182
0.267265625,-85.1802556818182
0.2673046875,-93.1802556818182
0.26734375,-100.180255681818
0.2673828125,-106.180255681818
0.267421875,-111.180255681818
0.2674609375,-114.180255681818
0.2675,-113.180255681818
0.2675390625,-115.180255681818
0.267578125,-114.180255681818
0.2676171875,-113.180255681818
0.26765625,-111.180255681818
0.2676953125,-110.180255681818
0.267734375,-110.180255681818
0.2677734375,-108.180255681818
0.2678125,-107.180255681818
0.2678515625,-104.180255681818
0.267890625,-103.180255681818
0.2679296875,-103.180255681818
0.26796875,-99.1802556818182
0.2680078125,-93.1802556818182
0.268046875,-84.1802556818182
0.2680859375,-69.1802556818182
0.268125,-55.1802556818182
0.2681640625,-42.1802556818182
0.268203125,-27.1802556818182
0.2682421875,-10.1802556818182
0.26828125,7.81974431818185
0.2683203125,23.8197443181818
0.268359375,36.8197443181818
0.2683984375,44.8197443181818
0.2684375,49.8197443181818
0.2684765625,51.8197443181818
0.268515625,48.8197443181818
0.2685546875,45.8197443181818
0.26859375,41.8197443181818
0.2686328125,35.8197443181818
0.268671875,28.8197443181818
0.2687109375,22.8197443181818
0.26875,16.8197443181818
0.2687890625,14.8197443181818
0.268828125,18.8197443181818
0.2688671875,25.8197443181818
0.26890625,36.8197443181818
0.2689453125,46.8197443181818
0.268984375,54.8197443181818
0.2690234375,60.8197443181818
0.2690625,61.8197443181818
0.2691015625,55.8197443181818
0.269140625,45.8197443181818
0.2691796875,33.8197443181818
0.26921875,21.8197443181818
0.2692578125,8.81974431818185
0.269296875,-2.18025568181815
0.2693359375,-12.1802556818182
0.269375,-18.1802556818182
0.2694140625,-24.1802556818182
0.269453125,-27.1802556818182
0.2694921875,-26.1802556818182
0.26953125,-20.1802556818182
0.2695703125,-12.1802556818182
0.269609375,-0.180255681818153
0.2696484375,8.81974431818185
0.2696875,15.8197443181818
0.2697265625,20.8197443181818
0.269765625,25.8197443181818
0.2698046875,27.8197443181818
0.26984375,29.8197443181818
0.2698828125,29.8197443181818
0.269921875,29.8197443181818
0.2699609375,27.8197443181818
0.27,24.8197443181818
0.2700390625,22.8197443181818
0.270078125,22.8197443181818
0.2701171875,26.8197443181818
0.27015625,32.8197443181818
0.2701953125,39.8197443181818
0.270234375,48.8197443181818
0.2702734375,57.8197443181818
0.2703125,65.8197443181818
0.2703515625,69.8197443181818
0.270390625,69.8197443181818
0.2704296875,62.8197443181818
0.27046875,54.8197443181818
0.2705078125,45.8197443181818
0.270546875,37.8197443181818
0.2705859375,30.8197443181818
0.270625,24.8197443181818
0.2706640625,17.8197443181818
0.270703125,8.81974431818185
0.2707421875,-1.18025568181815
0.27078125,-8.18025568181815
0.2708203125,-14.1802556818182
0.270859375,-18.1802556818182
0.2708984375,-21.1802556818182
0.2709375,-25.1802556818182
0.2709765625,-30.1802556818182
0.271015625,-32.1802556818182
0.2710546875,-31.1802556818182
0.27109375,-28.1802556818182
0.2711328125,-22.1802556818182
0.271171875,-19.1802556818182
0.2712109375,-16.1802556818182
0.27125,-16.1802556818182
0.2712890625,-16.1802556818182
0.271328125,-18.1802556818182
0.2713671875,-19.1802556818182
0.27140625,-20.1802556818182
0.2714453125,-21.1802556818182
0.271484375,-19.1802556818182
0.2715234375,-15.1802556818182
0.2715625,-9.18025568181815
0.2716015625,-3.18025568181815
0.271640625,1.81974431818185
0.2716796875,5.81974431818185
0.27171875,6.81974431818185
0.2717578125,4.81974431818185
0.271796875,0.819744318181847
0.2718359375,-2.18025568181815
0.271875,-8.18025568181815
0.2719140625,-12.1802556818182
0.271953125,-16.1802556818182
0.2719921875,-18.1802556818182
0.27203125,-22.1802556818182
0.2720703125,-23.1802556818182
0.272109375,-23.1802556818182
0.2721484375,-20.1802556818182
0.2721875,-15.1802556818182
0.2722265625,-12.1802556818182
0.272265625,-10.1802556818182
0.2723046875,-10.1802556818182
0.27234375,-10.1802556818182
0.2723828125,-9.18025568181815
0.272421875,-7.18025568181815
0.2724609375,-3.18025568181815
0.2725,-3.18025568181815
0.2725390625,-2.18025568181815
0.272578125,-3.18025568181815
0.2726171875,-6.18025568181815
0.27265625,-11.1802556818182
0.2726953125,-15.1802556818182
0.272734375,-18.1802556818182
0.2727734375,-19.1802556818182
0.2728125,-21.1802556818182
0.2728515625,-20.1802556818182
0.272890625,-15.1802556818182
0.2729296875,-10.1802556818182
0.27296875,-6.18025568181815
0.2730078125,-5.18025568181815
0.273046875,-4.18025568181815
0.2730859375,-7.18025568181815
0.273125,-7.18025568181815
0.2731640625,-8.18025568181815
0.273203125,-10.1802556818182
0.2732421875,-13.1802556818182
0.27328125,-15.1802556818182
0.2733203125,-19.1802556818182
0.273359375,-24.1802556818182
0.2733984375,-29.1802556818182
0.2734375,-31.1802556818182
0.2734765625,-27.1802556818182
0.273515625,-22.1802556818182
0.2735546875,-15.1802556818182
0.27359375,-8.18025568181815
0.2736328125,-0.180255681818153
0.273671875,6.81974431818185
0.2737109375,13.8197443181818
0.27375,18.8197443181818
0.2737890625,21.8197443181818
0.273828125,23.8197443181818
0.2738671875,24.8197443181818
0.27390625,20.8197443181818
0.2739453125,14.8197443181818
0.273984375,5.81974431818185
0.2740234375,-3.18025568181815
0.2740625,-8.18025568181815
0.2741015625,-10.1802556818182
0.274140625,-10.1802556818182
0.2741796875,-5.18025568181815
0.27421875,1.81974431818185
0.2742578125,9.81974431818185
0.274296875,18.8197443181818
0.2743359375,28.8197443181818
0.274375,37.8197443181818
0.2744140625,46.8197443181818
0.274453125,53.8197443181818
0.2744921875,56.8197443181818
0.27453125,56.8197443181818
0.2745703125,51.8197443181818
0.274609375,41.8197443181818
0.2746484375,29.8197443181818
0.2746875,18.8197443181818
0.2747265625,9.81974431818185
0.274765625,3.81974431818185
0.2748046875,0.819744318181847
0.27484375,0.819744318181847
0.2748828125,3.81974431818185
0.274921875,5.81974431818185
0.2749609375,8.81974431818185
0.275,12.8197443181818
0.2750390625,13.8197443181818
0.275078125,13.8197443181818
0.2751171875,11.8197443181818
0.27515625,2.81974431818185
0.2751953125,-8.18025568181815
0.275234375,-19.1802556818182
0.2752734375,-29.1802556818182
0.2753125,-40.1802556818182
0.2753515625,-44.1802556818182
0.275390625,-47.1802556818182
0.2754296875,-46.1802556818182
0.27546875,-41.1802556818182
0.2755078125,-32.1802556818182
0.275546875,-21.1802556818182
0.2755859375,-9.18025568181815
0.275625,-1.18025568181815
0.2756640625,4.81974431818185
0.275703125,8.81974431818185
0.2757421875,13.8197443181818
0.27578125,15.8197443181818
0.2758203125,15.8197443181818
0.275859375,11.8197443181818
0.2758984375,5.81974431818185
0.2759375,-2.18025568181815
0.2759765625,-11.1802556818182
0.276015625,-18.1802556818182
0.2760546875,-20.1802556818182
0.27609375,-18.1802556818182
0.2761328125,-11.1802556818182
0.276171875,-1.18025568181815
0.2762109375,8.81974431818185
0.27625,19.8197443181818
0.2762890625,30.8197443181818
0.276328125,41.8197443181818
0.2763671875,50.8197443181818
0.27640625,55.8197443181818
0.2764453125,55.8197443181818
0.276484375,49.8197443181818
0.2765234375,38.8197443181818
0.2765625,25.8197443181818
0.2766015625,11.8197443181818
0.276640625,-1.18025568181815
0.2766796875,-10.1802556818182
0.27671875,-17.1802556818182
0.2767578125,-19.1802556818182
0.276796875,-19.1802556818182
0.2768359375,-17.1802556818182
0.276875,-15.1802556818182
0.2769140625,-14.1802556818182
0.276953125,-15.1802556818182
0.2769921875,-17.1802556818182
0.27703125,-19.1802556818182
0.2770703125,-21.1802556818182
0.277109375,-26.1802556818182
0.2771484375,-35.1802556818182
0.2771875,-45.1802556818182
0.2772265625,-58.1802556818182
0.277265625,-70.1802556818182
0.2773046875,-78.1802556818182
0.27734375,-80.1802556818182
0.2773828125,-73.1802556818182
0.277421875,-61.1802556818182
0.2774609375,-44.1802556818182
0.2775,-27.1802556818182
0.2775390625,-9.18025568181815
0.277578125,7.81974431818185
0.2776171875,20.8197443181818
0.27765625,33.8197443181818
0.2776953125,42.8197443181818
0.277734375,51.8197443181818
0.2777734375,56.8197443181818
0.2778125,60.8197443181818
0.2778515625,60.8197443181818
0.277890625,59.8197443181818
0.2779296875,57.8197443181818
0.27796875,52.8197443181818
0.2780078125,48.8197443181818
0.278046875,45.8197443181818
0.2780859375,42.8197443181818
0.278125,37.8197443181818
0.2781640625,35.8197443181818
0.278203125,32.8197443181818
0.2782421875,27.8197443181818
0.27828125,22.8197443181818
0.2783203125,17.8197443181818
0.278359375,13.8197443181818
0.2783984375,9.81974431818185
0.2784375,2.81974431818185
0.2784765625,-6.18025568181815
0.278515625,-17.1802556818182
0.2785546875,-29.1802556818182
0.27859375,-39.1802556818182
0.2786328125,-47.1802556818182
0.278671875,-50.1802556818182
0.2787109375,-50.1802556818182
0.27875,-46.1802556818182
0.2787890625,-41.1802556818182
0.278828125,-34.1802556818182
0.2788671875,-26.1802556818182
0.27890625,-17.1802556818182
0.2789453125,-6.18025568181815
0.278984375,6.81974431818185
0.2790234375,19.8197443181818
0.2790625,30.8197443181818
0.2791015625,39.8197443181818
0.279140625,43.8197443181818
0.2791796875,41.8197443181818
0.27921875,36.8197443181818
0.2792578125,28.8197443181818
0.279296875,16.8197443181818
0.2793359375,2.81974431818185
0.279375,-8.18025568181815
0.2794140625,-19.1802556818182
0.279453125,-26.1802556818182
0.2794921875,-29.1802556818182
0.27953125,-32.1802556818182
0.2795703125,-31.1802556818182
0.279609375,-28.1802556818182
0.2796484375,-23.1802556818182
0.2796875,-15.1802556818182
0.2797265625,-10.1802556818182
0.279765625,-6.18025568181815
0.2798046875,-4.18025568181815
0.27984375,-4.18025568181815
0.2798828125,-6.18025568181815
0.279921875,-7.18025568181815
0.2799609375,-7.18025568181815
0.28,-9.18025568181815
0.2800390625,-10.1802556818182
0.280078125,-9.18025568181815
0.2801171875,-10.1802556818182
0.28015625,-11.1802556818182
0.2801953125,-13.1802556818182
0.280234375,-13.1802556818182
0.2802734375,-11.1802556818182
0.2803125,-10.1802556818182
0.2803515625,-7.18025568181815
0.280390625,-1.18025568181815
0.2804296875,2.81974431818185
0.28046875,2.81974431818185
0.2805078125,-1.18025568181815
0.280546875,-7.18025568181815
0.2805859375,-14.1802556818182
0.280625,-20.1802556818182
0.2806640625,-24.1802556818182
0.280703125,-24.1802556818182
0.2807421875,-21.1802556818182
0.28078125,-16.1802556818182
0.2808203125,-10.1802556818182
0.280859375,-2.18025568181815
0.2808984375,5.81974431818185
0.2809375,15.8197443181818
0.2809765625,26.8197443181818
0.281015625,37.8197443181818
0.2810546875,46.8197443181818
0.28109375,53.8197443181818
0.2811328125,56.8197443181818
0.281171875,57.8197443181818
0.2812109375,54.8197443181818
0.28125,47.8197443181818
0.2812890625,37.8197443181818
0.281328125,24.8197443181818
0.2813671875,10.8197443181818
0.28140625,-4.18025568181815
0.2814453125,-20.1802556818182
0.281484375,-35.1802556818182
0.2815234375,-47.1802556818182
0.2815625,-51.1802556818182
0.2816015625,-51.1802556818182
0.281640625,-44.1802556818182
0.2816796875,-33.1802556818182
0.28171875,-19.1802556818182
0.2817578125,-5.18025568181815
0.281796875,6.81974431818185
0.2818359375,15.8197443181818
0.281875,22.8197443181818
0.2819140625,25.8197443181818
0.281953125,24.8197443181818
0.2819921875,20.8197443181818
0.28203125,16.8197443181818
0.2820703125,11.8197443181818
0.282109375,10.8197443181818
0.2821484375,12.8197443181818
0.2821875,18.8197443181818
0.2822265625,22.8197443181818
0.282265625,28.8197443181818
0.2823046875,33.8197443181818
0.28234375,41.8197443181818
0.2823828125,45.8197443181818
0.282421875,46.8197443181818
0.2824609375,43.8197443181818
0.2825,37.8197443181818
0.2825390625,27.8197443181818
0.282578125,13.8197443181818
0.2826171875,0.819744318181847
0.28265625,-15.1802556818182
0.2826953125,-29.1802556818182
0.282734375,-41.1802556818182
0.2827734375,-49.1802556818182
0.2828125,-54.1802556818182
0.2828515625,-52.1802556818182
0.282890625,-47.1802556818182
0.2829296875,-42.1802556818182
0.28296875,-36.1802556818182
0.2830078125,-31.1802556818182
0.283046875,-27.1802556818182
0.2830859375,-21.1802556818182
0.283125,-16.1802556818182
0.2831640625,-15.1802556818182
0.283203125,-13.1802556818182
0.2832421875,-12.1802556818182
0.28328125,-10.1802556818182
0.2833203125,-9.18025568181815
0.283359375,-8.18025568181815
0.2833984375,-9.18025568181815
0.2834375,-10.1802556818182
0.2834765625,-12.1802556818182
0.283515625,-12.1802556818182
0.2835546875,-7.18025568181815
0.28359375,-2.18025568181815
0.2836328125,1.81974431818185
0.283671875,7.81974431818185
0.2837109375,17.8197443181818
0.28375,30.8197443181818
0.2837890625,47.8197443181818
0.283828125,64.8197443181818
0.2838671875,77.8197443181818
0.28390625,81.8197443181818
0.2839453125,75.8197443181818
0.283984375,64.8197443181818
0.2840234375,51.8197443181818
0.2840625,42.8197443181818
0.2841015625,35.8197443181818
0.284140625,32.8197443181818
0.2841796875,32.8197443181818
0.28421875,37.8197443181818
0.2842578125,43.8197443181818
0.284296875,44.8197443181818
0.2843359375,39.8197443181818
0.284375,28.8197443181818
0.2844140625,13.8197443181818
0.284453125,-4.18025568181815
0.2844921875,-21.1802556818182
0.28453125,-34.1802556818182
0.2845703125,-47.1802556818182
0.284609375,-59.1802556818182
0.2846484375,-75.1802556818182
0.2846875,-92.1802556818182
0.2847265625,-107.180255681818
0.284765625,-117.180255681818
0.2848046875,-124.180255681818
0.28484375,-129.180255681818
0.2848828125,-130.180255681818
0.284921875,-127.180255681818
0.2849609375,-119.180255681818
0.285,-107.180255681818
0.2850390625,-95.1802556818182
0.285078125,-81.1802556818182
0.2851171875,-70.1802556818182
0.28515625,-57.1802556818182
0.2851953125,-47.1802556818182
0.285234375,-38.1802556818182
0.2852734375,-30.1802556818182
0.2853125,-19.1802556818182
0.2853515625,-10.1802556818182
0.285390625,-2.18025568181815
0.2854296875,5.81974431818185
0.28546875,14.8197443181818
0.2855078125,27.8197443181818
0.285546875,41.8197443181818
0.2855859375,53.8197443181818
0.285625,61.8197443181818
0.2856640625,65.8197443181818
0.285703125,65.8197443181818
0.2857421875,61.8197443181818
0.28578125,58.8197443181818
0.2858203125,58.8197443181818
0.285859375,59.8197443181818
0.2858984375,62.8197443181818
0.2859375,64.8197443181818
0.2859765625,70.8197443181818
0.286015625,81.8197443181818
0.2860546875,93.8197443181818
0.28609375,104.819744318182
0.2861328125,114.819744318182
0.286171875,122.819744318182
0.2862109375,128.819744318182
0.28625,133.819744318182
0.2862890625,135.819744318182
0.286328125,130.819744318182
0.2863671875,121.819744318182
0.28640625,106.819744318182
0.2864453125,88.8197443181818
0.286484375,67.8197443181818
0.2865234375,45.8197443181818
0.2865625,21.8197443181818
0.2866015625,-2.18025568181815
0.286640625,-26.1802556818182
0.2866796875,-52.1802556818182
0.28671875,-76.1802556818182
0.2867578125,-94.1802556818182
0.286796875,-105.180255681818
0.2868359375,-111.180255681818
0.286875,-113.180255681818
0.2869140625,-115.180255681818
0.286953125,-114.180255681818
0.2869921875,-113.180255681818
0.28703125,-113.180255681818
0.2870703125,-110.180255681818
0.287109375,-103.180255681818
0.2871484375,-92.1802556818182
0.2871875,-77.1802556818182
0.2872265625,-62.1802556818182
0.287265625,-51.1802556818182
0.2873046875,-44.1802556818182
0.28734375,-40.1802556818182
0.2873828125,-36.1802556818182
0.287421875,-30.1802556818182
0.2874609375,-21.1802556818182
0.2875,-7.18025568181815
0.2875390625,8.81974431818185
0.287578125,24.8197443181818
0.2876171875,39.8197443181818
0.28765625,51.8197443181818
0.2876953125,58.8197443181818
0.287734375,58.8197443181818
0.2877734375,58.8197443181818
0.2878125,59.8197443181818
0.2878515625,57.8197443181818
0.287890625,60.8197443181818
0.2879296875,64.8197443181818
0.28796875,70.8197443181818
0.2880078125,75.8197443181818
0.288046875,78.8197443181818
0.2880859375,82.8197443181818
0.288125,88.8197443181818
0.2881640625,94.8197443181818
0.288203125,97.8197443181818
0.2882421875,96.8197443181818
0.28828125,94.8197443181818
0.2883203125,89.8197443181818
0.288359375,83.8197443181818
0.2883984375,74.8197443181818
0.2884375,63.8197443181818
0.2884765625,50.8197443181818
0.288515625,33.8197443181818
0.2885546875,12.8197443181818
0.28859375,-14.1802556818182
0.2886328125,-45.1802556818182
0.288671875,-77.1802556818182
0.2887109375,-108.180255681818
0.28875,-136.180255681818
0.2887890625,-161.180255681818
0.288828125,-181.180255681818
0.2888671875,-194.180255681818
0.28890625,-202.180255681818
0.2889453125,-202.180255681818
0.288984375,-196.180255681818
0.2890234375,-180.180255681818
0.2890625,-156.180255681818
0.2891015625,-129.180255681818
0.289140625,-99.1802556818182
0.2891796875,-73.1802556818182
0.28921875,-48.1802556818182
0.2892578125,-29.1802556818182
0.289296875,-14.1802556818182
0.2893359375,-3.18025568181815
0.289375,3.81974431818185
0.2894140625,12.8197443181818
0.289453125,23.8197443181818
0.2894921875,33.8197443181818
0.28953125,42.8197443181818
0.2895703125,49.8197443181818
0.289609375,58.8197443181818
0.2896484375,65.8197443181818
0.2896875,69.8197443181818
0.2897265625,72.8197443181818
0.289765625,74.8197443181818
0.2898046875,74.8197443181818
0.28984375,71.8197443181818
0.2898828125,64.8197443181818
0.289921875,54.8197443181818
0.2899609375,41.8197443181818
0.29,31.8197443181818
0.2900390625,23.8197443181818
0.290078125,18.8197443181818
0.2901171875,18.8197443181818
0.29015625,19.8197443181818
0.2901953125,23.8197443181818
0.290234375,26.8197443181818
0.2902734375,28.8197443181818
0.2903125,27.8197443181818
0.2903515625,27.8197443181818
0.290390625,27.8197443181818
0.2904296875,27.8197443181818
0.29046875,25.8197443181818
0.2905078125,21.8197443181818
0.290546875,14.8197443181818
0.2905859375,5.81974431818185
0.290625,-6.18025568181815
0.2906640625,-18.1802556818182
0.290703125,-28.1802556818182
0.2907421875,-34.1802556818182
0.29078125,-37.1802556818182
0.2908203125,-36.1802556818182
0.290859375,-34.1802556818182
0.2908984375,-30.1802556818182
0.2909375,-24.1802556818182
0.2909765625,-18.1802556818182
0.291015625,-11.1802556818182
0.2910546875,-3.18025568181815
0.29109375,4.81974431818185
0.2911328125,8.81974431818185
0.291171875,9.81974431818185
0.2912109375,8.81974431818185
0.29125,4.81974431818185
0.2912890625,-0.180255681818153
0.291328125,-3.18025568181815
0.2913671875,-2.18025568181815
0.29140625,2.81974431818185
0.2914453125,9.81974431818185
0.291484375,20.8197443181818
0.2915234375,31.8197443181818
0.2915625,42.8197443181818
0.2916015625,51.8197443181818
0.291640625,59.8197443181818
0.2916796875,65.8197443181818
0.29171875,67.8197443181818
0.2917578125,64.8197443181818
0.291796875,54.8197443181818
0.2918359375,37.8197443181818
0.291875,16.8197443181818
0.2919140625,-6.18025568181815
0.291953125,-29.1802556818182
0.2919921875,-47.1802556818182
0.29203125,-62.1802556818182
0.2920703125,-70.1802556818182
0.292109375,-72.1802556818182
0.2921484375,-71.1802556818182
0.2921875,-65.1802556818182
0.2922265625,-58.1802556818182
0.292265625,-47.1802556818182
0.2923046875,-34.1802556818182
0.29234375,-19.1802556818182
0.2923828125,-5.18025568181815
0.292421875,5.81974431818185
0.2924609375,15.8197443181818
0.2925,21.8197443181818
0.2925390625,23.8197443181818
0.292578125,26.8197443181818
0.2926171875,30.8197443181818
0.29265625,34.8197443181818
0.2926953125,41.8197443181818
0.292734375,45.8197443181818
0.2927734375,49.8197443181818
0.2928125,51.8197443181818
0.2928515625,50.8197443181818
0.292890625,47.8197443181818
0.2929296875,42.8197443181818
0.29296875,35.8197443181818
0.2930078125,27.8197443181818
0.293046875,19.8197443181818
0.2930859375,10.8197443181818
0.293125,2.81974431818185
0.2931640625,-7.18025568181815
0.293203125,-17.1802556818182
0.2932421875,-27.1802556818182
0.29328125,-36.1802556818182
0.2933203125,-42.1802556818182
0.293359375,-46.1802556818182
0.2933984375,-45.1802556818182
0.2934375,-43.1802556818182
0.2934765625,-40.1802556818182
0.293515625,-35.1802556818182
0.2935546875,-28.1802556818182
0.29359375,-20.1802556818182
0.2936328125,-10.1802556818182
0.293671875,-1.18025568181815
0.2937109375,8.81974431818185
0.29375,19.8197443181818
0.2937890625,28.8197443181818
0.293828125,32.8197443181818
0.2938671875,31.8197443181818
0.29390625,28.8197443181818
0.2939453125,24.8197443181818
0.293984375,21.8197443181818
0.2940234375,17.8197443181818
0.2940625,14.8197443181818
0.2941015625,9.81974431818185
0.294140625,4.81974431818185
0.2941796875,-0.180255681818153
0.29421875,-4.18025568181815
0.2942578125,-7.18025568181815
0.294296875,-9.18025568181815
0.2943359375,-11.1802556818182
0.294375,-14.1802556818182
0.2944140625,-17.1802556818182
0.294453125,-21.1802556818182
0.2944921875,-27.1802556818182
0.29453125,-34.1802556818182
0.2945703125,-42.1802556818182
0.294609375,-52.1802556818182
0.2946484375,-63.1802556818182
0.2946875,-70.1802556818182
0.2947265625,-70.1802556818182
0.294765625,-66.1802556818182
0.2948046875,-58.1802556818182
0.29484375,-51.1802556818182
0.2948828125,-44.1802556818182
0.294921875,-37.1802556818182
0.2949609375,-31.1802556818182
0.295,-24.1802556818182
0.2950390625,-18.1802556818182
0.295078125,-11.1802556818182
0.2951171875,-7.18025568181815
0.29515625,-6.18025568181815
0.2951953125,-4.18025568181815
0.295234375,-0.180255681818153
0.2952734375,8.81974431818185
0.2953125,18.8197443181818
0.2953515625,29.8197443181818
0.295390625,38.8197443181818
0.2954296875,45.8197443181818
0.29546875,51.8197443181818
0.2955078125,55.8197443181818
0.295546875,59.8197443181818
0.2955859375,62.8197443181818
0.295625,64.8197443181818
0.2956640625,64.8197443181818
0.295703125,63.8197443181818
0.2957421875,62.8197443181818
0.29578125,60.8197443181818
0.2958203125,56.8197443181818
0.295859375,49.8197443181818
0.2958984375,40.8197443181818
0.2959375,28.8197443181818
0.2959765625,16.8197443181818
0.296015625,6.81974431818185
0.2960546875,-6.18025568181815
0.29609375,-22.1802556818182
0.2961328125,-39.1802556818182
0.296171875,-53.1802556818182
0.2962109375,-61.1802556818182
0.29625,-64.1802556818182
0.2962890625,-62.1802556818182
0.296328125,-57.1802556818182
0.2963671875,-51.1802556818182
0.29640625,-43.1802556818182
0.2964453125,-36.1802556818182
0.296484375,-28.1802556818182
0.2965234375,-20.1802556818182
0.2965625,-15.1802556818182
0.2966015625,-10.1802556818182
0.296640625,-7.18025568181815
0.2966796875,-7.18025568181815
0.29671875,-5.18025568181815
0.2967578125,-0.180255681818153
0.296796875,6.81974431818185
0.2968359375,15.8197443181818
0.296875,25.8197443181818
0.2969140625,38.8197443181818
0.296953125,50.8197443181818
0.2969921875,59.8197443181818
0.29703125,63.8197443181818
0.2970703125,60.8197443181818
0.297109375,52.8197443181818
0.2971484375,43.8197443181818
0.2971875,32.8197443181818
0.2972265625,20.8197443181818
0.297265625,8.81974431818185
0.2973046875,-0.180255681818153
0.29734375,-5.18025568181815
0.2973828125,-7.18025568181815
0.297421875,-7.18025568181815
0.2974609375,-4.18025568181815
0.2975,1.81974431818185
0.2975390625,9.81974431818185
0.297578125,17.8197443181818
0.2976171875,27.8197443181818
0.29765625,34.8197443181818
0.2976953125,38.8197443181818
0.297734375,39.8197443181818
0.2977734375,37.8197443181818
0.2978125,30.8197443181818
0.2978515625,22.8197443181818
0.297890625,12.8197443181818
0.2979296875,3.81974431818185
0.29796875,-5.18025568181815
0.2980078125,-14.1802556818182
0.298046875,-24.1802556818182
0.2980859375,-35.1802556818182
0.298125,-47.1802556818182
0.2981640625,-56.1802556818182
0.298203125,-62.1802556818182
0.2982421875,-66.1802556818182
0.29828125,-69.1802556818182
0.2983203125,-71.1802556818182
0.298359375,-72.1802556818182
0.2983984375,-73.1802556818182
0.2984375,-71.1802556818182
0.2984765625,-66.1802556818182
0.298515625,-58.1802556818182
0.2985546875,-47.1802556818182
0.29859375,-37.1802556818182
0.2986328125,-29.1802556818182
0.298671875,-21.1802556818182
0.2987109375,-13.1802556818182
0.29875,-7.18025568181815
0.2987890625,-1.18025568181815
0.298828125,4.81974431818185
0.2988671875,11.8197443181818
0.29890625,19.8197443181818
0.2989453125,28.8197443181818
0.298984375,39.8197443181818
0.2990234375,50.8197443181818
0.2990625,57.8197443181818
0.2991015625,57.8197443181818
0.299140625,53.8197443181818
0.2991796875,44.8197443181818
0.29921875,33.8197443181818
0.2992578125,21.8197443181818
0.299296875,5.81974431818185
0.2993359375,-9.18025568181815
0.299375,-23.1802556818182
0.2994140625,-33.1802556818182
0.299453125,-34.1802556818182
0.2994921875,-27.1802556818182
0.29953125,-14.1802556818182
0.2995703125,2.81974431818185
0.299609375,19.8197443181818
0.2996484375,34.8197443181818
0.2996875,45.8197443181818
0.2997265625,55.8197443181818
0.299765625,60.8197443181818
0.2998046875,62.8197443181818
0.29984375,60.8197443181818
0.2998828125,53.8197443181818
0.299921875,43.8197443181818
0.2999609375,34.8197443181818
0.3,26.8197443181818
0.3000390625,18.8197443181818
0.300078125,12.8197443181818
0.3001171875,7.81974431818185
0.30015625,4.81974431818185
0.3001953125,3.81974431818185
0.300234375,4.81974431818185
0.3002734375,4.81974431818185
0.3003125,2.81974431818185
0.3003515625,-4.18025568181815
0.300390625,-16.1802556818182
0.3004296875,-28.1802556818182
0.30046875,-40.1802556818182
0.3005078125,-49.1802556818182
0.300546875,-55.1802556818182
0.3005859375,-58.1802556818182
0.300625,-62.1802556818182
0.3006640625,-60.1802556818182
0.300703125,-54.1802556818182
0.3007421875,-44.1802556818182
0.30078125,-30.1802556818182
0.3008203125,-15.1802556818182
0.300859375,-2.18025568181815
0.3008984375,7.81974431818185
0.3009375,14.8197443181818
0.3009765625,17.8197443181818
0.301015625,17.8197443181818
0.3010546875,15.8197443181818
0.30109375,10.8197443181818
0.3011328125,5.81974431818185
0.301171875,0.819744318181847
0.3012109375,-6.18025568181815
0.30125,-10.1802556818182
0.3012890625,-15.1802556818182
0.301328125,-20.1802556818182
0.3013671875,-24.1802556818182
0.30140625,-28.1802556818182
0.3014453125,-29.1802556818182
0.301484375,-24.1802556818182
0.3015234375,-17.1802556818182
0.3015625,-9.18025568181815
0.3016015625,0.819744318181847
0.301640625,8.81974431818185
0.3016796875,15.8197443181818
0.30171875,22.8197443181818
0.3017578125,28.8197443181818
0.301796875,33.8197443181818
0.3018359375,36.8197443181818
0.301875,35.8197443181818
0.3019140625,31.8197443181818
0.301953125,23.8197443181818
0.3019921875,17.8197443181818
0.30203125,10.8197443181818
0.3020703125,5.81974431818185
0.302109375,3.81974431818185
0.3021484375,3.81974431818185
0.3021875,4.81974431818185
0.3022265625,5.81974431818185
0.302265625,5.81974431818185
0.3023046875,5.81974431818185
0.30234375,3.81974431818185
0.3023828125,1.81974431818185
0.302421875,0.819744318181847
0.3024609375,-0.180255681818153
0.3025,-3.18025568181815
0.3025390625,-5.18025568181815
0.302578125,-8.18025568181815
0.3026171875,-11.1802556818182
0.30265625,-15.1802556818182
0.3026953125,-18.1802556818182
0.302734375,-19.1802556818182
0.3027734375,-16.1802556818182
0.3028125,-9.18025568181815
0.3028515625,-0.180255681818153
0.302890625,8.81974431818185
0.3029296875,15.8197443181818
0.30296875,20.8197443181818
0.3030078125,25.8197443181818
0.303046875,28.8197443181818
0.3030859375,30.8197443181818
0.303125,35.8197443181818
0.3031640625,37.8197443181818
0.303203125,36.8197443181818
0.3032421875,33.8197443181818
0.30328125,27.8197443181818
0.3033203125,19.8197443181818
0.303359375,7.81974431818185
0.3033984375,-3.18025568181815
0.3034375,-16.1802556818182
0.3034765625,-28.1802556818182
0.303515625,-41.1802556818182
0.3035546875,-52.1802556818182
0.30359375,-61.1802556818182
0.3036328125,-67.1802556818182
0.303671875,-67.1802556818182
0.3037109375,-62.1802556818182
0.30375,-52.1802556818182
0.3037890625,-38.1802556818182
0.303828125,-24.1802556818182
0.3038671875,-13.1802556818182
0.30390625,-4.18025568181815
0.3039453125,1.81974431818185
0.303984375,6.81974431818185
0.3040234375,9.81974431818185
0.3040625,13.8197443181818
0.3041015625,16.8197443181818
0.304140625,17.8197443181818
0.3041796875,16.8197443181818
0.30421875,15.8197443181818
0.3042578125,15.8197443181818
0.304296875,14.8197443181818
0.3043359375,12.8197443181818
0.304375,11.8197443181818
0.3044140625,12.8197443181818
0.304453125,11.8197443181818
0.3044921875,8.81974431818185
0.30453125,3.81974431818185
0.3045703125,-4.18025568181815
0.304609375,-14.1802556818182
0.3046484375,-21.1802556818182
0.3046875,-28.1802556818182
0.3047265625,-33.1802556818182
0.304765625,-36.1802556818182
0.3048046875,-35.1802556818182
0.30484375,-28.1802556818182
0.3048828125,-18.1802556818182
0.304921875,-6.18025568181815
0.3049609375,2.81974431818185
0.305,7.81974431818185
0.3050390625,15.8197443181818
0.305078125,25.8197443181818
0.3051171875,36.8197443181818
0.30515625,45.8197443181818
0.3051953125,52.8197443181818
0.305234375,53.8197443181818
0.3052734375,47.8197443181818
0.3053125,39.8197443181818
0.3053515625,31.8197443181818
0.305390625,29.8197443181818
0.3054296875,28.8197443181818
0.30546875,29.8197443181818
0.3055078125,33.8197443181818
0.305546875,40.8197443181818
0.3055859375,48.8197443181818
0.305625,51.8197443181818
0.3056640625,48.8197443181818
0.305703125,42.8197443181818
0.3057421875,35.8197443181818
0.30578125,33.8197443181818
0.3058203125,34.8197443181818
0.305859375,37.8197443181818
0.3058984375,38.8197443181818
0.3059375,37.8197443181818
0.3059765625,32.8197443181818
0.306015625,23.8197443181818
0.3060546875,15.8197443181818
0.30609375,6.81974431818185
0.3061328125,-1.18025568181815
0.306171875,-9.18025568181815
0.3062109375,-19.1802556818182
0.30625,-28.1802556818182
0.3062890625,-35.1802556818182
0.306328125,-40.1802556818182
0.3063671875,-48.1802556818182
0.30640625,-57.1802556818182
0.3064453125,-69.1802556818182
0.306484375,-79.1802556818182
0.3065234375,-88.1802556818182
0.3065625,-97.1802556818182
0.3066015625,-107.180255681818
0.306640625,-116.180255681818
0.3066796875,-121.180255681818
0.30671875,-123.180255681818
0.3067578125,-122.180255681818
0.306796875,-119.180255681818
0.3068359375,-113.180255681818
0.306875,-103.180255681818
0.3069140625,-92.1802556818182
0.306953125,-80.1802556818182
0.3069921875,-66.1802556818182
0.30703125,-51.1802556818182
0.3070703125,-34.1802556818182
0.307109375,-17.1802556818182
0.3071484375,-3.18025568181815
0.3071875,5.81974431818185
0.3072265625,11.8197443181818
0.307265625,16.8197443181818
0.3073046875,21.8197443181818
0.30734375,29.8197443181818
0.3073828125,42.8197443181818
0.307421875,58.8197443181818
0.3074609375,77.8197443181818
0.3075,95.8197443181818
0.3075390625,111.819744318182
0.307578125,124.819744318182
0.3076171875,131.819744318182
0.30765625,135.819744318182
0.3076953125,138.819744318182
0.307734375,137.819744318182
0.3077734375,132.819744318182
0.3078125,121.819744318182
0.3078515625,106.819744318182
0.307890625,85.8197443181818
0.3079296875,62.8197443181818
0.30796875,36.8197443181818
0.3080078125,15.8197443181818
0.308046875,-1.18025568181815
0.3080859375,-15.1802556818182
0.308125,-25.1802556818182
0.3081640625,-27.1802556818182
0.308203125,-24.1802556818182
0.3082421875,-21.1802556818182
0.30828125,-19.1802556818182
0.3083203125,-18.1802556818182
0.308359375,-22.1802556818182
0.3083984375,-32.1802556818182
0.3084375,-44.1802556818182
0.3084765625,-56.1802556818182
0.308515625,-66.1802556818182
0.3085546875,-76.1802556818182
0.30859375,-82.1802556818182
0.3086328125,-86.1802556818182
0.308671875,-87.1802556818182
0.3087109375,-86.1802556818182
0.30875,-83.1802556818182
0.3087890625,-76.1802556818182
0.308828125,-66.1802556818182
0.3088671875,-52.1802556818182
0.30890625,-35.1802556818182
0.3089453125,-14.1802556818182
0.308984375,7.81974431818185
0.3090234375,30.8197443181818
0.3090625,54.8197443181818
0.3091015625,79.8197443181818
0.309140625,100.819744318182
0.3091796875,117.819744318182
0.30921875,129.819744318182
0.3092578125,135.819744318182
0.309296875,132.819744318182
0.3093359375,127.819744318182
0.309375,117.819744318182
0.3094140625,106.819744318182
0.309453125,93.8197443181818
0.3094921875,80.8197443181818
0.30953125,68.8197443181818
0.3095703125,55.8197443181818
0.309609375,42.8197443181818
0.3096484375,31.8197443181818
0.3096875,22.8197443181818
0.3097265625,15.8197443181818
0.309765625,9.81974431818185
0.3098046875,1.81974431818185
0.30984375,-7.18025568181815
0.3098828125,-18.1802556818182
0.309921875,-31.1802556818182
0.3099609375,-42.1802556818182
0.31,-55.1802556818182
0.3100390625,-67.1802556818182
0.310078125,-77.1802556818182
0.3101171875,-87.1802556818182
0.31015625,-93.1802556818182
0.3101953125,-96.1802556818182
0.310234375,-96.1802556818182
0.3102734375,-93.1802556818182
0.3103125,-90.1802556818182
0.3103515625,-88.1802556818182
0.310390625,-88.1802556818182
0.3104296875,-90.1802556818182
0.31046875,-94.1802556818182
0.3105078125,-97.1802556818182
0.310546875,-102.180255681818
0.3105859375,-107.180255681818
0.310625,-108.180255681818
0.3106640625,-103.180255681818
0.310703125,-95.1802556818182
0.3107421875,-87.1802556818182
0.31078125,-79.1802556818182
0.3108203125,-73.1802556818182
0.310859375,-65.1802556818182
0.3108984375,-55.1802556818182
0.3109375,-42.1802556818182
0.3109765625,-26.1802556818182
0.311015625,-8.18025568181815
0.3110546875,8.81974431818185
0.31109375,25.8197443181818
0.3111328125,40.8197443181818
0.311171875,55.8197443181818
0.3112109375,70.8197443181818
0.31125,84.8197443181818
0.3112890625,95.8197443181818
0.311328125,106.819744318182
0.3113671875,116.819744318182
0.31140625,124.819744318182
0.3114453125,129.819744318182
0.311484375,130.819744318182
0.3115234375,128.819744318182
0.3115625,126.819744318182
0.3116015625,120.819744318182
0.311640625,113.819744318182
0.3116796875,101.819744318182
0.31171875,86.8197443181818
0.3117578125,68.8197443181818
0.311796875,48.8197443181818
0.3118359375,27.8197443181818
0.311875,8.81974431818185
0.3119140625,-8.18025568181815
0.311953125,-24.1802556818182
0.3119921875,-38.1802556818182
0.31203125,-49.1802556818182
0.3120703125,-58.1802556818182
0.312109375,-63.1802556818182
0.3121484375,-62.1802556818182
0.3121875,-57.1802556818182
0.3122265625,-51.1802556818182
0.312265625,-43.1802556818182
0.3123046875,-37.1802556818182
0.31234375,-30.1802556818182
0.3123828125,-25.1802556818182
0.312421875,-23.1802556818182
0.3124609375,-23.1802556818182
0.3125,-25.1802556818182
0.3125390625,-27.1802556818182
0.312578125,-32.1802556818182
0.3126171875,-35.1802556818182
0.31265625,-40.1802556818182
0.3126953125,-44.1802556818182
0.312734375,-47.1802556818182
0.3127734375,-50.1802556818182
0.3128125,-50.1802556818182
0.3128515625,-48.1802556818182
0.312890625,-42.1802556818182
0.3129296875,-33.1802556818182
0.31296875,-22.1802556818182
0.3130078125,-11.1802556818182
0.313046875,0.819744318181847
0.3130859375,15.8197443181818
0.313125,31.8197443181818
0.3131640625,49.8197443181818
0.313203125,64.8197443181818
0.3132421875,76.8197443181818
0.31328125,83.8197443181818
0.3133203125,89.8197443181818
0.313359375,90.8197443181818
0.3133984375,91.8197443181818
0.3134375,91.8197443181818
0.3134765625,91.8197443181818
0.313515625,91.8197443181818
0.3135546875,92.8197443181818
0.31359375,91.8197443181818
0.3136328125,89.8197443181818
0.313671875,84.8197443181818
0.3137109375,76.8197443181818
0.31375,63.8197443181818
0.3137890625,47.8197443181818
0.313828125,28.8197443181818
0.3138671875,8.81974431818185
0.31390625,-15.1802556818182
0.3139453125,-40.1802556818182
0.313984375,-67.1802556818182
0.3140234375,-93.1802556818182
0.3140625,-118.180255681818
0.3141015625,-135.180255681818
0.314140625,-143.180255681818
0.3141796875,-142.180255681818
0.31421875,-135.180255681818
0.3142578125,-121.180255681818
0.314296875,-107.180255681818
0.3143359375,-91.1802556818182
0.314375,-76.1802556818182
0.3144140625,-60.1802556818182
0.314453125,-46.1802556818182
0.3144921875,-32.1802556818182
0.31453125,-18.1802556818182
0.3145703125,-6.18025568181815
0.314609375,5.81974431818185
0.3146484375,17.8197443181818
0.3146875,28.8197443181818
0.3147265625,39.8197443181818
0.314765625,52.8197443181818
0.3148046875,64.8197443181818
0.31484375,75.8197443181818
0.3148828125,84.8197443181818
0.314921875,90.8197443181818
0.3149609375,91.8197443181818
0.315,88.8197443181818
0.3150390625,78.8197443181818
0.315078125,63.8197443181818
0.3151171875,46.8197443181818
0.31515625,28.8197443181818
0.3151953125,12.8197443181818
0.315234375,-3.18025568181815
0.3152734375,-18.1802556818182
0.3153125,-30.1802556818182
0.3153515625,-40.1802556818182
0.315390625,-46.1802556818182
0.3154296875,-48.1802556818182
0.31546875,-44.1802556818182
0.3155078125,-38.1802556818182
0.315546875,-31.1802556818182
0.3155859375,-25.1802556818182
0.315625,-21.1802556818182
0.3156640625,-17.1802556818182
0.315703125,-17.1802556818182
0.3157421875,-18.1802556818182
0.31578125,-18.1802556818182
0.3158203125,-19.1802556818182
0.315859375,-21.1802556818182
0.3158984375,-24.1802556818182
0.3159375,-26.1802556818182
0.3159765625,-29.1802556818182
0.316015625,-31.1802556818182
0.3160546875,-33.1802556818182
0.31609375,-32.1802556818182
0.3161328125,-29.1802556818182
0.316171875,-25.1802556818182
0.3162109375,-19.1802556818182
0.31625,-12.1802556818182
0.3162890625,-4.18025568181815
0.316328125,2.81974431818185
0.3163671875,12.8197443181818
0.31640625,21.8197443181818
0.3164453125,27.8197443181818
0.316484375,32.8197443181818
0.3165234375,35.8197443181818
0.3165625,34.8197443181818
0.3166015625,31.8197443181818
0.316640625,27.8197443181818
0.3166796875,22.8197443181818
0.31671875,19.8197443181818
0.3167578125,17.8197443181818
0.316796875,18.8197443181818
0.3168359375,21.8197443181818
0.316875,25.8197443181818
0.3169140625,28.8197443181818
0.316953125,31.8197443181818
0.3169921875,32.8197443181818
0.31703125,29.8197443181818
0.3170703125,24.8197443181818
0.317109375,18.8197443181818
0.3171484375,11.8197443181818
0.3171875,4.81974431818185
0.3172265625,-3.18025568181815
0.317265625,-12.1802556818182
0.3173046875,-20.1802556818182
0.31734375,-27.1802556818182
0.3173828125,-31.1802556818182
0.317421875,-30.1802556818182
0.3174609375,-24.1802556818182
0.3175,-16.1802556818182
0.3175390625,-5.18025568181815
0.317578125,5.81974431818185
0.3176171875,12.8197443181818
0.31765625,18.8197443181818
0.3176953125,23.8197443181818
0.317734375,25.8197443181818
0.3177734375,26.8197443181818
0.3178125,23.8197443181818
0.3178515625,18.8197443181818
0.317890625,13.8197443181818
0.3179296875,6.81974431818185
0.31796875,0.819744318181847
0.3180078125,-3.18025568181815
0.318046875,-5.18025568181815
0.3180859375,-7.18025568181815
0.318125,-8.18025568181815
0.3181640625,-9.18025568181815
0.318203125,-14.1802556818182
0.3182421875,-20.1802556818182
0.31828125,-27.1802556818182
0.3183203125,-33.1802556818182
0.318359375,-35.1802556818182
0.3183984375,-33.1802556818182
0.3184375,-29.1802556818182
0.3184765625,-20.1802556818182
0.318515625,-12.1802556818182
0.3185546875,-5.18025568181815
0.31859375,0.819744318181847
0.3186328125,4.81974431818185
0.318671875,7.81974431818185
0.3187109375,9.81974431818185
0.31875,10.8197443181818
0.3187890625,10.8197443181818
0.318828125,8.81974431818185
0.3188671875,5.81974431818185
0.31890625,2.81974431818185
0.3189453125,1.81974431818185
0.318984375,4.81974431818185
0.3190234375,8.81974431818185
0.3190625,14.8197443181818
0.3191015625,20.8197443181818
0.319140625,27.8197443181818
0.3191796875,33.8197443181818
0.31921875,37.8197443181818
0.3192578125,36.8197443181818
0.319296875,28.8197443181818
0.3193359375,15.8197443181818
0.319375,1.81974431818185
0.3194140625,-12.1802556818182
0.319453125,-22.1802556818182
0.3194921875,-28.1802556818182
0.31953125,-30.1802556818182
0.3195703125,-30.1802556818182
0.319609375,-29.1802556818182
0.3196484375,-24.1802556818182
0.3196875,-16.1802556818182
0.3197265625,-9.18025568181815
0.319765625,-3.18025568181815
0.3198046875,-2.18025568181815
0.31984375,-6.18025568181815
0.3198828125,-12.1802556818182
0.319921875,-19.1802556818182
0.3199609375,-27.1802556818182
0.32,-35.1802556818182
0.3200390625,-41.1802556818182
0.320078125,-42.1802556818182
0.3201171875,-41.1802556818182
0.32015625,-37.1802556818182
0.3201953125,-28.1802556818182
0.320234375,-17.1802556818182
0.3202734375,-8.18025568181815
0.3203125,1.81974431818185
0.3203515625,8.81974431818185
0.320390625,17.8197443181818
0.3204296875,26.8197443181818
0.32046875,35.8197443181818
0.3205078125,39.8197443181818
0.320546875,41.8197443181818
0.3205859375,40.8197443181818
0.320625,37.8197443181818
0.3206640625,35.8197443181818
0.320703125,35.8197443181818
0.3207421875,35.8197443181818
0.32078125,33.8197443181818
0.3208203125,30.8197443181818
0.320859375,25.8197443181818
0.3208984375,19.8197443181818
0.3209375,12.8197443181818
0.3209765625,8.81974431818185
0.321015625,3.81974431818185
0.3210546875,0.819744318181847
0.32109375,-5.18025568181815
0.3211328125,-10.1802556818182
0.321171875,-14.1802556818182
0.3212109375,-16.1802556818182
0.32125,-17.1802556818182
0.3212890625,-17.1802556818182
0.321328125,-18.1802556818182
0.3213671875,-19.1802556818182
0.32140625,-20.1802556818182
0.3214453125,-20.1802556818182
0.321484375,-22.1802556818182
0.3215234375,-22.1802556818182
0.3215625,-22.1802556818182
0.3216015625,-22.1802556818182
0.321640625,-18.1802556818182
0.3216796875,-12.1802556818182
0.32171875,-3.18025568181815
0.3217578125,6.81974431818185
0.321796875,15.8197443181818
0.3218359375,23.8197443181818
0.321875,29.8197443181818
0.3219140625,35.8197443181818
0.321953125,39.8197443181818
0.3219921875,41.8197443181818
0.32203125,41.8197443181818
0.3220703125,35.8197443181818
0.322109375,29.8197443181818
0.3221484375,21.8197443181818
0.3221875,12.8197443181818
0.3222265625,3.81974431818185
0.322265625,-2.18025568181815
0.3223046875,-7.18025568181815
0.32234375,-11.1802556818182
0.3223828125,-13.1802556818182
0.322421875,-13.1802556818182
0.3224609375,-11.1802556818182
0.3225,-10.1802556818182
0.3225390625,-10.1802556818182
0.322578125,-12.1802556818182
0.3226171875,-13.1802556818182
0.32265625,-16.1802556818182
0.3226953125,-19.1802556818182
0.322734375,-20.1802556818182
0.3227734375,-21.1802556818182
0.3228125,-21.1802556818182
0.3228515625,-23.1802556818182
0.322890625,-24.1802556818182
0.3229296875,-22.1802556818182
0.32296875,-18.1802556818182
0.3230078125,-11.1802556818182
0.323046875,-5.18025568181815
0.3230859375,-1.18025568181815
0.323125,-3.18025568181815
0.3231640625,-7.18025568181815
0.323203125,-14.1802556818182
0.3232421875,-21.1802556818182
0.32328125,-27.1802556818182
0.3233203125,-33.1802556818182
0.323359375,-38.1802556818182
0.3233984375,-39.1802556818182
0.3234375,-39.1802556818182
0.3234765625,-38.1802556818182
0.323515625,-31.1802556818182
0.3235546875,-21.1802556818182
0.32359375,-9.18025568181815
0.3236328125,4.81974431818185
0.323671875,16.8197443181818
0.3237109375,29.8197443181818
0.32375,40.8197443181818
0.3237890625,50.8197443181818
0.323828125,57.8197443181818
0.3238671875,58.8197443181818
0.32390625,58.8197443181818
0.3239453125,57.8197443181818
0.323984375,58.8197443181818
0.3240234375,56.8197443181818
0.3240625,52.8197443181818
0.3241015625,47.8197443181818
0.324140625,40.8197443181818
0.3241796875,34.8197443181818
0.32421875,31.8197443181818
0.3242578125,30.8197443181818
0.324296875,30.8197443181818
0.3243359375,29.8197443181818
0.324375,25.8197443181818
0.3244140625,16.8197443181818
0.324453125,7.81974431818185
0.3244921875,-4.18025568181815
0.32453125,-17.1802556818182
0.3245703125,-30.1802556818182
0.324609375,-43.1802556818182
0.3246484375,-55.1802556818182
0.3246875,-66.1802556818182
0.3247265625,-76.1802556818182
0.324765625,-81.1802556818182
0.3248046875,-80.1802556818182
0.32484375,-74.1802556818182
0.3248828125,-66.1802556818182
0.324921875,-53.1802556818182
0.3249609375,-36.1802556818182
0.325,-18.1802556818182
0.3250390625,-3.18025568181815
0.325078125,9.81974431818185
0.3251171875,16.8197443181818
0.32515625,22.8197443181818
0.3251953125,27.8197443181818
0.325234375,31.8197443181818
0.3252734375,34.8197443181818
0.3253125,36.8197443181818
0.3253515625,34.8197443181818
0.325390625,33.8197443181818
0.3254296875,33.8197443181818
0.32546875,31.8197443181818
0.3255078125,28.8197443181818
0.325546875,23.8197443181818
0.3255859375,18.8197443181818
0.325625,13.8197443181818
0.3256640625,7.81974431818185
0.325703125,1.81974431818185
0.3257421875,-5.18025568181815
0.32578125,-15.1802556818182
0.3258203125,-26.1802556818182
0.325859375,-33.1802556818182
0.3258984375,-36.1802556818182
0.3259375,-34.1802556818182
0.3259765625,-30.1802556818182
0.326015625,-25.1802556818182
0.3260546875,-19.1802556818182
0.32609375,-14.1802556818182
0.3261328125,-11.1802556818182
0.326171875,-5.18025568181815
0.3262109375,3.81974431818185
0.32625,11.8197443181818
0.3262890625,13.8197443181818
0.326328125,12.8197443181818
0.3263671875,9.81974431818185
0.32640625,8.81974431818185
0.3264453125,8.81974431818185
0.326484375,11.8197443181818
0.3265234375,13.8197443181818
0.3265625,14.8197443181818
0.3266015625,14.8197443181818
0.326640625,11.8197443181818
0.3266796875,9.81974431818185
0.32671875,6.81974431818185
0.3267578125,2.81974431818185
0.326796875,-0.180255681818153
0.3268359375,0.819744318181847
0.326875,5.81974431818185
0.3269140625,11.8197443181818
0.326953125,16.8197443181818
0.3269921875,18.8197443181818
0.32703125,18.8197443181818
0.3270703125,16.8197443181818
0.327109375,14.8197443181818
0.3271484375,17.8197443181818
0.3271875,23.8197443181818
0.3272265625,31.8197443181818
0.327265625,37.8197443181818
0.3273046875,38.8197443181818
0.32734375,34.8197443181818
0.3273828125,29.8197443181818
0.327421875,25.8197443181818
0.3274609375,20.8197443181818
0.3275,13.8197443181818
0.3275390625,6.81974431818185
0.327578125,-3.18025568181815
0.3276171875,-13.1802556818182
0.32765625,-22.1802556818182
0.3276953125,-31.1802556818182
0.327734375,-41.1802556818182
0.3277734375,-52.1802556818182
0.3278125,-58.1802556818182
0.3278515625,-61.1802556818182
0.327890625,-62.1802556818182
0.3279296875,-62.1802556818182
0.32796875,-63.1802556818182
0.3280078125,-68.1802556818182
0.328046875,-74.1802556818182
0.3280859375,-80.1802556818182
0.328125,-83.1802556818182
0.3281640625,-84.1802556818182
0.328203125,-82.1802556818182
0.3282421875,-77.1802556818182
0.32828125,-70.1802556818182
0.3283203125,-62.1802556818182
0.328359375,-54.1802556818182
0.3283984375,-45.1802556818182
0.3284375,-35.1802556818182
0.3284765625,-24.1802556818182
0.328515625,-12.1802556818182
0.3285546875,-0.180255681818153
0.32859375,14.8197443181818
0.3286328125,26.8197443181818
0.328671875,40.8197443181818
0.3287109375,52.8197443181818
0.32875,61.8197443181818
0.3287890625,69.8197443181818
0.328828125,76.8197443181818
0.3288671875,85.8197443181818
0.32890625,94.8197443181818
0.3289453125,106.819744318182
0.328984375,117.819744318182
0.3290234375,128.819744318182
0.3290625,138.819744318182
0.3291015625,145.819744318182
0.329140625,150.819744318182
0.3291796875,152.819744318182
0.32921875,150.819744318182
0.3292578125,143.819744318182
0.329296875,129.819744318182
0.3293359375,110.819744318182
0.329375,86.8197443181818
0.3294140625,60.8197443181818
0.329453125,36.8197443181818
0.3294921875,12.8197443181818
0.32953125,-10.1802556818182
0.3295703125,-31.1802556818182
0.329609375,-50.1802556818182
0.3296484375,-69.1802556818182
0.3296875,-89.1802556818182
0.3297265625,-105.180255681818
0.329765625,-120.180255681818
0.3298046875,-137.180255681818
0.32984375,-153.180255681818
0.3298828125,-167.180255681818
0.329921875,-176.180255681818
0.3299609375,-179.180255681818
0.33,-180.180255681818
0.3300390625,-177.180255681818
0.330078125,-170.180255681818
0.3301171875,-163.180255681818
0.33015625,-150.180255681818
0.3301953125,-129.180255681818
0.330234375,-103.180255681818
0.3302734375,-75.1802556818182
0.3303125,-41.1802556818182
0.3303515625,-4.18025568181815
0.330390625,35.8197443181818
0.3304296875,74.8197443181818
0.33046875,110.819744318182
0.3305078125,141.819744318182
0.330546875,162.819744318182
0.3305859375,171.819744318182
0.330625,169.819744318182
0.3306640625,165.819744318182
0.330703125,161.819744318182
0.3307421875,161.819744318182
0.33078125,162.819744318182
0.3308203125,160.819744318182
0.330859375,155.819744318182
0.3308984375,147.819744318182
0.3309375,138.819744318182
0.3309765625,126.819744318182
0.331015625,110.819744318182
0.3310546875,89.8197443181818
0.33109375,66.8197443181818
0.3311328125,40.8197443181818
0.331171875,13.8197443181818
0.3312109375,-16.1802556818182
0.33125,-48.1802556818182
0.3312890625,-81.1802556818182
0.331328125,-110.180255681818
0.3313671875,-133.180255681818
0.33140625,-153.180255681818
0.3314453125,-169.180255681818
0.331484375,-179.180255681818
0.3315234375,-184.180255681818
0.3315625,-185.180255681818
0.3316015625,-183.180255681818
0.331640625,-180.180255681818
0.3316796875,-176.180255681818
0.33171875,-169.180255681818
0.3317578125,-160.180255681818
0.331796875,-147.180255681818
0.3318359375,-130.180255681818
0.331875,-112.180255681818
0.3319140625,-93.1802556818182
0.331953125,-72.1802556818182
0.3319921875,-49.1802556818182
0.33203125,-24.1802556818182
0.3320703125,3.81974431818185
0.332109375,29.8197443181818
0.3321484375,55.8197443181818
0.3321875,78.8197443181818
0.3322265625,99.8197443181818
0.332265625,118.819744318182
0.3323046875,134.819744318182
0.33234375,147.819744318182
0.3323828125,157.819744318182
0.332421875,163.819744318182
0.3324609375,166.819744318182
0.3325,165.819744318182
0.3325390625,158.819744318182
0.332578125,147.819744318182
0.3326171875,132.819744318182
0.33265625,114.819744318182
0.3326953125,94.8197443181818
0.332734375,71.8197443181818
0.3327734375,50.8197443181818
0.3328125,26.8197443181818
0.3328515625,3.81974431818185
0.332890625,-18.1802556818182
0.3329296875,-38.1802556818182
0.33296875,-56.1802556818182
0.3330078125,-66.1802556818182
0.333046875,-70.1802556818182
0.3330859375,-69.1802556818182
0.333125,-66.1802556818182
0.3331640625,-61.1802556818182
0.333203125,-56.1802556818182
0.3332421875,-50.1802556818182
0.33328125,-44.1802556818182
0.3333203125,-37.1802556818182
0.333359375,-30.1802556818182
0.3333984375,-22.1802556818182
0.3334375,-16.1802556818182
0.3334765625,-12.1802556818182
0.333515625,-11.1802556818182
0.3335546875,-11.1802556818182
0.33359375,-11.1802556818182
0.3336328125,-12.1802556818182
0.333671875,-12.1802556818182
0.3337109375,-13.1802556818182
0.33375,-14.1802556818182
0.3337890625,-17.1802556818182
0.333828125,-21.1802556818182
0.3338671875,-25.1802556818182
0.33390625,-31.1802556818182
0.3339453125,-35.1802556818182
0.333984375,-39.1802556818182
0.3340234375,-42.1802556818182
0.3340625,-40.1802556818182
0.3341015625,-35.1802556818182
0.334140625,-26.1802556818182
0.3341796875,-16.1802556818182
0.33421875,-5.18025568181815
0.3342578125,6.81974431818185
0.334296875,21.8197443181818
0.3343359375,34.8197443181818
0.334375,45.8197443181818
0.3344140625,55.8197443181818
0.334453125,61.8197443181818
0.3344921875,66.8197443181818
0.33453125,68.8197443181818
0.3345703125,67.8197443181818
0.334609375,66.8197443181818
0.3346484375,65.8197443181818
0.3346875,65.8197443181818
0.3347265625,67.8197443181818
0.334765625,67.8197443181818
0.3348046875,65.8197443181818
0.33484375,59.8197443181818
0.3348828125,49.8197443181818
0.334921875,37.8197443181818
0.3349609375,24.8197443181818
0.335,11.8197443181818
0.3350390625,-1.18025568181815
0.335078125,-12.1802556818182
0.3351171875,-21.1802556818182
0.33515625,-29.1802556818182
0.3351953125,-37.1802556818182
0.335234375,-46.1802556818182
0.3352734375,-53.1802556818182
0.3353125,-60.1802556818182
0.3353515625,-66.1802556818182
0.335390625,-74.1802556818182
0.3354296875,-84.1802556818182
0.33546875,-93.1802556818182
0.3355078125,-100.180255681818
0.335546875,-105.180255681818
0.3355859375,-104.180255681818
0.335625,-96.1802556818182
0.3356640625,-83.1802556818182
0.335703125,-66.1802556818182
0.3357421875,-45.1802556818182
0.33578125,-23.1802556818182
0.3358203125,-0.180255681818153
0.335859375,20.8197443181818
0.3358984375,37.8197443181818
0.3359375,51.8197443181818
0.3359765625,63.8197443181818
0.336015625,69.8197443181818
0.3360546875,71.8197443181818
0.33609375,67.8197443181818
0.3361328125,61.8197443181818
0.336171875,55.8197443181818
0.3362109375,51.8197443181818
0.33625,51.8197443181818
0.3362890625,56.8197443181818
0.336328125,66.8197443181818
0.3363671875,77.8197443181818
0.33640625,84.8197443181818
0.3364453125,89.8197443181818
0.336484375,87.8197443181818
0.3365234375,79.8197443181818
0.3365625,67.8197443181818
0.3366015625,50.8197443181818
0.336640625,29.8197443181818
0.3366796875,5.81974431818185
0.33671875,-19.1802556818182
0.3367578125,-43.1802556818182
0.336796875,-64.1802556818182
0.3368359375,-84.1802556818182
0.336875,-98.1802556818182
0.3369140625,-108.180255681818
0.336953125,-112.180255681818
0.3369921875,-110.180255681818
0.33703125,-104.180255681818
0.3370703125,-95.1802556818182
0.337109375,-84.1802556818182
0.3371484375,-74.1802556818182
0.3371875,-66.1802556818182
0.3372265625,-59.1802556818182
0.337265625,-51.1802556818182
0.3373046875,-44.1802556818182
0.33734375,-37.1802556818182
0.3373828125,-29.1802556818182
0.337421875,-23.1802556818182
0.3374609375,-15.1802556818182
0.3375,-7.18025568181815
0.3375390625,-0.180255681818153
0.337578125,10.8197443181818
0.3376171875,21.8197443181818
0.33765625,35.8197443181818
0.3376953125,48.8197443181818
0.337734375,60.8197443181818
0.3377734375,68.8197443181818
0.3378125,72.8197443181818
0.3378515625,73.8197443181818
0.337890625,72.8197443181818
0.3379296875,71.8197443181818
0.33796875,70.8197443181818
0.3380078125,68.8197443181818
0.338046875,66.8197443181818
0.3380859375,61.8197443181818
0.338125,53.8197443181818
0.3381640625,43.8197443181818
0.338203125,33.8197443181818
0.3382421875,27.8197443181818
0.33828125,23.8197443181818
0.3383203125,21.8197443181818
0.338359375,20.8197443181818
0.3383984375,19.8197443181818
0.3384375,18.8197443181818
0.3384765625,17.8197443181818
0.338515625,12.8197443181818
0.3385546875,6.81974431818185
0.33859375,-2.18025568181815
0.3386328125,-13.1802556818182
0.338671875,-23.1802556818182
0.3387109375,-35.1802556818182
0.33875,-43.1802556818182
0.3387890625,-51.1802556818182
0.338828125,-56.1802556818182
0.3388671875,-57.1802556818182
0.33890625,-54.1802556818182
0.3389453125,-47.1802556818182
0.338984375,-39.1802556818182
0.3390234375,-30.1802556818182
0.3390625,-23.1802556818182
0.3391015625,-19.1802556818182
0.339140625,-21.1802556818182
0.3391796875,-27.1802556818182
0.33921875,-33.1802556818182
0.3392578125,-39.1802556818182
0.339296875,-44.1802556818182
0.3393359375,-49.1802556818182
0.339375,-54.1802556818182
0.3394140625,-60.1802556818182
0.339453125,-61.1802556818182
0.3394921875,-59.1802556818182
0.33953125,-51.1802556818182
0.3395703125,-36.1802556818182
0.339609375,-19.1802556818182
0.3396484375,1.81974431818185
0.3396875,22.8197443181818
0.3397265625,40.8197443181818
0.339765625,56.8197443181818
0.3398046875,69.8197443181818
0.33984375,78.8197443181818
0.3398828125,84.8197443181818
0.339921875,89.8197443181818
0.3399609375,91.8197443181818
0.34,92.8197443181818
0.3400390625,94.8197443181818
0.340078125,92.8197443181818
0.3401171875,86.8197443181818
0.34015625,79.8197443181818
0.3401953125,70.8197443181818
0.340234375,60.8197443181818
0.3402734375,49.8197443181818
0.3403125,39.8197443181818
0.3403515625,25.8197443181818
0.340390625,8.81974431818185
0.3404296875,-10.1802556818182
0.34046875,-30.1802556818182
0.3405078125,-48.1802556818182
0.340546875,-63.1802556818182
0.3405859375,-75.1802556818182
0.340625,-85.1802556818182
0.3406640625,-92.1802556818182
0.340703125,-98.1802556818182
0.3407421875,-99.1802556818182
0.34078125,-97.1802556818182
0.3408203125,-92.1802556818182
0.340859375,-83.1802556818182
0.3408984375,-74.1802556818182
0.3409375,-65.1802556818182
0.3409765625,-55.1802556818182
0.341015625,-46.1802556818182
0.3410546875,-38.1802556818182
0.34109375,-31.1802556818182
0.3411328125,-24.1802556818182
0.341171875,-17.1802556818182
0.3412109375,-9.18025568181815
0.34125,1.81974431818185
0.3412890625,14.8197443181818
0.341328125,28.8197443181818
0.3413671875,39.8197443181818
0.34140625,48.8197443181818
0.3414453125,57.8197443181818
0.341484375,65.8197443181818
0.3415234375,74.8197443181818
0.3415625,84.8197443181818
0.3416015625,93.8197443181818
0.341640625,98.8197443181818
0.3416796875,98.8197443181818
0.34171875,94.8197443181818
0.3417578125,88.8197443181818
0.341796875,81.8197443181818
0.3418359375,76.8197443181818
0.341875,69.8197443181818
0.3419140625,59.8197443181818
0.341953125,46.8197443181818
0.3419921875,29.8197443181818
0.34203125,13.8197443181818
0.3420703125,-4.18025568181815
0.342109375,-22.1802556818182
0.3421484375,-39.1802556818182
0.3421875,-56.1802556818182
0.3422265625,-72.1802556818182
0.342265625,-84.1802556818182
0.3423046875,-94.1802556818182
0.34234375,-98.1802556818182
0.3423828125,-100.180255681818
0.342421875,-100.180255681818
0.3424609375,-97.1802556818182
0.3425,-89.1802556818182
0.3425390625,-77.1802556818182
0.342578125,-64.1802556818182
0.3426171875,-47.1802556818182
0.34265625,-31.1802556818182
0.3426953125,-16.1802556818182
0.342734375,-4.18025568181815
0.3427734375,3.81974431818185
0.3428125,7.81974431818185
0.3428515625,10.8197443181818
0.342890625,10.8197443181818
0.3429296875,9.81974431818185
0.34296875,10.8197443181818
0.3430078125,10.8197443181818
0.343046875,14.8197443181818
0.3430859375,23.8197443181818
0.343125,34.8197443181818
0.3431640625,48.8197443181818
0.343203125,60.8197443181818
0.3432421875,68.8197443181818
0.34328125,71.8197443181818
0.3433203125,71.8197443181818
0.343359375,63.8197443181818
0.3433984375,51.8197443181818
0.3434375,38.8197443181818
0.3434765625,22.8197443181818
0.343515625,7.81974431818185
0.3435546875,-5.18025568181815
0.34359375,-15.1802556818182
0.3436328125,-21.1802556818182
0.343671875,-23.1802556818182
0.3437109375,-21.1802556818182
0.34375,-14.1802556818182
0.3437890625,-7.18025568181815
0.343828125,0.819744318181847
0.3438671875,5.81974431818185
0.34390625,8.81974431818185
0.3439453125,6.81974431818185
0.343984375,-0.180255681818153
0.3440234375,-10.1802556818182
0.3440625,-21.1802556818182
0.3441015625,-32.1802556818182
0.344140625,-41.1802556818182
0.3441796875,-47.1802556818182
0.34421875,-50.1802556818182
0.3442578125,-49.1802556818182
0.344296875,-44.1802556818182
0.3443359375,-41.1802556818182
0.344375,-34.1802556818182
0.3444140625,-24.1802556818182
0.344453125,-14.1802556818182
0.3444921875,-5.18025568181815
0.34453125,0.819744318181847
0.3445703125,6.81974431818185
0.344609375,11.8197443181818
0.3446484375,14.8197443181818
0.3446875,15.8197443181818
0.3447265625,15.8197443181818
0.344765625,18.8197443181818
0.3448046875,19.8197443181818
0.34484375,24.8197443181818
0.3448828125,31.8197443181818
0.344921875,39.8197443181818
0.3449609375,47.8197443181818
0.345,54.8197443181818
0.3450390625,59.8197443181818
0.345078125,62.8197443181818
0.3451171875,64.8197443181818
0.34515625,64.8197443181818
0.3451953125,63.8197443181818
0.345234375,59.8197443181818
0.3452734375,50.8197443181818
0.3453125,39.8197443181818
0.3453515625,24.8197443181818
0.345390625,9.81974431818185
0.3454296875,-6.18025568181815
0.34546875,-21.1802556818182
0.3455078125,-36.1802556818182
0.345546875,-50.1802556818182
0.3455859375,-61.1802556818182
0.345625,-70.1802556818182
0.3456640625,-76.1802556818182
0.345703125,-79.1802556818182
0.3457421875,-76.1802556818182
0.34578125,-69.1802556818182
0.3458203125,-59.1802556818182
0.345859375,-47.1802556818182
0.3458984375,-36.1802556818182
0.3459375,-29.1802556818182
0.3459765625,-23.1802556818182
0.346015625,-18.1802556818182
0.3460546875,-13.1802556818182
0.34609375,-10.1802556818182
0.3461328125,-8.18025568181815
0.346171875,-5.18025568181815
0.3462109375,-4.18025568181815
0.34625,-0.180255681818153
0.3462890625,5.81974431818185
0.346328125,10.8197443181818
0.3463671875,15.8197443181818
0.34640625,18.8197443181818
0.3464453125,20.8197443181818
0.346484375,23.8197443181818
0.3465234375,25.8197443181818
0.3465625,28.8197443181818
0.3466015625,27.8197443181818
0.346640625,26.8197443181818
0.3466796875,24.8197443181818
0.34671875,22.8197443181818
0.3467578125,19.8197443181818
0.346796875,17.8197443181818
0.3468359375,16.8197443181818
0.346875,16.8197443181818
0.3469140625,18.8197443181818
0.346953125,21.8197443181818
0.3469921875,24.8197443181818
0.34703125,26.8197443181818
0.3470703125,27.8197443181818
0.347109375,29.8197443181818
0.3471484375,26.8197443181818
0.3471875,21.8197443181818
0.3472265625,14.8197443181818
0.347265625,5.81974431818185
0.3473046875,-3.18025568181815
0.34734375,-13.1802556818182
0.3473828125,-27.1802556818182
0.347421875,-42.1802556818182
0.3474609375,-51.1802556818182
0.3475,-56.1802556818182
0.3475390625,-57.1802556818182
0.347578125,-54.1802556818182
0.3476171875,-45.1802556818182
0.34765625,-37.1802556818182
0.3476953125,-30.1802556818182
0.347734375,-26.1802556818182
0.3477734375,-21.1802556818182
0.3478125,-19.1802556818182
0.3478515625,-15.1802556818182
0.347890625,-13.1802556818182
0.3479296875,-8.18025568181815
0.34796875,-1.18025568181815
0.3480078125,9.81974431818185
0.348046875,21.8197443181818
0.3480859375,28.8197443181818
0.348125,32.8197443181818
0.3481640625,32.8197443181818
0.348203125,26.8197443181818
0.3482421875,21.8197443181818
0.34828125,19.8197443181818
0.3483203125,20.8197443181818
0.348359375,22.8197443181818
0.3483984375,26.8197443181818
0.3484375,31.8197443181818
0.3484765625,39.8197443181818
0.348515625,49.8197443181818
0.3485546875,57.8197443181818
0.34859375,64.8197443181818
0.3486328125,68.8197443181818
0.348671875,69.8197443181818
0.3487109375,66.8197443181818
0.34875,60.8197443181818
0.3487890625,51.8197443181818
0.348828125,36.8197443181818
0.3488671875,19.8197443181818
0.34890625,2.81974431818185
0.3489453125,-11.1802556818182
0.348984375,-24.1802556818182
0.3490234375,-35.1802556818182
0.3490625,-42.1802556818182
0.3491015625,-46.1802556818182
0.349140625,-48.1802556818182
0.3491796875,-51.1802556818182
0.34921875,-57.1802556818182
0.3492578125,-65.1802556818182
0.349296875,-72.1802556818182
0.3493359375,-78.1802556818182
0.349375,-85.1802556818182
0.3494140625,-90.1802556818182
0.349453125,-96.1802556818182
0.3494921875,-100.180255681818
0.34953125,-101.180255681818
0.3495703125,-100.180255681818
0.349609375,-96.1802556818182
0.3496484375,-85.1802556818182
0.3496875,-72.1802556818182
0.3497265625,-57.1802556818182
0.349765625,-41.1802556818182
0.3498046875,-25.1802556818182
0.34984375,-10.1802556818182
0.3498828125,4.81974431818185
0.349921875,18.8197443181818
0.3499609375,32.8197443181818
0.35,43.8197443181818
0.3500390625,51.8197443181818
0.350078125,58.8197443181818
0.3501171875,64.8197443181818
0.35015625,67.8197443181818
0.3501953125,69.8197443181818
0.350234375,71.8197443181818
0.3502734375,76.8197443181818
0.3503125,87.8197443181818
0.3503515625,100.819744318182
0.350390625,111.819744318182
0.3504296875,120.819744318182
0.35046875,125.819744318182
0.3505078125,125.819744318182
0.350546875,120.819744318182
0.3505859375,111.819744318182
0.350625,94.8197443181818
0.3506640625,71.8197443181818
0.350703125,47.8197443181818
0.3507421875,21.8197443181818
0.35078125,-5.18025568181815
0.3508203125,-29.1802556818182
0.350859375,-50.1802556818182
0.3508984375,-68.1802556818182
0.3509375,-81.1802556818182
0.3509765625,-90.1802556818182
0.351015625,-97.1802556818182
0.3510546875,-104.180255681818
0.35109375,-113.180255681818
0.3511328125,-120.180255681818
0.351171875,-123.180255681818
0.3512109375,-119.180255681818
0.35125,-111.180255681818
0.3512890625,-101.180255681818
0.351328125,-90.1802556818182
0.3513671875,-78.1802556818182
0.35140625,-65.1802556818182
0.3514453125,-52.1802556818182
0.351484375,-38.1802556818182
0.3515234375,-21.1802556818182
0.3515625,-1.18025568181815
0.3516015625,16.8197443181818
0.351640625,34.8197443181818
0.3516796875,53.8197443181818
0.35171875,72.8197443181818
0.3517578125,90.8197443181818
0.351796875,106.819744318182
0.3518359375,119.819744318182
0.351875,131.819744318182
0.3519140625,141.819744318182
0.351953125,150.819744318182
0.3519921875,157.819744318182
0.35203125,158.819744318182
0.3520703125,152.819744318182
0.352109375,142.819744318182
0.3521484375,128.819744318182
0.3521875,111.819744318182
0.3522265625,92.8197443181818
0.352265625,73.8197443181818
0.3523046875,55.8197443181818
0.35234375,38.8197443181818
0.3523828125,20.8197443181818
0.352421875,1.81974431818185
0.3524609375,-18.1802556818182
0.3525,-38.1802556818182
0.3525390625,-60.1802556818182
0.352578125,-82.1802556818182
0.3526171875,-103.180255681818
0.35265625,-122.180255681818
0.3526953125,-139.180255681818
0.352734375,-157.180255681818
0.3527734375,-173.180255681818
0.3528125,-186.180255681818
0.3528515625,-192.180255681818
0.352890625,-190.180255681818
0.3529296875,-181.180255681818
0.35296875,-164.180255681818
0.3530078125,-141.180255681818
0.353046875,-115.180255681818
0.3530859375,-89.1802556818182
0.353125,-64.1802556818182
0.3531640625,-41.1802556818182
0.353203125,-20.1802556818182
0.3532421875,-2.18025568181815
0.35328125,15.8197443181818
0.3533203125,29.8197443181818
0.353359375,40.8197443181818
0.3533984375,47.8197443181818
0.3534375,50.8197443181818
0.3534765625,50.8197443181818
0.353515625,51.8197443181818
0.3535546875,55.8197443181818
0.35359375,61.8197443181818
0.3536328125,68.8197443181818
0.353671875,73.8197443181818
0.3537109375,78.8197443181818
0.35375,80.8197443181818
0.3537890625,77.8197443181818
0.353828125,70.8197443181818
0.3538671875,61.8197443181818
0.35390625,48.8197443181818
0.3539453125,33.8197443181818
0.353984375,18.8197443181818
0.3540234375,2.81974431818185
0.3540625,-11.1802556818182
0.3541015625,-23.1802556818182
0.354140625,-31.1802556818182
0.3541796875,-32.1802556818182
0.35421875,-29.1802556818182
0.3542578125,-22.1802556818182
0.354296875,-13.1802556818182
0.3543359375,-4.18025568181815
0.354375,3.81974431818185
0.3544140625,10.8197443181818
0.354453125,16.8197443181818
0.3544921875,23.8197443181818
0.35453125,28.8197443181818
0.3545703125,35.8197443181818
0.354609375,43.8197443181818
0.3546484375,46.8197443181818
0.3546875,46.8197443181818
0.3547265625,41.8197443181818
0.354765625,32.8197443181818
0.3548046875,23.8197443181818
0.35484375,16.8197443181818
0.3548828125,9.81974431818185
0.354921875,3.81974431818185
0.3549609375,-5.18025568181815
0.355,-16.1802556818182
0.3550390625,-27.1802556818182
0.355078125,-37.1802556818182
0.3551171875,-46.1802556818182
0.35515625,-50.1802556818182
0.3551953125,-53.1802556818182
0.355234375,-55.1802556818182
0.3552734375,-53.1802556818182
0.3553125,-53.1802556818182
0.3553515625,-49.1802556818182
0.355390625,-44.1802556818182
0.3554296875,-38.1802556818182
0.35546875,-31.1802556818182
0.3555078125,-22.1802556818182
0.355546875,-10.1802556818182
0.3555859375,3.81974431818185
0.355625,17.8197443181818
0.3556640625,29.8197443181818
0.355703125,41.8197443181818
0.3557421875,51.8197443181818
0.35578125,61.8197443181818
0.3558203125,72.8197443181818
0.355859375,83.8197443181818
0.3558984375,92.8197443181818
0.3559375,96.8197443181818
0.3559765625,94.8197443181818
0.356015625,85.8197443181818
0.3560546875,72.8197443181818
0.35609375,56.8197443181818
0.3561328125,35.8197443181818
0.356171875,13.8197443181818
0.3562109375,-6.18025568181815
0.35625,-23.1802556818182
0.3562890625,-38.1802556818182
0.356328125,-49.1802556818182
0.3563671875,-57.1802556818182
0.35640625,-64.1802556818182
0.3564453125,-66.1802556818182
0.356484375,-67.1802556818182
0.3565234375,-67.1802556818182
0.3565625,-65.1802556818182
0.3566015625,-65.1802556818182
0.356640625,-62.1802556818182
0.3566796875,-62.1802556818182
0.35671875,-63.1802556818182
0.3567578125,-65.1802556818182
0.356796875,-66.1802556818182
0.3568359375,-65.1802556818182
0.356875,-59.1802556818182
0.3569140625,-49.1802556818182
0.356953125,-37.1802556818182
0.3569921875,-24.1802556818182
0.35703125,-9.18025568181815
0.3570703125,7.81974431818185
0.357109375,29.8197443181818
0.3571484375,54.8197443181818
0.3571875,78.8197443181818
0.3572265625,100.819744318182
0.357265625,118.819744318182
0.3573046875,129.819744318182
0.35734375,130.819744318182
0.3573828125,123.819744318182
0.357421875,107.819744318182
0.3574609375,86.8197443181818
0.3575,62.8197443181818
0.3575390625,36.8197443181818
0.357578125,9.81974431818185
0.3576171875,-15.1802556818182
0.35765625,-37.1802556818182
0.3576953125,-56.1802556818182
0.357734375,-67.1802556818182
0.3577734375,-71.1802556818182
0.3578125,-68.1802556818182
0.3578515625,-60.1802556818182
0.357890625,-50.1802556818182
0.3579296875,-40.1802556818182
0.35796875,-31.1802556818182
0.3580078125,-27.1802556818182
0.358046875,-26.1802556818182
0.3580859375,-26.1802556818182
0.358125,-27.1802556818182
0.3581640625,-30.1802556818182
0.358203125,-31.1802556818182
0.3582421875,-33.1802556818182
0.35828125,-33.1802556818182
0.3583203125,-29.1802556818182
0.358359375,-20.1802556818182
0.3583984375,-7.18025568181815
0.3584375,8.81974431818185
0.3584765625,26.8197443181818
0.358515625,40.8197443181818
0.3585546875,51.8197443181818
0.35859375,57.8197443181818
0.3586328125,56.8197443181818
0.358671875,51.8197443181818
0.3587109375,43.8197443181818
0.35875,34.8197443181818
0.3587890625,22.8197443181818
0.358828125,11.8197443181818
0.3588671875,2.81974431818185
0.35890625,-4.18025568181815
0.3589453125,-7.18025568181815
0.358984375,-8.18025568181815
0.3590234375,-9.18025568181815
0.3590625,-11.1802556818182
0.3591015625,-12.1802556818182
0.359140625,-11.1802556818182
0.3591796875,-11.1802556818182
0.35921875,-13.1802556818182
0.3592578125,-15.1802556818182
0.359296875,-19.1802556818182
0.3593359375,-23.1802556818182
0.359375,-26.1802556818182
0.3594140625,-29.1802556818182
0.359453125,-31.1802556818182
0.3594921875,-31.1802556818182
0.35953125,-29.1802556818182
0.3595703125,-25.1802556818182
0.359609375,-18.1802556818182
0.3596484375,-10.1802556818182
0.3596875,-0.180255681818153
0.3597265625,10.8197443181818
0.359765625,21.8197443181818
0.3598046875,32.8197443181818
0.35984375,40.8197443181818
0.3598828125,46.8197443181818
0.359921875,47.8197443181818
0.3599609375,46.8197443181818
0.36,38.8197443181818
0.3600390625,25.8197443181818
0.360078125,10.8197443181818
0.3601171875,-5.18025568181815
0.36015625,-20.1802556818182
0.3601953125,-32.1802556818182
0.360234375,-44.1802556818182
0.3602734375,-57.1802556818182
0.3603125,-68.1802556818182
0.3603515625,-74.1802556818182
0.360390625,-72.1802556818182
0.3604296875,-64.1802556818182
0.36046875,-52.1802556818182
0.3605078125,-36.1802556818182
0.360546875,-18.1802556818182
0.3605859375,-2.18025568181815
0.360625,13.8197443181818
0.3606640625,28.8197443181818
0.360703125,44.8197443181818
0.3607421875,57.8197443181818
0.36078125,68.8197443181818
0.3608203125,76.8197443181818
0.360859375,80.8197443181818
0.3608984375,83.8197443181818
0.3609375,83.8197443181818
0.3609765625,83.8197443181818
0.361015625,80.8197443181818
0.3610546875,75.8197443181818
0.36109375,67.8197443181818
0.3611328125,59.8197443181818
0.361171875,48.8197443181818
0.3612109375,37.8197443181818
0.36125,24.8197443181818
0.3612890625,9.81974431818185
0.361328125,-5.18025568181815
0.3613671875,-18.1802556818182
0.36140625,-29.1802556818182
0.3614453125,-37.1802556818182
0.361484375,-44.1802556818182
0.3615234375,-50.1802556818182
0.3615625,-56.1802556818182
0.3616015625,-58.1802556818182
0.361640625,-59.1802556818182
0.3616796875,-58.1802556818182
0.36171875,-56.1802556818182
0.3617578125,-52.1802556818182
0.361796875,-48.1802556818182
0.3618359375,-43.1802556818182
0.361875,-38.1802556818182
0.3619140625,-35.1802556818182
0.361953125,-31.1802556818182
0.3619921875,-29.1802556818182
0.36203125,-27.1802556818182
0.3620703125,-25.1802556818182
0.362109375,-24.1802556818182
0.3621484375,-27.1802556818182
0.3621875,-32.1802556818182
0.3622265625,-36.1802556818182
0.362265625,-36.1802556818182
0.3623046875,-33.1802556818182
0.36234375,-29.1802556818182
0.3623828125,-21.1802556818182
0.362421875,-12.1802556818182
0.3624609375,-2.18025568181815
0.3625,9.81974431818185
0.3625390625,20.8197443181818
0.362578125,31.8197443181818
0.3626171875,42.8197443181818
0.36265625,51.8197443181818
0.3626953125,57.8197443181818
0.362734375,60.8197443181818
0.3627734375,60.8197443181818
0.3628125,56.8197443181818
0.3628515625,49.8197443181818
0.362890625,38.8197443181818
0.3629296875,26.8197443181818
0.36296875,14.8197443181818
0.3630078125,8.81974431818185
0.363046875,7.81974431818185
0.3630859375,10.8197443181818
0.363125,16.8197443181818
0.3631640625,19.8197443181818
0.363203125,20.8197443181818
0.3632421875,19.8197443181818
0.36328125,17.8197443181818
0.3633203125,13.8197443181818
0.363359375,9.81974431818185
0.3633984375,2.81974431818185
0.3634375,-7.18025568181815
0.3634765625,-18.1802556818182
0.363515625,-26.1802556818182
0.3635546875,-34.1802556818182
0.36359375,-37.1802556818182
0.3636328125,-35.1802556818182
0.363671875,-32.1802556818182
0.3637109375,-25.1802556818182
0.36375,-14.1802556818182
0.3637890625,-0.180255681818153
0.363828125,13.8197443181818
0.3638671875,23.8197443181818
0.36390625,28.8197443181818
0.3639453125,30.8197443181818
0.363984375,29.8197443181818
0.3640234375,25.8197443181818
0.3640625,19.8197443181818
0.3641015625,9.81974431818185
0.364140625,-4.18025568181815
0.3641796875,-18.1802556818182
0.36421875,-29.1802556818182
0.3642578125,-36.1802556818182
0.364296875,-36.1802556818182
0.3643359375,-29.1802556818182
0.364375,-21.1802556818182
0.3644140625,-13.1802556818182
0.364453125,-8.18025568181815
0.3644921875,-5.18025568181815
0.36453125,-5.18025568181815
0.3645703125,-5.18025568181815
0.364609375,-6.18025568181815
0.3646484375,-7.18025568181815
0.3646875,-9.18025568181815
0.3647265625,-10.1802556818182
0.364765625,-9.18025568181815
0.3648046875,-9.18025568181815
0.36484375,-10.1802556818182
0.3648828125,-9.18025568181815
0.364921875,-6.18025568181815
0.3649609375,-0.180255681818153
0.365,9.81974431818185
0.3650390625,18.8197443181818
0.365078125,28.8197443181818
0.3651171875,35.8197443181818
0.36515625,42.8197443181818
0.3651953125,47.8197443181818
0.365234375,50.8197443181818
0.3652734375,47.8197443181818
0.3653125,43.8197443181818
0.3653515625,37.8197443181818
0.365390625,28.8197443181818
0.3654296875,15.8197443181818
0.36546875,2.81974431818185
0.3655078125,-9.18025568181815
0.365546875,-21.1802556818182
0.3655859375,-32.1802556818182
0.365625,-40.1802556818182
0.3656640625,-43.1802556818182
0.365703125,-44.1802556818182
0.3657421875,-43.1802556818182
0.36578125,-41.1802556818182
0.3658203125,-39.1802556818182
0.365859375,-35.1802556818182
0.3658984375,-30.1802556818182
0.3659375,-22.1802556818182
0.3659765625,-12.1802556818182
0.366015625,-5.18025568181815
0.3660546875,-2.18025568181815
0.36609375,-1.18025568181815
0.3661328125,-3.18025568181815
0.366171875,-8.18025568181815
0.3662109375,-13.1802556818182
0.36625,-17.1802556818182
0.3662890625,-18.1802556818182
0.366328125,-13.1802556818182
0.3663671875,-5.18025568181815
0.36640625,5.81974431818185
0.3664453125,17.8197443181818
0.366484375,26.8197443181818
0.3665234375,33.8197443181818
0.3665625,37.8197443181818
0.3666015625,39.8197443181818
0.366640625,41.8197443181818
0.3666796875,40.8197443181818
0.36671875,36.8197443181818
0.3667578125,28.8197443181818
0.366796875,18.8197443181818
0.3668359375,8.81974431818185
0.366875,1.81974431818185
0.3669140625,-2.18025568181815
0.366953125,-3.18025568181815
0.3669921875,-4.18025568181815
0.36703125,-6.18025568181815
0.3670703125,-11.1802556818182
0.367109375,-15.1802556818182
0.3671484375,-16.1802556818182
0.3671875,-17.1802556818182
0.3672265625,-18.1802556818182
0.367265625,-18.1802556818182
0.3673046875,-18.1802556818182
0.36734375,-17.1802556818182
0.3673828125,-15.1802556818182
0.367421875,-12.1802556818182
0.3674609375,-12.1802556818182
0.3675,-14.1802556818182
0.3675390625,-14.1802556818182
0.367578125,-9.18025568181815
0.3676171875,-1.18025568181815
0.36765625,11.8197443181818
0.3676953125,27.8197443181818
0.367734375,41.8197443181818
0.3677734375,52.8197443181818
0.3678125,58.8197443181818
0.3678515625,60.8197443181818
0.367890625,61.8197443181818
0.3679296875,61.8197443181818
0.36796875,57.8197443181818
0.3680078125,46.8197443181818
0.368046875,31.8197443181818
0.3680859375,14.8197443181818
0.368125,-3.18025568181815
0.3681640625,-18.1802556818182
0.368203125,-30.1802556818182
0.3682421875,-40.1802556818182
0.36828125,-47.1802556818182
0.3683203125,-54.1802556818182
0.368359375,-59.1802556818182
0.3683984375,-61.1802556818182
0.3684375,-60.1802556818182
0.3684765625,-57.1802556818182
0.368515625,-54.1802556818182
0.3685546875,-51.1802556818182
0.36859375,-47.1802556818182
0.3686328125,-40.1802556818182
0.368671875,-31.1802556818182
0.3687109375,-24.1802556818182
0.36875,-24.1802556818182
0.3687890625,-32.1802556818182
0.368828125,-43.1802556818182
0.3688671875,-49.1802556818182
0.36890625,-50.1802556818182
0.3689453125,-43.1802556818182
0.368984375,-28.1802556818182
0.3690234375,-8.18025568181815
0.3690625,9.81974431818185
0.3691015625,29.8197443181818
0.369140625,46.8197443181818
0.3691796875,61.8197443181818
0.36921875,71.8197443181818
0.3692578125,78.8197443181818
0.369296875,82.8197443181818
0.3693359375,81.8197443181818
0.369375,80.8197443181818
0.3694140625,76.8197443181818
0.369453125,71.8197443181818
0.3694921875,62.8197443181818
0.36953125,49.8197443181818
0.3695703125,37.8197443181818
0.369609375,30.8197443181818
0.3696484375,30.8197443181818
0.3696875,35.8197443181818
0.3697265625,43.8197443181818
0.369765625,49.8197443181818
0.3698046875,52.8197443181818
0.36984375,53.8197443181818
0.3698828125,51.8197443181818
0.369921875,45.8197443181818
0.3699609375,36.8197443181818
0.37,22.8197443181818
0.3700390625,4.81974431818185
0.370078125,-18.1802556818182
0.3701171875,-38.1802556818182
0.37015625,-57.1802556818182
0.3701953125,-71.1802556818182
0.370234375,-80.1802556818182
0.3702734375,-87.1802556818182
0.3703125,-91.1802556818182
0.3703515625,-93.1802556818182
0.370390625,-93.1802556818182
0.3704296875,-92.1802556818182
0.37046875,-88.1802556818182
0.3705078125,-83.1802556818182
0.370546875,-78.1802556818182
0.3705859375,-77.1802556818182
0.370625,-80.1802556818182
0.3706640625,-85.1802556818182
0.370703125,-91.1802556818182
0.3707421875,-95.1802556818182
0.37078125,-97.1802556818182
0.3708203125,-96.1802556818182
0.370859375,-90.1802556818182
0.3708984375,-81.1802556818182
0.3709375,-66.1802556818182
0.3709765625,-46.1802556818182
0.371015625,-23.1802556818182
0.3710546875,3.81974431818185
0.37109375,32.8197443181818
0.3711328125,63.8197443181818
0.371171875,91.8197443181818
0.3712109375,119.819744318182
0.37125,142.819744318182
0.3712890625,161.819744318182
0.371328125,174.819744318182
0.3713671875,181.819744318182
0.37140625,185.819744318182
0.3714453125,188.819744318182
0.371484375,187.819744318182
0.3715234375,185.819744318182
0.3715625,180.819744318182
0.3716015625,169.819744318182
0.371640625,151.819744318182
0.3716796875,129.819744318182
0.37171875,103.819744318182
0.3717578125,75.8197443181818
0.371796875,46.8197443181818
0.3718359375,18.8197443181818
0.371875,-14.1802556818182
0.3719140625,-48.1802556818182
0.371953125,-84.1802556818182
0.3719921875,-116.180255681818
0.37203125,-146.180255681818
0.3720703125,-176.180255681818
0.372109375,-208.180255681818
0.3721484375,-232.180255681818
0.3721875,-247.180255681818
0.3722265625,-252.180255681818
0.372265625,-247.180255681818
0.3723046875,-233.180255681818
0.37234375,-214.180255681818
0.3723828125,-189.180255681818
0.372421875,-158.180255681818
0.3724609375,-121.180255681818
0.3725,-79.1802556818182
0.3725390625,-38.1802556818182
0.372578125,1.81974431818185
0.3726171875,40.8197443181818
0.37265625,73.8197443181818
0.3726953125,100.819744318182
0.372734375,122.819744318182
0.3727734375,139.819744318182
0.3728125,148.819744318182
0.3728515625,149.819744318182
0.372890625,143.819744318182
0.3729296875,136.819744318182
0.37296875,129.819744318182
0.3730078125,124.819744318182
0.373046875,119.819744318182
0.3730859375,116.819744318182
0.373125,115.819744318182
0.3731640625,115.819744318182
0.373203125,115.819744318182
0.3732421875,115.819744318182
0.37328125,110.819744318182
0.3733203125,99.8197443181818
0.373359375,85.8197443181818
0.3733984375,66.8197443181818
0.3734375,47.8197443181818
0.3734765625,27.8197443181818
0.373515625,6.81974431818185
0.3735546875,-14.1802556818182
0.37359375,-35.1802556818182
0.3736328125,-54.1802556818182
0.373671875,-71.1802556818182
0.3737109375,-84.1802556818182
0.37375,-95.1802556818182
0.3737890625,-104.180255681818
0.373828125,-111.180255681818
0.3738671875,-119.180255681818
0.37390625,-128.180255681818
0.3739453125,-138.180255681818
0.373984375,-149.180255681818
0.3740234375,-157.180255681818
0.3740625,-159.180255681818
0.3741015625,-155.180255681818
0.374140625,-145.180255681818
0.3741796875,-131.180255681818
0.37421875,-114.180255681818
0.3742578125,-95.1802556818182
0.374296875,-74.1802556818182
0.3743359375,-50.1802556818182
0.374375,-25.1802556818182
0.3744140625,1.81974431818185
0.374453125,30.8197443181818
0.3744921875,57.8197443181818
0.37453125,81.8197443181818
0.3745703125,101.819744318182
0.374609375,116.819744318182
0.3746484375,128.819744318182
0.3746875,134.819744318182
0.3747265625,139.819744318182
0.374765625,138.819744318182
0.3748046875,133.819744318182
0.37484375,125.819744318182
0.3748828125,113.819744318182
0.374921875,98.8197443181818
0.3749609375,82.8197443181818
0.375,65.8197443181818
0.3750390625,50.8197443181818
0.375078125,38.8197443181818
0.3751171875,24.8197443181818
0.37515625,12.8197443181818
0.3751953125,-0.180255681818153
0.375234375,-12.1802556818182
0.3752734375,-23.1802556818182
0.3753125,-33.1802556818182
0.3753515625,-40.1802556818182
0.375390625,-44.1802556818182
0.3754296875,-48.1802556818182
0.37546875,-52.1802556818182
0.3755078125,-57.1802556818182
0.375546875,-62.1802556818182
0.3755859375,-66.1802556818182
0.375625,-65.1802556818182
0.3756640625,-58.1802556818182
0.375703125,-46.1802556818182
0.3757421875,-32.1802556818182
0.37578125,-14.1802556818182
0.3758203125,2.81974431818185
0.375859375,17.8197443181818
0.3758984375,28.8197443181818
0.3759375,34.8197443181818
0.3759765625,34.8197443181818
0.376015625,28.8197443181818
0.3760546875,17.8197443181818
0.37609375,2.81974431818185
0.3761328125,-12.1802556818182
0.376171875,-27.1802556818182
0.3762109375,-39.1802556818182
0.37625,-47.1802556818182
0.3762890625,-53.1802556818182
0.376328125,-56.1802556818182
0.3763671875,-53.1802556818182
0.37640625,-46.1802556818182
0.3764453125,-36.1802556818182
0.376484375,-25.1802556818182
0.3765234375,-15.1802556818182
0.3765625,-6.18025568181815
0.3766015625,2.81974431818185
0.376640625,10.8197443181818
0.3766796875,17.8197443181818
0.37671875,25.8197443181818
0.3767578125,31.8197443181818
0.376796875,37.8197443181818
0.3768359375,43.8197443181818
0.376875,49.8197443181818
0.3769140625,53.8197443181818
0.376953125,58.8197443181818
0.3769921875,62.8197443181818
0.37703125,67.8197443181818
0.3770703125,74.8197443181818
0.377109375,79.8197443181818
0.3771484375,80.8197443181818
0.3771875,77.8197443181818
0.3772265625,69.8197443181818
0.377265625,59.8197443181818
0.3773046875,48.8197443181818
0.37734375,35.8197443181818
0.3773828125,21.8197443181818
0.377421875,7.81974431818185
0.3774609375,-9.18025568181815
0.3775,-28.1802556818182
0.3775390625,-48.1802556818182
0.377578125,-69.1802556818182
0.3776171875,-85.1802556818182
0.37765625,-96.1802556818182
0.3776953125,-104.180255681818
0.377734375,-108.180255681818
0.3777734375,-107.180255681818
0.3778125,-107.180255681818
0.3778515625,-104.180255681818
0.377890625,-97.1802556818182
0.3779296875,-90.1802556818182
0.37796875,-84.1802556818182
0.3780078125,-75.1802556818182
0.378046875,-66.1802556818182
0.3780859375,-55.1802556818182
0.378125,-45.1802556818182
0.3781640625,-31.1802556818182
0.378203125,-15.1802556818182
0.3782421875,3.81974431818185
0.37828125,26.8197443181818
0.3783203125,51.8197443181818
0.378359375,77.8197443181818
0.3783984375,100.819744318182
0.3784375,121.819744318182
0.3784765625,136.819744318182
0.378515625,145.819744318182
0.3785546875,147.819744318182
0.37859375,144.819744318182
0.3786328125,138.819744318182
0.378671875,126.819744318182
0.3787109375,108.819744318182
0.37875,87.8197443181818
0.3787890625,62.8197443181818
0.378828125,36.8197443181818
0.3788671875,8.81974431818185
0.37890625,-15.1802556818182
0.3789453125,-34.1802556818182
0.378984375,-50.1802556818182
0.3790234375,-63.1802556818182
0.3790625,-71.1802556818182
0.3791015625,-77.1802556818182
0.379140625,-80.1802556818182
0.3791796875,-82.1802556818182
0.37921875,-83.1802556818182
0.3792578125,-85.1802556818182
0.379296875,-85.1802556818182
0.3793359375,-85.1802556818182
0.379375,-81.1802556818182
0.3794140625,-76.1802556818182
0.379453125,-65.1802556818182
0.3794921875,-53.1802556818182
0.37953125,-37.1802556818182
0.3795703125,-22.1802556818182
0.379609375,-7.18025568181815
0.3796484375,6.81974431818185
0.3796875,20.8197443181818
0.3797265625,31.8197443181818
0.379765625,40.8197443181818
0.3798046875,43.8197443181818
0.37984375,42.8197443181818
0.3798828125,40.8197443181818
0.379921875,35.8197443181818
0.3799609375,31.8197443181818
0.38,27.8197443181818
0.3800390625,24.8197443181818
0.380078125,20.8197443181818
0.3801171875,15.8197443181818
0.38015625,7.81974431818185
0.3801953125,-0.180255681818153
0.380234375,-6.18025568181815
0.3802734375,-12.1802556818182
0.3803125,-16.1802556818182
0.3803515625,-18.1802556818182
0.380390625,-21.1802556818182
0.3804296875,-20.1802556818182
0.38046875,-17.1802556818182
0.3805078125,-11.1802556818182
0.380546875,-3.18025568181815
0.3805859375,4.81974431818185
0.380625,12.8197443181818
0.3806640625,18.8197443181818
0.380703125,25.8197443181818
0.3807421875,29.8197443181818
0.38078125,29.8197443181818
0.3808203125,26.8197443181818
0.380859375,20.8197443181818
0.3808984375,14.8197443181818
0.3809375,9.81974431818185
0.3809765625,6.81974431818185
0.381015625,5.81974431818185
0.3810546875,4.81974431818185
0.38109375,3.81974431818185
0.3811328125,2.81974431818185
0.381171875,3.81974431818185
0.3812109375,5.81974431818185
0.38125,10.8197443181818
0.3812890625,14.8197443181818
0.381328125,14.8197443181818
0.3813671875,9.81974431818185
0.38140625,-0.180255681818153
0.3814453125,-13.1802556818182
0.381484375,-26.1802556818182
0.3815234375,-37.1802556818182
0.3815625,-46.1802556818182
0.3816015625,-53.1802556818182
0.381640625,-56.1802556818182
0.3816796875,-55.1802556818182
0.38171875,-50.1802556818182
0.3817578125,-41.1802556818182
0.381796875,-29.1802556818182
0.3818359375,-18.1802556818182
0.381875,-6.18025568181815
0.3819140625,3.81974431818185
0.381953125,15.8197443181818
0.3819921875,27.8197443181818
0.38203125,36.8197443181818
0.3820703125,41.8197443181818
0.382109375,43.8197443181818
0.3821484375,42.8197443181818
0.3821875,39.8197443181818
0.3822265625,37.8197443181818
0.382265625,35.8197443181818
0.3823046875,33.8197443181818
0.38234375,30.8197443181818
0.3823828125,25.8197443181818
0.382421875,20.8197443181818
0.3824609375,20.8197443181818
0.3825,21.8197443181818
0.3825390625,25.8197443181818
0.382578125,30.8197443181818
0.3826171875,33.8197443181818
0.38265625,33.8197443181818
0.3826953125,29.8197443181818
0.382734375,21.8197443181818
0.3827734375,10.8197443181818
0.3828125,-2.18025568181815
0.3828515625,-14.1802556818182
0.382890625,-26.1802556818182
0.3829296875,-33.1802556818182
0.38296875,-35.1802556818182
0.3830078125,-35.1802556818182
0.383046875,-32.1802556818182
0.3830859375,-29.1802556818182
0.383125,-27.1802556818182
0.3831640625,-24.1802556818182
0.383203125,-20.1802556818182
0.3832421875,-16.1802556818182
0.38328125,-12.1802556818182
0.3833203125,-11.1802556818182
0.383359375,-15.1802556818182
0.3833984375,-22.1802556818182
0.3834375,-31.1802556818182
0.3834765625,-39.1802556818182
0.383515625,-46.1802556818182
0.3835546875,-51.1802556818182
0.38359375,-52.1802556818182
0.3836328125,-49.1802556818182
0.383671875,-42.1802556818182
0.3837109375,-33.1802556818182
0.38375,-21.1802556818182
0.3837890625,-5.18025568181815
0.383828125,11.8197443181818
0.3838671875,29.8197443181818
0.38390625,45.8197443181818
0.3839453125,55.8197443181818
0.383984375,60.8197443181818
0.3840234375,57.8197443181818
0.3840625,50.8197443181818
0.3841015625,38.8197443181818
0.384140625,26.8197443181818
0.3841796875,15.8197443181818
0.38421875,6.81974431818185
0.3842578125,1.81974431818185
0.384296875,-0.180255681818153
0.3843359375,-0.180255681818153
0.384375,1.81974431818185
0.3844140625,4.81974431818185
0.384453125,8.81974431818185
0.3844921875,11.8197443181818
0.38453125,13.8197443181818
0.3845703125,12.8197443181818
0.384609375,9.81974431818185
0.3846484375,1.81974431818185
0.3846875,-8.18025568181815
0.3847265625,-20.1802556818182
0.384765625,-33.1802556818182
0.3848046875,-43.1802556818182
0.38484375,-51.1802556818182
0.3848828125,-55.1802556818182
0.384921875,-55.1802556818182
0.3849609375,-51.1802556818182
0.385,-44.1802556818182
0.3850390625,-32.1802556818182
0.385078125,-19.1802556818182
0.3851171875,-4.18025568181815
0.38515625,12.8197443181818
0.3851953125,28.8197443181818
0.385234375,42.8197443181818
0.3852734375,50.8197443181818
0.3853125,55.8197443181818
0.3853515625,52.8197443181818
0.385390625,46.8197443181818
0.3854296875,37.8197443181818
0.38546875,29.8197443181818
0.3855078125,24.8197443181818
0.385546875,19.8197443181818
0.3855859375,13.8197443181818
0.385625,9.81974431818185
0.3856640625,4.81974431818185
0.385703125,2.81974431818185
0.3857421875,0.819744318181847
0.38578125,-0.180255681818153
0.3858203125,-1.18025568181815
0.385859375,-0.180255681818153
0.3858984375,1.81974431818185
0.3859375,4.81974431818185
0.3859765625,8.81974431818185
0.386015625,11.8197443181818
0.3860546875,13.8197443181818
0.38609375,14.8197443181818
0.3861328125,14.8197443181818
0.386171875,12.8197443181818
0.3862109375,11.8197443181818
0.38625,10.8197443181818
0.3862890625,7.81974431818185
0.386328125,4.81974431818185
0.3863671875,-1.18025568181815
0.38640625,-9.18025568181815
0.3864453125,-16.1802556818182
0.386484375,-22.1802556818182
0.3865234375,-28.1802556818182
0.3865625,-36.1802556818182
0.3866015625,-44.1802556818182
0.386640625,-53.1802556818182
0.3866796875,-60.1802556818182
0.38671875,-64.1802556818182
0.3867578125,-66.1802556818182
0.386796875,-65.1802556818182
0.3868359375,-61.1802556818182
0.386875,-54.1802556818182
0.3869140625,-46.1802556818182
0.386953125,-39.1802556818182
0.3869921875,-33.1802556818182
0.38703125,-26.1802556818182
0.3870703125,-16.1802556818182
0.387109375,-4.18025568181815
0.3871484375,10.8197443181818
0.3871875,25.8197443181818
0.3872265625,39.8197443181818
0.387265625,53.8197443181818
0.3873046875,63.8197443181818
0.38734375,70.8197443181818
0.3873828125,76.8197443181818
0.387421875,80.8197443181818
0.3874609375,82.8197443181818
0.3875,80.8197443181818
0.3875390625,76.8197443181818
0.387578125,69.8197443181818
0.3876171875,61.8197443181818
0.38765625,52.8197443181818
0.3876953125,42.8197443181818
0.387734375,34.8197443181818
0.3877734375,26.8197443181818
0.3878125,18.8197443181818
0.3878515625,11.8197443181818
0.387890625,3.81974431818185
0.3879296875,-7.18025568181815
0.38796875,-18.1802556818182
0.3880078125,-29.1802556818182
0.388046875,-39.1802556818182
0.3880859375,-49.1802556818182
0.388125,-58.1802556818182
0.3881640625,-65.1802556818182
0.388203125,-70.1802556818182
0.3882421875,-73.1802556818182
0.38828125,-73.1802556818182
0.3883203125,-70.1802556818182
0.388359375,-62.1802556818182
0.3883984375,-48.1802556818182
0.3884375,-32.1802556818182
0.3884765625,-17.1802556818182
0.388515625,-3.18025568181815
0.3885546875,7.81974431818185
0.38859375,14.8197443181818
0.3886328125,15.8197443181818
0.388671875,12.8197443181818
0.3887109375,4.81974431818185
0.38875,-4.18025568181815
0.3887890625,-12.1802556818182
0.388828125,-17.1802556818182
0.3888671875,-18.1802556818182
0.38890625,-18.1802556818182
0.3889453125,-18.1802556818182
0.388984375,-18.1802556818182
0.3890234375,-17.1802556818182
0.3890625,-13.1802556818182
0.3891015625,-6.18025568181815
0.389140625,1.81974431818185
0.3891796875,11.8197443181818
0.38921875,22.8197443181818
0.3892578125,32.8197443181818
0.389296875,41.8197443181818
0.3893359375,47.8197443181818
0.389375,53.8197443181818
0.3894140625,55.8197443181818
0.389453125,54.8197443181818
0.3894921875,49.8197443181818
0.38953125,40.8197443181818
0.3895703125,26.8197443181818
0.389609375,12.8197443181818
0.3896484375,-1.18025568181815
0.3896875,-10.1802556818182
0.3897265625,-12.1802556818182
0.389765625,-11.1802556818182
0.3898046875,-12.1802556818182
0.38984375,-14.1802556818182
0.3898828125,-15.1802556818182
0.389921875,-16.1802556818182
0.3899609375,-14.1802556818182
0.39,-10.1802556818182
0.3900390625,-2.18025568181815
0.390078125,4.81974431818185
0.3901171875,8.81974431818185
0.39015625,12.8197443181818
0.3901953125,15.8197443181818
0.390234375,17.8197443181818
0.3902734375,15.8197443181818
0.3903125,13.8197443181818
0.3903515625,12.8197443181818
0.390390625,13.8197443181818
0.3904296875,19.8197443181818
0.39046875,26.8197443181818
0.3905078125,32.8197443181818
0.390546875,32.8197443181818
0.3905859375,26.8197443181818
0.390625,17.8197443181818
0.3906640625,8.81974431818185
0.390703125,2.81974431818185
0.3907421875,-4.18025568181815
0.39078125,-11.1802556818182
0.3908203125,-20.1802556818182
0.390859375,-26.1802556818182
0.3908984375,-29.1802556818182
0.3909375,-26.1802556818182
0.3909765625,-18.1802556818182
0.391015625,-4.18025568181815
0.3910546875,8.81974431818185
0.39109375,20.8197443181818
0.3911328125,32.8197443181818
0.391171875,43.8197443181818
0.3912109375,50.8197443181818
0.39125,51.8197443181818
0.3912890625,45.8197443181818
0.391328125,35.8197443181818
0.3913671875,21.8197443181818
0.39140625,8.81974431818185
0.3914453125,-7.18025568181815
0.391484375,-24.1802556818182
0.3915234375,-43.1802556818182
0.3915625,-64.1802556818182
0.3916015625,-81.1802556818182
0.391640625,-95.1802556818182
0.3916796875,-104.180255681818
0.39171875,-106.180255681818
0.3917578125,-105.180255681818
0.391796875,-101.180255681818
0.3918359375,-95.1802556818182
0.391875,-88.1802556818182
0.3919140625,-80.1802556818182
0.391953125,-68.1802556818182
0.3919921875,-58.1802556818182
0.39203125,-50.1802556818182
0.3920703125,-43.1802556818182
0.392109375,-38.1802556818182
0.3921484375,-35.1802556818182
0.3921875,-29.1802556818182
0.3922265625,-22.1802556818182
0.392265625,-14.1802556818182
0.3923046875,-3.18025568181815
0.39234375,11.8197443181818
0.3923828125,29.8197443181818
0.392421875,49.8197443181818
0.3924609375,67.8197443181818
0.3925,85.8197443181818
0.3925390625,100.819744318182
0.392578125,111.819744318182
0.3926171875,116.819744318182
0.39265625,122.819744318182
0.3926953125,124.819744318182
0.392734375,121.819744318182
0.3927734375,115.819744318182
0.3928125,101.819744318182
0.3928515625,80.8197443181818
0.392890625,58.8197443181818
0.3929296875,36.8197443181818
0.39296875,19.8197443181818
0.3930078125,7.81974431818185
0.393046875,-0.180255681818153
0.3930859375,-2.18025568181815
0.393125,-3.18025568181815
0.3931640625,-7.18025568181815
0.393203125,-16.1802556818182
0.3932421875,-22.1802556818182
0.39328125,-30.1802556818182
0.3933203125,-40.1802556818182
0.393359375,-48.1802556818182
0.3933984375,-51.1802556818182
0.3934375,-53.1802556818182
0.3934765625,-54.1802556818182
0.393515625,-55.1802556818182
0.3935546875,-55.1802556818182
0.39359375,-54.1802556818182
0.3936328125,-52.1802556818182
0.393671875,-48.1802556818182
0.3937109375,-44.1802556818182
0.39375,-38.1802556818182
0.3937890625,-31.1802556818182
0.393828125,-22.1802556818182
0.3938671875,-14.1802556818182
0.39390625,-8.18025568181815
0.3939453125,-5.18025568181815
0.393984375,-4.18025568181815
0.3940234375,-4.18025568181815
0.3940625,-1.18025568181815
0.3941015625,-0.180255681818153
0.394140625,2.81974431818185
0.3941796875,8.81974431818185
0.39421875,22.8197443181818
0.3942578125,40.8197443181818
0.394296875,62.8197443181818
0.3943359375,84.8197443181818
0.394375,103.819744318182
0.3944140625,115.819744318182
0.394453125,118.819744318182
0.3944921875,115.819744318182
0.39453125,109.819744318182
0.3945703125,99.8197443181818
0.394609375,85.8197443181818
0.3946484375,68.8197443181818
0.3946875,50.8197443181818
0.3947265625,32.8197443181818
0.394765625,14.8197443181818
0.3948046875,-5.18025568181815
0.39484375,-26.1802556818182
0.3948828125,-46.1802556818182
0.394921875,-64.1802556818182
0.3949609375,-81.1802556818182
0.395,-95.1802556818182
0.3950390625,-106.180255681818
0.395078125,-114.180255681818
0.3951171875,-119.180255681818
0.39515625,-118.180255681818
0.3951953125,-115.180255681818
0.395234375,-108.180255681818
0.3952734375,-99.1802556818182
0.3953125,-86.1802556818182
0.3953515625,-72.1802556818182
0.395390625,-59.1802556818182
0.3954296875,-49.1802556818182
0.39546875,-41.1802556818182
0.3955078125,-34.1802556818182
0.395546875,-28.1802556818182
0.3955859375,-17.1802556818182
0.395625,-8.18025568181815
0.3956640625,2.81974431818185
0.395703125,15.8197443181818
0.3957421875,26.8197443181818
0.39578125,33.8197443181818
0.3958203125,40.8197443181818
0.395859375,48.8197443181818
0.3958984375,57.8197443181818
0.3959375,64.8197443181818
0.3959765625,68.8197443181818
0.396015625,68.8197443181818
0.3960546875,65.8197443181818
0.39609375,60.8197443181818
0.3961328125,52.8197443181818
0.396171875,42.8197443181818
0.3962109375,32.8197443181818
0.39625,23.8197443181818
0.3962890625,17.8197443181818
0.396328125,13.8197443181818
0.3963671875,8.81974431818185
0.39640625,5.81974431818185
0.3964453125,2.81974431818185
0.396484375,3.81974431818185
0.3965234375,8.81974431818185
0.3965625,16.8197443181818
0.3966015625,25.8197443181818
0.396640625,34.8197443181818
0.3966796875,39.8197443181818
0.39671875,40.8197443181818
0.3967578125,36.8197443181818
0.396796875,28.8197443181818
0.3968359375,18.8197443181818
0.396875,6.81974431818185
0.3969140625,-6.18025568181815
0.396953125,-18.1802556818182
0.3969921875,-29.1802556818182
0.39703125,-39.1802556818182
0.3970703125,-48.1802556818182
0.397109375,-56.1802556818182
0.3971484375,-59.1802556818182
0.3971875,-57.1802556818182
0.3972265625,-50.1802556818182
0.397265625,-43.1802556818182
0.3973046875,-38.1802556818182
0.39734375,-34.1802556818182
0.3973828125,-33.1802556818182
0.397421875,-36.1802556818182
0.3974609375,-42.1802556818182
0.3975,-48.1802556818182
0.3975390625,-51.1802556818182
0.397578125,-52.1802556818182
0.3976171875,-50.1802556818182
0.39765625,-45.1802556818182
0.3976953125,-34.1802556818182
0.397734375,-22.1802556818182
0.3977734375,-7.18025568181815
0.3978125,10.8197443181818
0.3978515625,29.8197443181818
0.397890625,46.8197443181818
0.3979296875,63.8197443181818
0.39796875,77.8197443181818
0.3980078125,86.8197443181818
0.398046875,91.8197443181818
0.3980859375,90.8197443181818
0.398125,86.8197443181818
0.3981640625,78.8197443181818
0.398203125,69.8197443181818
0.3982421875,58.8197443181818
0.39828125,47.8197443181818
0.3983203125,35.8197443181818
0.398359375,23.8197443181818
0.3983984375,13.8197443181818
0.3984375,8.81974431818185
0.3984765625,6.81974431818185
0.398515625,7.81974431818185
0.3985546875,9.81974431818185
0.39859375,9.81974431818185
0.3986328125,7.81974431818185
0.398671875,-0.180255681818153
0.3987109375,-13.1802556818182
0.39875,-30.1802556818182
0.3987890625,-50.1802556818182
0.398828125,-71.1802556818182
0.3988671875,-87.1802556818182
0.39890625,-98.1802556818182
0.3989453125,-103.180255681818
0.398984375,-100.180255681818
0.3990234375,-91.1802556818182
0.3990625,-77.1802556818182
0.3991015625,-60.1802556818182
0.399140625,-41.1802556818182
0.3991796875,-22.1802556818182
0.39921875,-2.18025568181815
0.3992578125,19.8197443181818
0.399296875,36.8197443181818
0.3993359375,46.8197443181818
0.399375,48.8197443181818
0.3994140625,46.8197443181818
0.399453125,41.8197443181818
0.3994921875,34.8197443181818
0.39953125,26.8197443181818
0.3995703125,17.8197443181818
0.399609375,8.81974431818185
0.3996484375,-0.180255681818153
0.3996875,-4.18025568181815
0.3997265625,-6.18025568181815
0.399765625,-1.18025568181815
0.3998046875,8.81974431818185
0.39984375,24.8197443181818
0.3998828125,36.8197443181818
0.399921875,44.8197443181818
0.3999609375,45.8197443181818
0.4,43.8197443181818
0.4000390625,38.8197443181818
0.400078125,30.8197443181818
0.4001171875,19.8197443181818
0.40015625,6.81974431818185
0.4001953125,-5.18025568181815
0.400234375,-18.1802556818182
0.4002734375,-29.1802556818182
0.4003125,-33.1802556818182
0.4003515625,-34.1802556818182
0.400390625,-29.1802556818182
0.4004296875,-21.1802556818182
0.40046875,-10.1802556818182
0.4005078125,2.81974431818185
0.400546875,16.8197443181818
0.4005859375,28.8197443181818
0.400625,37.8197443181818
0.4006640625,41.8197443181818
0.400703125,42.8197443181818
0.4007421875,40.8197443181818
0.40078125,37.8197443181818
0.4008203125,32.8197443181818
0.400859375,25.8197443181818
0.4008984375,14.8197443181818
0.4009375,2.81974431818185
0.4009765625,-6.18025568181815
0.401015625,-15.1802556818182
0.4010546875,-22.1802556818182
0.40109375,-26.1802556818182
0.4011328125,-26.1802556818182
0.401171875,-27.1802556818182
0.4012109375,-30.1802556818182
0.40125,-36.1802556818182
0.4012890625,-42.1802556818182
0.401328125,-49.1802556818182
0.4013671875,-59.1802556818182
0.40140625,-66.1802556818182
0.4014453125,-73.1802556818182
0.401484375,-78.1802556818182
0.4015234375,-78.1802556818182
0.4015625,-74.1802556818182
0.4016015625,-67.1802556818182
0.401640625,-59.1802556818182
0.4016796875,-47.1802556818182
0.40171875,-35.1802556818182
0.4017578125,-19.1802556818182
0.401796875,-0.180255681818153
0.4018359375,20.8197443181818
0.401875,39.8197443181818
0.4019140625,54.8197443181818
0.401953125,62.8197443181818
0.4019921875,66.8197443181818
0.40203125,69.8197443181818
0.4020703125,71.8197443181818
0.402109375,72.8197443181818
0.4021484375,70.8197443181818
0.4021875,67.8197443181818
0.4022265625,61.8197443181818
0.402265625,52.8197443181818
0.4023046875,41.8197443181818
0.40234375,31.8197443181818
0.4023828125,24.8197443181818
0.402421875,18.8197443181818
0.4024609375,14.8197443181818
0.4025,10.8197443181818
0.4025390625,5.81974431818185
0.402578125,-0.180255681818153
0.4026171875,-5.18025568181815
0.40265625,-12.1802556818182
0.4026953125,-19.1802556818182
0.402734375,-28.1802556818182
0.4027734375,-35.1802556818182
0.4028125,-43.1802556818182
0.4028515625,-48.1802556818182
0.402890625,-54.1802556818182
0.4029296875,-58.1802556818182
0.40296875,-61.1802556818182
0.4030078125,-59.1802556818182
0.403046875,-53.1802556818182
0.4030859375,-40.1802556818182
0.403125,-24.1802556818182
0.4031640625,-7.18025568181815
0.403203125,9.81974431818185
0.4032421875,21.8197443181818
0.40328125,29.8197443181818
0.4033203125,34.8197443181818
0.403359375,34.8197443181818
0.4033984375,32.8197443181818
0.4034375,28.8197443181818
0.4034765625,23.8197443181818
0.403515625,17.8197443181818
0.4035546875,12.8197443181818
0.40359375,9.81974431818185
0.4036328125,8.81974431818185
0.403671875,13.8197443181818
0.4037109375,22.8197443181818
0.40375,32.8197443181818
0.4037890625,43.8197443181818
0.403828125,50.8197443181818
0.4038671875,54.8197443181818
0.40390625,53.8197443181818
0.4039453125,49.8197443181818
0.403984375,41.8197443181818
0.4040234375,33.8197443181818
0.4040625,26.8197443181818
0.4041015625,20.8197443181818
0.404140625,14.8197443181818
0.4041796875,4.81974431818185
0.40421875,-7.18025568181815
0.4042578125,-20.1802556818182
0.404296875,-35.1802556818182
0.4043359375,-46.1802556818182
0.404375,-53.1802556818182
0.4044140625,-59.1802556818182
0.404453125,-65.1802556818182
0.4044921875,-69.1802556818182
0.40453125,-72.1802556818182
0.4045703125,-73.1802556818182
0.404609375,-71.1802556818182
0.4046484375,-67.1802556818182
0.4046875,-59.1802556818182
0.4047265625,-47.1802556818182
0.404765625,-34.1802556818182
0.4048046875,-22.1802556818182
0.40484375,-10.1802556818182
0.4048828125,0.819744318181847
0.404921875,9.81974431818185
0.4049609375,17.8197443181818
0.405,22.8197443181818
0.4050390625,27.8197443181818
0.405078125,33.8197443181818
0.4051171875,42.8197443181818
0.40515625,48.8197443181818
0.4051953125,54.8197443181818
0.405234375,56.8197443181818
0.4052734375,56.8197443181818
0.4053125,55.8197443181818
0.4053515625,52.8197443181818
0.405390625,47.8197443181818
0.4054296875,41.8197443181818
0.40546875,29.8197443181818
0.4055078125,13.8197443181818
0.405546875,-5.18025568181815
0.4055859375,-24.1802556818182
0.405625,-39.1802556818182
0.4056640625,-50.1802556818182
0.405703125,-55.1802556818182
0.4057421875,-56.1802556818182
0.40578125,-52.1802556818182
0.4058203125,-43.1802556818182
0.405859375,-32.1802556818182
0.4058984375,-18.1802556818182
0.4059375,-4.18025568181815
0.4059765625,9.81974431818185
0.406015625,23.8197443181818
0.4060546875,32.8197443181818
0.40609375,36.8197443181818
0.4061328125,35.8197443181818
0.406171875,30.8197443181818
0.4062109375,22.8197443181818
0.40625,11.8197443181818
0.4062890625,-1.18025568181815
0.406328125,-12.1802556818182
0.4063671875,-18.1802556818182
0.40640625,-20.1802556818182
0.4064453125,-20.1802556818182
0.406484375,-17.1802556818182
0.4065234375,-13.1802556818182
0.4065625,-8.18025568181815
0.4066015625,-1.18025568181815
0.406640625,5.81974431818185
0.4066796875,10.8197443181818
0.40671875,13.8197443181818
0.4067578125,13.8197443181818
0.406796875,9.81974431818185
0.4068359375,2.81974431818185
0.406875,-6.18025568181815
0.4069140625,-15.1802556818182
0.406953125,-19.1802556818182
0.4069921875,-19.1802556818182
0.40703125,-14.1802556818182
0.4070703125,-5.18025568181815
0.407109375,7.81974431818185
0.4071484375,22.8197443181818
0.4071875,38.8197443181818
0.4072265625,53.8197443181818
0.407265625,66.8197443181818
0.4073046875,73.8197443181818
0.40734375,74.8197443181818
0.4073828125,66.8197443181818
0.407421875,52.8197443181818
0.4074609375,34.8197443181818
0.4075,14.8197443181818
0.4075390625,-8.18025568181815
0.407578125,-31.1802556818182
0.4076171875,-51.1802556818182
0.40765625,-66.1802556818182
0.4076953125,-75.1802556818182
0.407734375,-77.1802556818182
0.4077734375,-75.1802556818182
0.4078125,-69.1802556818182
0.4078515625,-61.1802556818182
0.407890625,-53.1802556818182
0.4079296875,-41.1802556818182
0.40796875,-32.1802556818182
0.4080078125,-24.1802556818182
0.408046875,-19.1802556818182
0.4080859375,-18.1802556818182
0.408125,-18.1802556818182
0.4081640625,-24.1802556818182
0.408203125,-29.1802556818182
0.4082421875,-33.1802556818182
0.40828125,-30.1802556818182
0.4083203125,-21.1802556818182
0.408359375,-9.18025568181815
0.4083984375,3.81974431818185
0.4084375,17.8197443181818
0.4084765625,31.8197443181818
0.408515625,45.8197443181818
0.4085546875,57.8197443181818
0.40859375,65.8197443181818
0.4086328125,68.8197443181818
0.408671875,67.8197443181818
0.4087109375,63.8197443181818
0.40875,56.8197443181818
0.4087890625,44.8197443181818
0.408828125,31.8197443181818
0.4088671875,17.8197443181818
0.40890625,7.81974431818185
0.4089453125,0.819744318181847
0.408984375,-3.18025568181815
0.4090234375,-5.18025568181815
0.4090625,-4.18025568181815
0.4091015625,-2.18025568181815
0.409140625,-1.18025568181815
0.4091796875,1.81974431818185
0.40921875,3.81974431818185
0.4092578125,6.81974431818185
0.409296875,7.81974431818185
0.4093359375,6.81974431818185
0.409375,0.819744318181847
0.4094140625,-6.18025568181815
0.409453125,-16.1802556818182
0.4094921875,-25.1802556818182
0.40953125,-30.1802556818182
0.4095703125,-31.1802556818182
0.409609375,-29.1802556818182
0.4096484375,-24.1802556818182
0.4096875,-17.1802556818182
0.4097265625,-7.18025568181815
0.409765625,4.81974431818185
0.4098046875,16.8197443181818
0.40984375,25.8197443181818
0.4098828125,31.8197443181818
0.409921875,35.8197443181818
0.4099609375,36.8197443181818
0.41,32.8197443181818
0.4100390625,24.8197443181818
0.410078125,11.8197443181818
0.4101171875,0.819744318181847
0.41015625,-11.1802556818182
0.4101953125,-23.1802556818182
0.410234375,-33.1802556818182
0.4102734375,-42.1802556818182
0.4103125,-49.1802556818182
0.4103515625,-52.1802556818182
0.410390625,-49.1802556818182
0.4104296875,-46.1802556818182
0.41046875,-39.1802556818182
0.4105078125,-30.1802556818182
0.410546875,-21.1802556818182
0.4105859375,-10.1802556818182
0.410625,-2.18025568181815
0.4106640625,2.81974431818185
0.410703125,4.81974431818185
0.4107421875,2.81974431818185
0.41078125,-2.18025568181815
0.4108203125,-6.18025568181815
0.410859375,-8.18025568181815
0.4108984375,-8.18025568181815
0.4109375,-5.18025568181815
0.4109765625,-2.18025568181815
0.411015625,2.81974431818185
0.4110546875,8.81974431818185
0.41109375,15.8197443181818
0.4111328125,21.8197443181818
0.411171875,27.8197443181818
0.4112109375,34.8197443181818
0.41125,41.8197443181818
0.4112890625,49.8197443181818
0.411328125,54.8197443181818
0.4113671875,56.8197443181818
0.41140625,55.8197443181818
0.4114453125,51.8197443181818
0.411484375,45.8197443181818
0.4115234375,37.8197443181818
0.4115625,27.8197443181818
0.4116015625,18.8197443181818
0.411640625,9.81974431818185
0.4116796875,-7.18025568181815
0.41171875,-30.1802556818182
0.4117578125,-51.1802556818182
0.411796875,-65.1802556818182
0.4118359375,-75.1802556818182
0.411875,-78.1802556818182
0.4119140625,-74.1802556818182
0.411953125,-66.1802556818182
0.4119921875,-54.1802556818182
0.41203125,-40.1802556818182
0.4120703125,-27.1802556818182
0.412109375,-18.1802556818182
0.4121484375,-14.1802556818182
0.4121875,-10.1802556818182
0.4122265625,-4.18025568181815
0.412265625,1.81974431818185
0.4123046875,9.81974431818185
0.41234375,18.8197443181818
0.4123828125,26.8197443181818
0.412421875,32.8197443181818
0.4124609375,35.8197443181818
0.4125,43.8197443181818
0.4125390625,56.8197443181818
0.412578125,73.8197443181818
0.4126171875,89.8197443181818
0.41265625,101.819744318182
0.4126953125,108.819744318182
0.412734375,109.819744318182
0.4127734375,106.819744318182
0.4128125,96.8197443181818
0.4128515625,83.8197443181818
0.412890625,64.8197443181818
0.4129296875,42.8197443181818
0.41296875,19.8197443181818
0.4130078125,-2.18025568181815
0.413046875,-20.1802556818182
0.4130859375,-36.1802556818182
0.413125,-52.1802556818182
0.4131640625,-66.1802556818182
0.413203125,-77.1802556818182
0.4132421875,-86.1802556818182
0.41328125,-94.1802556818182
0.4133203125,-103.180255681818
0.413359375,-112.180255681818
0.4133984375,-122.180255681818
0.4134375,-131.180255681818
0.4134765625,-137.180255681818
0.413515625,-134.180255681818
0.4135546875,-126.180255681818
0.41359375,-114.180255681818
0.4136328125,-99.1802556818182
0.413671875,-82.1802556818182
0.4137109375,-64.1802556818182
0.41375,-42.1802556818182
0.4137890625,-16.1802556818182
0.413828125,10.8197443181818
0.4138671875,37.8197443181818
0.41390625,60.8197443181818
0.4139453125,78.8197443181818
0.413984375,89.8197443181818
0.4140234375,95.8197443181818
0.4140625,93.8197443181818
0.4141015625,89.8197443181818
0.414140625,81.8197443181818
0.4141796875,70.8197443181818
0.41421875,60.8197443181818
0.4142578125,50.8197443181818
0.414296875,40.8197443181818
0.4143359375,32.8197443181818
0.414375,27.8197443181818
0.4144140625,24.8197443181818
0.414453125,28.8197443181818
0.4144921875,35.8197443181818
0.41453125,42.8197443181818
0.4145703125,48.8197443181818
0.414609375,50.8197443181818
0.4146484375,49.8197443181818
0.4146875,42.8197443181818
0.4147265625,34.8197443181818
0.414765625,21.8197443181818
0.4148046875,9.81974431818185
0.41484375,-3.18025568181815
0.4148828125,-18.1802556818182
0.414921875,-35.1802556818182
0.4149609375,-52.1802556818182
0.415,-66.1802556818182
0.4150390625,-73.1802556818182
0.415078125,-73.1802556818182
0.4151171875,-71.1802556818182
0.41515625,-67.1802556818182
0.4151953125,-62.1802556818182
0.415234375,-52.1802556818182
0.4152734375,-42.1802556818182
0.4153125,-31.1802556818182
0.4153515625,-18.1802556818182
0.415390625,-5.18025568181815
0.4154296875,7.81974431818185
0.41546875,18.8197443181818
0.4155078125,27.8197443181818
0.415546875,31.8197443181818
0.4155859375,29.8197443181818
0.415625,27.8197443181818
0.4156640625,24.8197443181818
0.415703125,24.8197443181818
0.4157421875,28.8197443181818
0.41578125,38.8197443181818
0.4158203125,49.8197443181818
0.415859375,55.8197443181818
0.4158984375,58.8197443181818
0.4159375,57.8197443181818
0.4159765625,51.8197443181818
0.416015625,40.8197443181818
0.4160546875,28.8197443181818
0.41609375,14.8197443181818
0.4161328125,1.81974431818185
0.416171875,-10.1802556818182
0.4162109375,-19.1802556818182
0.41625,-26.1802556818182
0.4162890625,-32.1802556818182
0.416328125,-35.1802556818182
0.4163671875,-38.1802556818182
0.41640625,-37.1802556818182
0.4164453125,-30.1802556818182
0.416484375,-16.1802556818182
0.4165234375,-1.18025568181815
0.4165625,8.81974431818185
0.4166015625,11.8197443181818
0.416640625,9.81974431818185
0.4166796875,5.81974431818185
0.41671875,-2.18025568181815
0.4167578125,-11.1802556818182
0.416796875,-20.1802556818182
0.4168359375,-32.1802556818182
0.416875,-46.1802556818182
0.4169140625,-60.1802556818182
0.416953125,-71.1802556818182
0.4169921875,-76.1802556818182
0.41703125,-75.1802556818182
0.4170703125,-69.1802556818182
0.417109375,-57.1802556818182
0.4171484375,-43.1802556818182
0.4171875,-27.1802556818182
0.4172265625,-12.1802556818182
0.417265625,0.819744318181847
0.4173046875,9.81974431818185
0.41734375,13.8197443181818
0.4173828125,14.8197443181818
0.417421875,14.8197443181818
0.4174609375,13.8197443181818
0.4175,9.81974431818185
0.4175390625,6.81974431818185
0.417578125,4.81974431818185
0.4176171875,5.81974431818185
0.41765625,9.81974431818185
0.4176953125,18.8197443181818
0.417734375,33.8197443181818
0.4177734375,52.8197443181818
0.4178125,69.8197443181818
0.4178515625,83.8197443181818
0.417890625,91.8197443181818
0.4179296875,93.8197443181818
0.41796875,90.8197443181818
0.4180078125,82.8197443181818
0.418046875,72.8197443181818
0.4180859375,62.8197443181818
0.418125,48.8197443181818
0.4181640625,31.8197443181818
0.418203125,13.8197443181818
0.4182421875,-3.18025568181815
0.41828125,-19.1802556818182
0.4183203125,-33.1802556818182
0.418359375,-41.1802556818182
0.4183984375,-46.1802556818182
0.4184375,-46.1802556818182
0.4184765625,-42.1802556818182
0.418515625,-35.1802556818182
0.4185546875,-26.1802556818182
0.41859375,-20.1802556818182
0.4186328125,-16.1802556818182
0.418671875,-11.1802556818182
0.4187109375,-5.18025568181815
0.41875,0.819744318181847
0.4187890625,4.81974431818185
0.418828125,6.81974431818185
0.4188671875,6.81974431818185
0.41890625,4.81974431818185
0.4189453125,-0.180255681818153
0.418984375,-6.18025568181815
0.4190234375,-14.1802556818182
0.4190625,-24.1802556818182
0.4191015625,-32.1802556818182
0.419140625,-40.1802556818182
0.4191796875,-46.1802556818182
0.41921875,-54.1802556818182
0.4192578125,-59.1802556818182
0.419296875,-62.1802556818182
0.4193359375,-63.1802556818182
0.419375,-60.1802556818182
0.4194140625,-54.1802556818182
0.419453125,-46.1802556818182
0.4194921875,-38.1802556818182
0.41953125,-31.1802556818182
0.4195703125,-28.1802556818182
0.419609375,-22.1802556818182
0.4196484375,-14.1802556818182
0.4196875,-2.18025568181815
0.4197265625,11.8197443181818
0.419765625,24.8197443181818
0.4198046875,35.8197443181818
0.41984375,47.8197443181818
0.4198828125,58.8197443181818
0.419921875,69.8197443181818
0.4199609375,75.8197443181818
0.42,79.8197443181818
0.4200390625,78.8197443181818
0.420078125,76.8197443181818
0.4201171875,70.8197443181818
0.42015625,61.8197443181818
0.4201953125,50.8197443181818
0.420234375,36.8197443181818
0.4202734375,21.8197443181818
0.4203125,9.81974431818185
0.4203515625,-0.180255681818153
0.420390625,-7.18025568181815
0.4204296875,-12.1802556818182
0.42046875,-15.1802556818182
0.4205078125,-19.1802556818182
0.420546875,-23.1802556818182
0.4205859375,-24.1802556818182
0.420625,-23.1802556818182
0.4206640625,-18.1802556818182
0.420703125,-12.1802556818182
0.4207421875,-7.18025568181815
0.42078125,-5.18025568181815
0.4208203125,-7.18025568181815
0.420859375,-8.18025568181815
0.4208984375,-8.18025568181815
0.4209375,-9.18025568181815
0.4209765625,-8.18025568181815
0.421015625,-7.18025568181815
0.4210546875,-6.18025568181815
0.42109375,-7.18025568181815
0.4211328125,-7.18025568181815
0.421171875,-7.18025568181815
0.4212109375,-7.18025568181815
0.42125,-6.18025568181815
0.4212890625,-4.18025568181815
0.421328125,-2.18025568181815
0.4213671875,1.81974431818185
0.42140625,4.81974431818185
0.4214453125,6.81974431818185
0.421484375,6.81974431818185
0.4215234375,6.81974431818185
0.4215625,1.81974431818185
0.4216015625,-0.180255681818153
0.421640625,-2.18025568181815
0.4216796875,-1.18025568181815
0.42171875,-0.180255681818153
0.4217578125,2.81974431818185
0.421796875,7.81974431818185
0.4218359375,15.8197443181818
0.421875,24.8197443181818
0.4219140625,34.8197443181818
0.421953125,44.8197443181818
0.4219921875,50.8197443181818
0.42203125,48.8197443181818
0.4220703125,39.8197443181818
0.422109375,23.8197443181818
0.4221484375,1.81974431818185
0.4221875,-22.1802556818182
0.4222265625,-47.1802556818182
0.422265625,-71.1802556818182
0.4223046875,-90.1802556818182
0.42234375,-104.180255681818
0.4223828125,-111.180255681818
0.422421875,-110.180255681818
0.4224609375,-104.180255681818
0.4225,-91.1802556818182
0.4225390625,-73.1802556818182
0.422578125,-53.1802556818182
0.4226171875,-30.1802556818182
0.42265625,-8.18025568181815
0.4226953125,12.8197443181818
0.422734375,27.8197443181818
0.4227734375,37.8197443181818
0.4228125,38.8197443181818
0.4228515625,35.8197443181818
0.422890625,31.8197443181818
0.4229296875,29.8197443181818
0.42296875,30.8197443181818
0.4230078125,35.8197443181818
0.423046875,41.8197443181818
0.4230859375,52.8197443181818
0.423125,64.8197443181818
0.4231640625,75.8197443181818
0.423203125,83.8197443181818
0.4232421875,88.8197443181818
0.42328125,85.8197443181818
0.4233203125,75.8197443181818
0.423359375,59.8197443181818
0.4233984375,37.8197443181818
0.4234375,11.8197443181818
0.4234765625,-13.1802556818182
0.423515625,-35.1802556818182
0.4235546875,-51.1802556818182
0.42359375,-59.1802556818182
0.4236328125,-58.1802556818182
0.423671875,-51.1802556818182
0.4237109375,-39.1802556818182
0.42375,-24.1802556818182
0.4237890625,-10.1802556818182
0.423828125,1.81974431818185
0.4238671875,11.8197443181818
0.42390625,18.8197443181818
0.4239453125,23.8197443181818
0.423984375,25.8197443181818
0.4240234375,23.8197443181818
0.4240625,17.8197443181818
0.4241015625,11.8197443181818
0.424140625,3.81974431818185
0.4241796875,-3.18025568181815
0.42421875,-9.18025568181815
0.4242578125,-12.1802556818182
0.424296875,-12.1802556818182
0.4243359375,-11.1802556818182
0.424375,-10.1802556818182
0.4244140625,-9.18025568181815
0.424453125,-8.18025568181815
0.4244921875,-8.18025568181815
0.42453125,-6.18025568181815
0.4245703125,-1.18025568181815
0.424609375,4.81974431818185
0.4246484375,10.8197443181818
0.4246875,13.8197443181818
0.4247265625,14.8197443181818
0.424765625,10.8197443181818
0.4248046875,5.81974431818185
0.42484375,1.81974431818185
0.4248828125,-1.18025568181815
0.424921875,-4.18025568181815
0.4249609375,-8.18025568181815
0.425,-11.1802556818182
0.4250390625,-12.1802556818182
0.425078125,-10.1802556818182
0.4251171875,-7.18025568181815
0.42515625,-2.18025568181815
0.4251953125,3.81974431818185
0.425234375,10.8197443181818
0.4252734375,15.8197443181818
0.4253125,18.8197443181818
0.4253515625,18.8197443181818
0.425390625,13.8197443181818
0.4254296875,3.81974431818185
0.42546875,-8.18025568181815
0.4255078125,-22.1802556818182
0.425546875,-34.1802556818182
0.4255859375,-45.1802556818182
0.425625,-50.1802556818182
0.4256640625,-53.1802556818182
0.425703125,-51.1802556818182
0.4257421875,-46.1802556818182
0.42578125,-38.1802556818182
0.4258203125,-24.1802556818182
0.425859375,-9.18025568181815
0.4258984375,3.81974431818185
0.4259375,15.8197443181818
0.4259765625,22.8197443181818
0.426015625,26.8197443181818
0.4260546875,25.8197443181818
0.42609375,22.8197443181818
0.4261328125,19.8197443181818
0.426171875,16.8197443181818
0.4262109375,13.8197443181818
0.42625,9.81974431818185
0.4262890625,6.81974431818185
0.426328125,-0.180255681818153
0.4263671875,-9.18025568181815
0.42640625,-19.1802556818182
0.4264453125,-29.1802556818182
0.426484375,-37.1802556818182
0.4265234375,-39.1802556818182
0.4265625,-39.1802556818182
0.4266015625,-37.1802556818182
0.426640625,-33.1802556818182
0.4266796875,-27.1802556818182
0.42671875,-19.1802556818182
0.4267578125,-9.18025568181815
0.426796875,2.81974431818185
0.4268359375,14.8197443181818
0.426875,27.8197443181818
0.4269140625,34.8197443181818
0.426953125,38.8197443181818
0.4269921875,39.8197443181818
0.42703125,37.8197443181818
0.4270703125,34.8197443181818
0.427109375,32.8197443181818
0.4271484375,32.8197443181818
0.4271875,31.8197443181818
0.4272265625,35.8197443181818
0.427265625,41.8197443181818
0.4273046875,47.8197443181818
0.42734375,55.8197443181818
0.4273828125,62.8197443181818
0.427421875,67.8197443181818
0.4274609375,67.8197443181818
0.4275,63.8197443181818
0.4275390625,52.8197443181818
0.427578125,37.8197443181818
0.4276171875,15.8197443181818
0.42765625,-8.18025568181815
0.4276953125,-29.1802556818182
0.427734375,-49.1802556818182
0.4277734375,-66.1802556818182
0.4278125,-74.1802556818182
0.4278515625,-79.1802556818182
0.427890625,-79.1802556818182
0.4279296875,-75.1802556818182
0.42796875,-67.1802556818182
0.4280078125,-58.1802556818182
0.428046875,-50.1802556818182
0.4280859375,-45.1802556818182
0.428125,-42.1802556818182
0.4281640625,-42.1802556818182
0.428203125,-43.1802556818182
0.4282421875,-45.1802556818182
0.42828125,-44.1802556818182
0.4283203125,-41.1802556818182
0.428359375,-36.1802556818182
0.4283984375,-28.1802556818182
0.4284375,-18.1802556818182
0.4284765625,-2.18025568181815
0.428515625,16.8197443181818
0.4285546875,37.8197443181818
0.42859375,57.8197443181818
0.4286328125,70.8197443181818
0.428671875,78.8197443181818
0.4287109375,81.8197443181818
0.42875,82.8197443181818
0.4287890625,81.8197443181818
0.428828125,77.8197443181818
0.4288671875,71.8197443181818
0.42890625,61.8197443181818
0.4289453125,51.8197443181818
0.428984375,39.8197443181818
0.4290234375,29.8197443181818
0.4290625,20.8197443181818
0.4291015625,13.8197443181818
0.429140625,6.81974431818185
0.4291796875,-1.18025568181815
0.42921875,-8.18025568181815
0.4292578125,-16.1802556818182
0.429296875,-24.1802556818182
0.4293359375,-31.1802556818182
0.429375,-38.1802556818182
0.4294140625,-45.1802556818182
0.429453125,-48.1802556818182
0.4294921875,-48.1802556818182
0.42953125,-46.1802556818182
0.4295703125,-43.1802556818182
0.429609375,-42.1802556818182
0.4296484375,-44.1802556818182
0.4296875,-45.1802556818182
0.4297265625,-46.1802556818182
0.429765625,-43.1802556818182
0.4298046875,-38.1802556818182
0.42984375,-30.1802556818182
0.4298828125,-21.1802556818182
0.429921875,-11.1802556818182
0.4299609375,-3.18025568181815
0.43,6.81974431818185
0.4300390625,17.8197443181818
0.430078125,29.8197443181818
0.4301171875,40.8197443181818
0.43015625,49.8197443181818
0.4301953125,52.8197443181818
0.430234375,52.8197443181818
0.4302734375,50.8197443181818
0.4303125,46.8197443181818
0.4303515625,38.8197443181818
0.430390625,33.8197443181818
0.4304296875,28.8197443181818
0.43046875,23.8197443181818
0.4305078125,22.8197443181818
0.430546875,21.8197443181818
0.4305859375,19.8197443181818
0.430625,17.8197443181818
0.4306640625,10.8197443181818
0.430703125,2.81974431818185
0.4307421875,-5.18025568181815
0.43078125,-12.1802556818182
0.4308203125,-18.1802556818182
0.430859375,-25.1802556818182
0.4308984375,-33.1802556818182
0.4309375,-40.1802556818182
0.4309765625,-46.1802556818182
0.431015625,-50.1802556818182
0.4310546875,-51.1802556818182
0.43109375,-46.1802556818182
0.4311328125,-35.1802556818182
0.431171875,-23.1802556818182
0.4312109375,-11.1802556818182
0.43125,-1.18025568181815
0.4312890625,6.81974431818185
0.431328125,10.8197443181818
0.4313671875,14.8197443181818
0.43140625,13.8197443181818
0.4314453125,9.81974431818185
0.431484375,1.81974431818185
0.4315234375,-10.1802556818182
0.4315625,-19.1802556818182
0.4316015625,-25.1802556818182
0.431640625,-28.1802556818182
0.4316796875,-26.1802556818182
0.43171875,-22.1802556818182
0.4317578125,-14.1802556818182
0.431796875,-5.18025568181815
0.4318359375,4.81974431818185
0.431875,14.8197443181818
0.4319140625,23.8197443181818
0.431953125,29.8197443181818
0.4319921875,32.8197443181818
0.43203125,32.8197443181818
0.4320703125,31.8197443181818
0.432109375,31.8197443181818
0.4321484375,31.8197443181818
0.4321875,29.8197443181818
0.4322265625,22.8197443181818
0.432265625,14.8197443181818
0.4323046875,6.81974431818185
0.43234375,2.81974431818185
0.4323828125,2.81974431818185
0.432421875,4.81974431818185
0.4324609375,5.81974431818185
0.4325,7.81974431818185
0.4325390625,8.81974431818185
0.432578125,9.81974431818185
0.4326171875,9.81974431818185
0.43265625,8.81974431818185
0.4326953125,5.81974431818185
0.432734375,-2.18025568181815
0.4327734375,-12.1802556818182
0.4328125,-25.1802556818182
0.4328515625,-35.1802556818182
0.432890625,-43.1802556818182
0.4329296875,-48.1802556818182
0.43296875,-50.1802556818182
0.4330078125,-50.1802556818182
0.433046875,-44.1802556818182
0.4330859375,-30.1802556818182
0.433125,-13.1802556818182
0.4331640625,0.819744318181847
0.433203125,9.81974431818185
0.4332421875,13.8197443181818
0.43328125,16.8197443181818
0.4333203125,19.8197443181818
0.433359375,24.8197443181818
0.4333984375,33.8197443181818
0.4334375,43.8197443181818
0.4334765625,49.8197443181818
0.433515625,49.8197443181818
0.4335546875,43.8197443181818
0.43359375,35.8197443181818
0.4336328125,22.8197443181818
0.433671875,8.81974431818185
0.4337109375,-6.18025568181815
0.43375,-19.1802556818182
0.4337890625,-26.1802556818182
0.433828125,-28.1802556818182
0.4338671875,-27.1802556818182
0.43390625,-26.1802556818182
0.4339453125,-27.1802556818182
0.433984375,-26.1802556818182
0.4340234375,-25.1802556818182
0.4340625,-20.1802556818182
0.4341015625,-13.1802556818182
0.434140625,-4.18025568181815
0.4341796875,2.81974431818185
0.43421875,6.81974431818185
0.4342578125,9.81974431818185
0.434296875,14.8197443181818
0.4343359375,20.8197443181818
0.434375,28.8197443181818
0.4344140625,32.8197443181818
0.434453125,34.8197443181818
0.4344921875,34.8197443181818
0.43453125,33.8197443181818
0.4345703125,32.8197443181818
0.434609375,32.8197443181818
0.4346484375,29.8197443181818
0.4346875,25.8197443181818
0.4347265625,19.8197443181818
0.434765625,10.8197443181818
0.4348046875,1.81974431818185
0.43484375,-8.18025568181815
0.4348828125,-21.1802556818182
0.434921875,-35.1802556818182
0.4349609375,-47.1802556818182
0.435,-56.1802556818182
0.4350390625,-61.1802556818182
0.435078125,-62.1802556818182
0.4351171875,-62.1802556818182
0.43515625,-62.1802556818182
0.4351953125,-61.1802556818182
0.435234375,-58.1802556818182
0.4352734375,-48.1802556818182
0.4353125,-34.1802556818182
0.4353515625,-17.1802556818182
0.435390625,-1.18025568181815
0.4354296875,13.8197443181818
0.43546875,25.8197443181818
0.4355078125,34.8197443181818
0.435546875,44.8197443181818
0.4355859375,50.8197443181818
0.435625,51.8197443181818
0.4356640625,50.8197443181818
0.435703125,44.8197443181818
0.4357421875,36.8197443181818
0.43578125,29.8197443181818
0.4358203125,22.8197443181818
0.435859375,16.8197443181818
0.4358984375,11.8197443181818
0.4359375,5.81974431818185
0.4359765625,1.81974431818185
0.436015625,0.819744318181847
0.4360546875,2.81974431818185
0.43609375,1.81974431818185
0.4361328125,0.819744318181847
0.436171875,-4.18025568181815
0.4362109375,-12.1802556818182
0.43625,-19.1802556818182
0.4362890625,-27.1802556818182
0.436328125,-33.1802556818182
0.4363671875,-37.1802556818182
0.43640625,-40.1802556818182
0.4364453125,-44.1802556818182
0.436484375,-44.1802556818182
0.4365234375,-36.1802556818182
0.4365625,-22.1802556818182
0.4366015625,-1.18025568181815
0.436640625,21.8197443181818
0.4366796875,43.8197443181818
0.43671875,59.8197443181818
0.4367578125,69.8197443181818
0.436796875,69.8197443181818
0.4368359375,61.8197443181818
0.436875,45.8197443181818
0.4369140625,22.8197443181818
0.436953125,-1.18025568181815
0.4369921875,-24.1802556818182
0.43703125,-46.1802556818182
0.4370703125,-63.1802556818182
0.437109375,-73.1802556818182
0.4371484375,-77.1802556818182
0.4371875,-75.1802556818182
0.4372265625,-66.1802556818182
0.437265625,-52.1802556818182
0.4373046875,-32.1802556818182
0.43734375,-9.18025568181815
0.4373828125,8.81974431818185
0.437421875,24.8197443181818
0.4374609375,36.8197443181818
0.4375,44.8197443181818
0.4375390625,52.8197443181818
0.437578125,57.8197443181818
0.4376171875,61.8197443181818
0.43765625,62.8197443181818
0.4376953125,63.8197443181818
0.437734375,64.8197443181818
0.4377734375,63.8197443181818
0.4378125,60.8197443181818
0.4378515625,54.8197443181818
0.437890625,49.8197443181818
0.4379296875,40.8197443181818
0.43796875,29.8197443181818
0.4380078125,18.8197443181818
0.438046875,6.81974431818185
0.4380859375,-5.18025568181815
0.438125,-18.1802556818182
0.4381640625,-32.1802556818182
0.438203125,-45.1802556818182
0.4382421875,-56.1802556818182
0.43828125,-64.1802556818182
0.4383203125,-67.1802556818182
0.438359375,-65.1802556818182
0.4383984375,-62.1802556818182
0.4384375,-60.1802556818182
0.4384765625,-57.1802556818182
0.438515625,-50.1802556818182
0.4385546875,-40.1802556818182
0.43859375,-28.1802556818182
0.4386328125,-15.1802556818182
0.438671875,-6.18025568181815
0.4387109375,1.81974431818185
0.43875,6.81974431818185
0.4387890625,10.8197443181818
0.438828125,17.8197443181818
0.4388671875,23.8197443181818
0.43890625,27.8197443181818
0.4389453125,30.8197443181818
0.438984375,33.8197443181818
0.4390234375,33.8197443181818
0.4390625,33.8197443181818
0.4391015625,31.8197443181818
0.439140625,29.8197443181818
0.4391796875,30.8197443181818
0.43921875,29.8197443181818
0.4392578125,28.8197443181818
0.439296875,27.8197443181818
0.4393359375,24.8197443181818
0.439375,20.8197443181818
0.4394140625,14.8197443181818
0.439453125,5.81974431818185
0.4394921875,-4.18025568181815
0.43953125,-13.1802556818182
0.4395703125,-20.1802556818182
0.439609375,-26.1802556818182
0.4396484375,-32.1802556818182
0.4396875,-38.1802556818182
0.4397265625,-43.1802556818182
0.439765625,-42.1802556818182
0.4398046875,-34.1802556818182
0.43984375,-24.1802556818182
0.4398828125,-14.1802556818182
0.439921875,-8.18025568181815
0.4399609375,-4.18025568181815
0.44,-2.18025568181815
0.4400390625,-3.18025568181815
0.440078125,-6.18025568181815
0.4401171875,-13.1802556818182
0.44015625,-21.1802556818182
0.4401953125,-29.1802556818182
0.440234375,-34.1802556818182
0.4402734375,-38.1802556818182
0.4403125,-40.1802556818182
0.4403515625,-36.1802556818182
0.440390625,-29.1802556818182
0.4404296875,-21.1802556818182
0.44046875,-10.1802556818182
0.4405078125,2.81974431818185
0.440546875,17.8197443181818
0.4405859375,32.8197443181818
0.440625,43.8197443181818
0.4406640625,50.8197443181818
0.440703125,51.8197443181818
0.4407421875,48.8197443181818
0.44078125,44.8197443181818
0.4408203125,39.8197443181818
0.440859375,33.8197443181818
0.4408984375,26.8197443181818
0.4409375,18.8197443181818
0.4409765625,11.8197443181818
0.441015625,5.81974431818185
0.4410546875,1.81974431818185
0.44109375,-2.18025568181815
0.4411328125,-5.18025568181815
0.441171875,-8.18025568181815
0.4412109375,-10.1802556818182
0.44125,-12.1802556818182
0.4412890625,-10.1802556818182
0.441328125,-8.18025568181815
0.4413671875,-4.18025568181815
0.44140625,-1.18025568181815
0.4414453125,3.81974431818185
0.441484375,8.81974431818185
0.4415234375,15.8197443181818
0.4415625,18.8197443181818
0.4416015625,17.8197443181818
0.441640625,13.8197443181818
0.4416796875,7.81974431818185
0.44171875,-0.180255681818153
0.4417578125,-5.18025568181815
0.441796875,-7.18025568181815
0.4418359375,-7.18025568181815
0.441875,-7.18025568181815
0.4419140625,-6.18025568181815
0.441953125,-7.18025568181815
0.4419921875,-6.18025568181815
0.44203125,-7.18025568181815
0.4420703125,-9.18025568181815
0.442109375,-10.1802556818182
0.4421484375,-13.1802556818182
0.4421875,-17.1802556818182
0.4422265625,-22.1802556818182
0.442265625,-25.1802556818182
0.4423046875,-25.1802556818182
0.44234375,-24.1802556818182
0.4423828125,-21.1802556818182
0.442421875,-16.1802556818182
0.4424609375,-10.1802556818182
0.4425,-1.18025568181815
0.4425390625,9.81974431818185
0.442578125,22.8197443181818
0.4426171875,31.8197443181818
0.44265625,36.8197443181818
0.4426953125,38.8197443181818
0.442734375,38.8197443181818
0.4427734375,37.8197443181818
0.4428125,36.8197443181818
0.4428515625,33.8197443181818
0.442890625,28.8197443181818
0.4429296875,20.8197443181818
0.44296875,8.81974431818185
0.4430078125,-4.18025568181815
0.443046875,-15.1802556818182
0.4430859375,-22.1802556818182
0.443125,-28.1802556818182
0.4431640625,-32.1802556818182
0.443203125,-36.1802556818182
0.4432421875,-39.1802556818182
0.44328125,-41.1802556818182
0.4433203125,-40.1802556818182
0.443359375,-40.1802556818182
0.4433984375,-37.1802556818182
0.4434375,-33.1802556818182
0.4434765625,-28.1802556818182
0.443515625,-22.1802556818182
0.4435546875,-15.1802556818182
0.44359375,-6.18025568181815
0.4436328125,3.81974431818185
0.443671875,9.81974431818185
0.4437109375,15.8197443181818
0.44375,23.8197443181818
0.4437890625,30.8197443181818
0.443828125,38.8197443181818
0.4438671875,44.8197443181818
0.44390625,47.8197443181818
0.4439453125,47.8197443181818
0.443984375,47.8197443181818
0.4440234375,44.8197443181818
0.4440625,42.8197443181818
0.4441015625,41.8197443181818
0.444140625,38.8197443181818
0.4441796875,32.8197443181818
0.44421875,24.8197443181818
0.4442578125,11.8197443181818
0.444296875,-3.18025568181815
0.4443359375,-18.1802556818182
0.444375,-31.1802556818182
0.4444140625,-43.1802556818182
0.444453125,-51.1802556818182
0.4444921875,-56.1802556818182
0.44453125,-59.1802556818182
0.4445703125,-56.1802556818182
0.444609375,-52.1802556818182
0.4446484375,-43.1802556818182
0.4446875,-29.1802556818182
0.4447265625,-15.1802556818182
0.444765625,-3.18025568181815
0.4448046875,6.81974431818185
0.44484375,13.8197443181818
0.4448828125,19.8197443181818
0.444921875,25.8197443181818
0.4449609375,24.8197443181818
0.445,21.8197443181818
0.4450390625,17.8197443181818
0.445078125,19.8197443181818
0.4451171875,21.8197443181818
0.44515625,27.8197443181818
0.4451953125,29.8197443181818
0.445234375,30.8197443181818
0.4452734375,28.8197443181818
0.4453125,25.8197443181818
0.4453515625,19.8197443181818
0.445390625,14.8197443181818
0.4454296875,6.81974431818185
0.44546875,-2.18025568181815
0.4455078125,-14.1802556818182
0.445546875,-25.1802556818182
0.4455859375,-35.1802556818182
0.445625,-41.1802556818182
0.4456640625,-47.1802556818182
0.445703125,-51.1802556818182
0.4457421875,-53.1802556818182
0.44578125,-52.1802556818182
0.4458203125,-49.1802556818182
0.445859375,-43.1802556818182
0.4458984375,-35.1802556818182
0.4459375,-27.1802556818182
0.4459765625,-18.1802556818182
0.446015625,-9.18025568181815
0.4460546875,2.81974431818185
0.44609375,14.8197443181818
0.4461328125,23.8197443181818
0.446171875,26.8197443181818
0.4462109375,25.8197443181818
0.44625,19.8197443181818
0.4462890625,10.8197443181818
0.446328125,2.81974431818185
0.4463671875,-1.18025568181815
0.44640625,-2.18025568181815
0.4464453125,-1.18025568181815
0.446484375,1.81974431818185
0.4465234375,5.81974431818185
0.4465625,13.8197443181818
0.4466015625,20.8197443181818
0.446640625,27.8197443181818
0.4466796875,32.8197443181818
0.44671875,35.8197443181818
0.4467578125,37.8197443181818
0.446796875,35.8197443181818
0.4468359375,32.8197443181818
0.446875,26.8197443181818
0.4469140625,18.8197443181818
0.446953125,12.8197443181818
0.4469921875,6.81974431818185
0.44703125,2.81974431818185
0.4470703125,1.81974431818185
0.447109375,2.81974431818185
0.4471484375,5.81974431818185
0.4471875,8.81974431818185
0.4472265625,9.81974431818185
0.447265625,10.8197443181818
0.4473046875,10.8197443181818
0.44734375,11.8197443181818
0.4473828125,12.8197443181818
0.447421875,9.81974431818185
0.4474609375,4.81974431818185
0.4475,-4.18025568181815
0.4475390625,-14.1802556818182
0.447578125,-26.1802556818182
0.4476171875,-36.1802556818182
0.44765625,-45.1802556818182
0.4476953125,-50.1802556818182
0.447734375,-49.1802556818182
0.4477734375,-45.1802556818182
0.4478125,-35.1802556818182
0.4478515625,-24.1802556818182
0.447890625,-12.1802556818182
0.4479296875,-2.18025568181815
0.44796875,9.81974431818185
0.4480078125,19.8197443181818
0.448046875,28.8197443181818
0.4480859375,32.8197443181818
0.448125,33.8197443181818
0.4481640625,29.8197443181818
0.448203125,25.8197443181818
0.4482421875,20.8197443181818
0.44828125,16.8197443181818
0.4483203125,14.8197443181818
0.448359375,12.8197443181818
0.4483984375,13.8197443181818
0.4484375,13.8197443181818
0.4484765625,11.8197443181818
0.448515625,7.81974431818185
0.4485546875,3.81974431818185
0.44859375,-2.18025568181815
0.4486328125,-6.18025568181815
0.448671875,-10.1802556818182
0.4487109375,-17.1802556818182
0.44875,-24.1802556818182
0.4487890625,-31.1802556818182
0.448828125,-39.1802556818182
0.4488671875,-45.1802556818182
0.44890625,-47.1802556818182
0.4489453125,-47.1802556818182
0.448984375,-43.1802556818182
0.4490234375,-37.1802556818182
0.4490625,-27.1802556818182
0.4491015625,-19.1802556818182
0.449140625,-12.1802556818182
0.4491796875,-6.18025568181815
0.44921875,-1.18025568181815
0.4492578125,2.81974431818185
0.449296875,6.81974431818185
0.4493359375,11.8197443181818
0.449375,18.8197443181818
0.4494140625,25.8197443181818
0.449453125,29.8197443181818
0.4494921875,30.8197443181818
0.44953125,26.8197443181818
0.4495703125,20.8197443181818
0.449609375,15.8197443181818
0.4496484375,10.8197443181818
0.4496875,5.81974431818185
0.4497265625,0.819744318181847
0.449765625,-4.18025568181815
0.4498046875,-7.18025568181815
0.44984375,-8.18025568181815
0.4498828125,-7.18025568181815
0.449921875,-2.18025568181815
0.4499609375,4.81974431818185
0.45,11.8197443181818
0.4500390625,16.8197443181818
0.450078125,23.8197443181818
0.4501171875,28.8197443181818
0.45015625,32.8197443181818
0.4501953125,33.8197443181818
0.450234375,30.8197443181818
0.4502734375,25.8197443181818
0.4503125,20.8197443181818
0.4503515625,15.8197443181818
0.450390625,7.81974431818185
0.4504296875,-2.18025568181815
0.45046875,-14.1802556818182
0.4505078125,-23.1802556818182
0.450546875,-31.1802556818182
0.4505859375,-34.1802556818182
0.450625,-33.1802556818182
0.4506640625,-27.1802556818182
0.450703125,-20.1802556818182
0.4507421875,-13.1802556818182
0.45078125,-8.18025568181815
0.4508203125,-4.18025568181815
0.450859375,-2.18025568181815
0.4508984375,-2.18025568181815
0.4509375,-2.18025568181815
0.4509765625,-4.18025568181815
0.451015625,-6.18025568181815
0.4510546875,-8.18025568181815
0.45109375,-7.18025568181815
0.4511328125,-4.18025568181815
0.451171875,0.819744318181847
0.4512109375,4.81974431818185
0.45125,9.81974431818185
0.4512890625,14.8197443181818
0.451328125,18.8197443181818
0.4513671875,19.8197443181818
0.45140625,20.8197443181818
0.4514453125,18.8197443181818
0.451484375,14.8197443181818
0.4515234375,9.81974431818185
0.4515625,3.81974431818185
0.4516015625,-0.180255681818153
0.451640625,-3.18025568181815
0.4516796875,-7.18025568181815
0.45171875,-12.1802556818182
0.4517578125,-20.1802556818182
0.451796875,-30.1802556818182
0.4518359375,-35.1802556818182
0.451875,-36.1802556818182
0.4519140625,-32.1802556818182
0.451953125,-23.1802556818182
0.4519921875,-13.1802556818182
0.45203125,-3.18025568181815
0.4520703125,6.81974431818185
0.452109375,12.8197443181818
0.4521484375,17.8197443181818
0.4521875,19.8197443181818
0.4522265625,18.8197443181818
0.452265625,14.8197443181818
0.4523046875,9.81974431818185
0.45234375,4.81974431818185
0.4523828125,1.81974431818185
0.452421875,-2.18025568181815
0.4524609375,-3.18025568181815
0.4525,-2.18025568181815
0.4525390625,0.819744318181847
0.452578125,7.81974431818185
0.4526171875,17.8197443181818
0.45265625,26.8197443181818
0.4526953125,31.8197443181818
0.452734375,30.8197443181818
0.4527734375,29.8197443181818
0.4528125,24.8197443181818
0.4528515625,19.8197443181818
0.452890625,12.8197443181818
0.4529296875,4.81974431818185
0.45296875,-2.18025568181815
0.4530078125,-8.18025568181815
0.453046875,-13.1802556818182
0.4530859375,-16.1802556818182
0.453125,-16.1802556818182
0.4531640625,-15.1802556818182
0.453203125,-11.1802556818182
0.4532421875,-6.18025568181815
0.45328125,-1.18025568181815
0.4533203125,2.81974431818185
0.453359375,5.81974431818185
0.4533984375,5.81974431818185
0.4534375,0.819744318181847
0.4534765625,-4.18025568181815
0.453515625,-11.1802556818182
0.4535546875,-19.1802556818182
0.45359375,-24.1802556818182
0.4536328125,-28.1802556818182
0.453671875,-32.1802556818182
0.4537109375,-34.1802556818182
0.45375,-34.1802556818182
0.4537890625,-31.1802556818182
0.453828125,-26.1802556818182
0.4538671875,-18.1802556818182
0.45390625,-8.18025568181815
0.4539453125,2.81974431818185
0.453984375,14.8197443181818
0.4540234375,25.8197443181818
0.4540625,35.8197443181818
0.4541015625,43.8197443181818
0.454140625,47.8197443181818
0.4541796875,48.8197443181818
0.45421875,45.8197443181818
0.4542578125,39.8197443181818
0.454296875,34.8197443181818
0.4543359375,27.8197443181818
0.454375,19.8197443181818
0.4544140625,11.8197443181818
0.454453125,2.81974431818185
0.4544921875,-6.18025568181815
0.45453125,-16.1802556818182
0.4545703125,-24.1802556818182
0.454609375,-27.1802556818182
0.4546484375,-27.1802556818182
0.4546875,-26.1802556818182
0.4547265625,-28.1802556818182
0.454765625,-32.1802556818182
0.4548046875,-34.1802556818182
0.45484375,-35.1802556818182
0.4548828125,-38.1802556818182
0.454921875,-43.1802556818182
0.4549609375,-48.1802556818182
0.455,-48.1802556818182
0.4550390625,-46.1802556818182
0.455078125,-40.1802556818182
0.4551171875,-32.1802556818182
0.45515625,-23.1802556818182
0.4551953125,-11.1802556818182
0.455234375,3.81974431818185
0.4552734375,19.8197443181818
0.4553125,37.8197443181818
0.4553515625,57.8197443181818
0.455390625,75.8197443181818
0.4554296875,89.8197443181818
0.45546875,99.8197443181818
0.4555078125,103.819744318182
0.455546875,100.819744318182
0.4555859375,94.8197443181818
0.455625,79.8197443181818
0.4556640625,58.8197443181818
0.455703125,34.8197443181818
0.4557421875,11.8197443181818
0.45578125,-6.18025568181815
0.4558203125,-18.1802556818182
0.455859375,-26.1802556818182
0.4558984375,-32.1802556818182
0.4559375,-36.1802556818182
0.4559765625,-40.1802556818182
0.456015625,-44.1802556818182
0.4560546875,-46.1802556818182
0.45609375,-47.1802556818182
0.4561328125,-47.1802556818182
0.456171875,-47.1802556818182
0.4562109375,-46.1802556818182
0.45625,-46.1802556818182
0.4562890625,-43.1802556818182
0.456328125,-40.1802556818182
0.4563671875,-36.1802556818182
0.45640625,-32.1802556818182
0.4564453125,-28.1802556818182
0.456484375,-25.1802556818182
0.4565234375,-19.1802556818182
0.4565625,-15.1802556818182
0.4566015625,-10.1802556818182
0.456640625,-3.18025568181815
0.4566796875,1.81974431818185
0.45671875,4.81974431818185
0.4567578125,8.81974431818185
0.456796875,10.8197443181818
0.4568359375,10.8197443181818
0.456875,8.81974431818185
0.4569140625,5.81974431818185
0.456953125,1.81974431818185
0.4569921875,-2.18025568181815
0.45703125,-3.18025568181815
0.4570703125,-2.18025568181815
0.457109375,4.81974431818185
0.4571484375,12.8197443181818
0.4571875,21.8197443181818
0.4572265625,30.8197443181818
0.457265625,38.8197443181818
0.4573046875,44.8197443181818
0.45734375,47.8197443181818
0.4573828125,49.8197443181818
0.457421875,49.8197443181818
0.4574609375,47.8197443181818
0.4575,44.8197443181818
0.4575390625,39.8197443181818
0.457578125,32.8197443181818
0.4576171875,22.8197443181818
0.45765625,10.8197443181818
0.4576953125,-1.18025568181815
0.457734375,-10.1802556818182
0.4577734375,-17.1802556818182
0.4578125,-22.1802556818182
0.4578515625,-27.1802556818182
0.457890625,-33.1802556818182
0.4579296875,-38.1802556818182
0.45796875,-44.1802556818182
0.4580078125,-50.1802556818182
0.458046875,-54.1802556818182
0.4580859375,-56.1802556818182
0.458125,-53.1802556818182
0.4581640625,-42.1802556818182
0.458203125,-29.1802556818182
0.4582421875,-18.1802556818182
0.45828125,-7.18025568181815
0.4583203125,-0.180255681818153
0.458359375,4.81974431818185
0.4583984375,9.81974431818185
0.4584375,14.8197443181818
0.4584765625,17.8197443181818
0.458515625,22.8197443181818
0.4585546875,24.8197443181818
0.45859375,24.8197443181818
0.4586328125,24.8197443181818
0.458671875,25.8197443181818
0.4587109375,25.8197443181818
0.45875,28.8197443181818
0.4587890625,30.8197443181818
0.458828125,30.8197443181818
0.4588671875,27.8197443181818
0.45890625,21.8197443181818
0.4589453125,12.8197443181818
0.458984375,2.81974431818185
0.4590234375,-7.18025568181815
0.4590625,-14.1802556818182
0.4591015625,-20.1802556818182
0.459140625,-23.1802556818182
0.4591796875,-23.1802556818182
0.45921875,-20.1802556818182
0.4592578125,-13.1802556818182
0.459296875,-5.18025568181815
0.4593359375,3.81974431818185
0.459375,11.8197443181818
0.4594140625,14.8197443181818
0.459453125,15.8197443181818
0.4594921875,11.8197443181818
0.45953125,6.81974431818185
0.4595703125,1.81974431818185
0.459609375,-5.18025568181815
0.4596484375,-11.1802556818182
0.4596875,-13.1802556818182
0.4597265625,-14.1802556818182
0.459765625,-14.1802556818182
0.4598046875,-9.18025568181815
0.45984375,-5.18025568181815
0.4598828125,0.819744318181847
0.459921875,5.81974431818185
0.4599609375,10.8197443181818
0.46,13.8197443181818
0.4600390625,16.8197443181818
0.460078125,19.8197443181818
0.4601171875,18.8197443181818
0.46015625,14.8197443181818
0.4601953125,8.81974431818185
0.460234375,0.819744318181847
0.4602734375,-9.18025568181815
0.4603125,-14.1802556818182
0.4603515625,-20.1802556818182
0.460390625,-23.1802556818182
0.4604296875,-26.1802556818182
0.46046875,-26.1802556818182
0.4605078125,-24.1802556818182
0.460546875,-23.1802556818182
0.4605859375,-19.1802556818182
0.460625,-11.1802556818182
0.4606640625,-1.18025568181815
0.460703125,6.81974431818185
0.4607421875,15.8197443181818
0.46078125,19.8197443181818
0.4608203125,18.8197443181818
0.460859375,16.8197443181818
0.4608984375,12.8197443181818
0.4609375,7.81974431818185
0.4609765625,3.81974431818185
0.461015625,-2.18025568181815
0.4610546875,-4.18025568181815
0.46109375,-4.18025568181815
0.4611328125,-3.18025568181815
0.461171875,-1.18025568181815
0.4612109375,1.81974431818185
0.46125,6.81974431818185
0.4612890625,12.8197443181818
0.461328125,19.8197443181818
0.4613671875,28.8197443181818
0.46140625,37.8197443181818
0.4614453125,41.8197443181818
0.461484375,39.8197443181818
0.4615234375,30.8197443181818
0.4615625,14.8197443181818
0.4616015625,-3.18025568181815
0.461640625,-21.1802556818182
0.4616796875,-33.1802556818182
0.46171875,-41.1802556818182
0.4617578125,-45.1802556818182
0.461796875,-44.1802556818182
0.4618359375,-41.1802556818182
0.461875,-35.1802556818182
0.4619140625,-26.1802556818182
0.461953125,-16.1802556818182
0.4619921875,-4.18025568181815
0.46203125,6.81974431818185
0.4620703125,14.8197443181818
0.462109375,18.8197443181818
0.4621484375,18.8197443181818
0.4621875,11.8197443181818
0.4622265625,0.819744318181847
0.462265625,-13.1802556818182
0.4623046875,-24.1802556818182
0.46234375,-31.1802556818182
0.4623828125,-31.1802556818182
0.462421875,-28.1802556818182
0.4624609375,-21.1802556818182
0.4625,-11.1802556818182
0.4625390625,1.81974431818185
0.462578125,13.8197443181818
0.4626171875,24.8197443181818
0.46265625,32.8197443181818
0.4626953125,36.8197443181818
0.462734375,38.8197443181818
0.4627734375,33.8197443181818
0.4628125,24.8197443181818
0.4628515625,14.8197443181818
0.462890625,4.81974431818185
0.4629296875,-3.18025568181815
0.46296875,-8.18025568181815
0.4630078125,-8.18025568181815
0.463046875,-6.18025568181815
0.4630859375,-1.18025568181815
0.463125,5.81974431818185
0.4631640625,12.8197443181818
0.463203125,16.8197443181818
0.4632421875,19.8197443181818
0.46328125,20.8197443181818
0.4633203125,24.8197443181818
0.463359375,25.8197443181818
0.4633984375,23.8197443181818
0.4634375,20.8197443181818
0.4634765625,14.8197443181818
0.463515625,5.81974431818185
0.4635546875,-3.18025568181815
0.46359375,-14.1802556818182
0.4636328125,-25.1802556818182
0.463671875,-35.1802556818182
0.4637109375,-43.1802556818182
0.46375,-49.1802556818182
0.4637890625,-53.1802556818182
0.463828125,-52.1802556818182
0.4638671875,-52.1802556818182
0.46390625,-49.1802556818182
0.4639453125,-44.1802556818182
0.463984375,-37.1802556818182
0.4640234375,-28.1802556818182
0.4640625,-20.1802556818182
0.4641015625,-14.1802556818182
0.464140625,-12.1802556818182
0.4641796875,-10.1802556818182
0.46421875,-9.18025568181815
0.4642578125,-6.18025568181815
0.464296875,-2.18025568181815
0.4643359375,3.81974431818185
0.464375,10.8197443181818
0.4644140625,15.8197443181818
0.464453125,20.8197443181818
0.4644921875,27.8197443181818
0.46453125,35.8197443181818
0.4645703125,45.8197443181818
0.464609375,56.8197443181818
0.4646484375,67.8197443181818
0.4646875,77.8197443181818
0.4647265625,81.8197443181818
0.464765625,84.8197443181818
0.4648046875,81.8197443181818
0.46484375,75.8197443181818
0.4648828125,65.8197443181818
0.464921875,54.8197443181818
0.4649609375,44.8197443181818
0.465,34.8197443181818
0.4650390625,25.8197443181818
0.465078125,16.8197443181818
0.4651171875,7.81974431818185
0.46515625,-3.18025568181815
0.4651953125,-12.1802556818182
0.465234375,-21.1802556818182
0.4652734375,-28.1802556818182
0.4653125,-37.1802556818182
0.4653515625,-47.1802556818182
0.465390625,-56.1802556818182
0.4654296875,-64.1802556818182
0.46546875,-71.1802556818182
0.4655078125,-76.1802556818182
0.465546875,-77.1802556818182
0.4655859375,-75.1802556818182
0.465625,-72.1802556818182
0.4656640625,-66.1802556818182
0.465703125,-58.1802556818182
0.4657421875,-50.1802556818182
0.46578125,-40.1802556818182
0.4658203125,-30.1802556818182
0.465859375,-20.1802556818182
0.4658984375,-7.18025568181815
0.4659375,7.81974431818185
0.4659765625,21.8197443181818
0.466015625,32.8197443181818
0.4660546875,40.8197443181818
0.46609375,44.8197443181818
0.4661328125,43.8197443181818
0.466171875,39.8197443181818
0.4662109375,34.8197443181818
0.46625,28.8197443181818
0.4662890625,21.8197443181818
0.466328125,14.8197443181818
0.4663671875,7.81974431818185
0.46640625,0.819744318181847
0.4664453125,-7.18025568181815
0.466484375,-12.1802556818182
0.4665234375,-15.1802556818182
0.4665625,-16.1802556818182
0.4666015625,-13.1802556818182
0.466640625,-10.1802556818182
0.4666796875,-3.18025568181815
0.46671875,6.81974431818185
0.4667578125,13.8197443181818
0.466796875,15.8197443181818
0.4668359375,15.8197443181818
0.466875,14.8197443181818
0.4669140625,11.8197443181818
0.466953125,7.81974431818185
0.4669921875,2.81974431818185
0.46703125,-3.18025568181815
0.4670703125,-8.18025568181815
0.467109375,-12.1802556818182
0.4671484375,-15.1802556818182
0.4671875,-14.1802556818182
0.4672265625,-11.1802556818182
0.467265625,-6.18025568181815
0.4673046875,-1.18025568181815
0.46734375,3.81974431818185
0.4673828125,6.81974431818185
0.467421875,9.81974431818185
0.4674609375,8.81974431818185
0.4675,5.81974431818185
0.4675390625,0.819744318181847
0.467578125,-4.18025568181815
0.4676171875,-11.1802556818182
0.46765625,-15.1802556818182
0.4676953125,-15.1802556818182
0.467734375,-14.1802556818182
0.4677734375,-12.1802556818182
0.4678125,-9.18025568181815
0.4678515625,-6.18025568181815
0.467890625,-0.180255681818153
0.4679296875,6.81974431818185
0.46796875,13.8197443181818
0.4680078125,20.8197443181818
0.468046875,26.8197443181818
0.4680859375,28.8197443181818
0.468125,29.8197443181818
0.4681640625,29.8197443181818
0.468203125,29.8197443181818
0.4682421875,29.8197443181818
0.46828125,25.8197443181818
0.4683203125,18.8197443181818
0.468359375,9.81974431818185
0.4683984375,0.819744318181847
0.4684375,-8.18025568181815
0.4684765625,-13.1802556818182
0.468515625,-16.1802556818182
0.4685546875,-17.1802556818182
0.46859375,-17.1802556818182
0.4686328125,-15.1802556818182
0.468671875,-12.1802556818182
0.4687109375,-7.18025568181815
0.46875,-0.180255681818153
0.4687890625,5.81974431818185
0.468828125,12.8197443181818
0.4688671875,18.8197443181818
0.46890625,24.8197443181818
0.4689453125,26.8197443181818
0.468984375,25.8197443181818
0.4690234375,21.8197443181818
0.4690625,16.8197443181818
0.4691015625,8.81974431818185
0.469140625,2.81974431818185
0.4691796875,-1.18025568181815
0.46921875,-4.18025568181815
0.4692578125,-5.18025568181815
0.469296875,-4.18025568181815
0.4693359375,-5.18025568181815
0.469375,-6.18025568181815
0.4694140625,-8.18025568181815
0.469453125,-15.1802556818182
0.4694921875,-25.1802556818182
0.46953125,-35.1802556818182
0.4695703125,-45.1802556818182
0.469609375,-55.1802556818182
0.4696484375,-63.1802556818182
0.4696875,-69.1802556818182
0.4697265625,-72.1802556818182
0.469765625,-70.1802556818182
0.4698046875,-62.1802556818182
0.46984375,-51.1802556818182
0.4698828125,-35.1802556818182
0.469921875,-17.1802556818182
0.4699609375,-2.18025568181815
0.47,12.8197443181818
0.4700390625,25.8197443181818
0.470078125,34.8197443181818
0.4701171875,41.8197443181818
0.47015625,43.8197443181818
0.4701953125,44.8197443181818
0.470234375,44.8197443181818
0.4702734375,42.8197443181818
0.4703125,39.8197443181818
0.4703515625,34.8197443181818
0.470390625,27.8197443181818
0.4704296875,22.8197443181818
0.47046875,22.8197443181818
0.4705078125,23.8197443181818
0.470546875,25.8197443181818
0.4705859375,30.8197443181818
0.470625,33.8197443181818
0.4706640625,34.8197443181818
0.470703125,31.8197443181818
0.4707421875,24.8197443181818
0.47078125,18.8197443181818
0.4708203125,11.8197443181818
0.470859375,4.81974431818185
0.4708984375,-2.18025568181815
0.4709375,-9.18025568181815
0.4709765625,-15.1802556818182
0.471015625,-18.1802556818182
0.4710546875,-17.1802556818182
0.47109375,-14.1802556818182
0.4711328125,-11.1802556818182
0.471171875,-7.18025568181815
0.4712109375,-4.18025568181815
0.47125,-0.180255681818153
0.4712890625,1.81974431818185
0.471328125,1.81974431818185
0.4713671875,-0.180255681818153
0.47140625,-0.180255681818153
0.4714453125,-0.180255681818153
0.471484375,-0.180255681818153
0.4715234375,-1.18025568181815
0.4715625,-1.18025568181815
0.4716015625,-1.18025568181815
0.471640625,-2.18025568181815
0.4716796875,-5.18025568181815
0.47171875,-7.18025568181815
0.4717578125,-8.18025568181815
0.471796875,-7.18025568181815
0.4718359375,-4.18025568181815
0.471875,1.81974431818185
0.4719140625,8.81974431818185
0.471953125,13.8197443181818
0.4719921875,16.8197443181818
0.47203125,14.8197443181818
0.4720703125,11.8197443181818
0.472109375,7.81974431818185
0.4721484375,-0.180255681818153
0.4721875,-7.18025568181815
0.4722265625,-14.1802556818182
0.472265625,-22.1802556818182
0.4723046875,-31.1802556818182
0.47234375,-39.1802556818182
0.4723828125,-44.1802556818182
0.472421875,-47.1802556818182
0.4724609375,-46.1802556818182
0.4725,-45.1802556818182
0.4725390625,-43.1802556818182
0.472578125,-41.1802556818182
0.4726171875,-40.1802556818182
0.47265625,-40.1802556818182
0.4726953125,-37.1802556818182
0.472734375,-34.1802556818182
0.4727734375,-30.1802556818182
0.4728125,-25.1802556818182
0.4728515625,-19.1802556818182
0.472890625,-13.1802556818182
0.4729296875,-4.18025568181815
0.47296875,4.81974431818185
0.4730078125,13.8197443181818
0.473046875,22.8197443181818
0.4730859375,33.8197443181818
0.473125,42.8197443181818
0.4731640625,52.8197443181818
0.473203125,60.8197443181818
0.4732421875,64.8197443181818
0.47328125,62.8197443181818
0.4733203125,56.8197443181818
0.473359375,49.8197443181818
0.4733984375,44.8197443181818
0.4734375,43.8197443181818
0.4734765625,44.8197443181818
0.473515625,48.8197443181818
0.4735546875,48.8197443181818
0.47359375,45.8197443181818
0.4736328125,38.8197443181818
0.473671875,32.8197443181818
0.4737109375,25.8197443181818
0.47375,18.8197443181818
0.4737890625,10.8197443181818
0.473828125,0.819744318181847
0.4738671875,-9.18025568181815
0.47390625,-17.1802556818182
0.4739453125,-24.1802556818182
0.473984375,-28.1802556818182
0.4740234375,-30.1802556818182
0.4740625,-31.1802556818182
0.4741015625,-30.1802556818182
0.474140625,-27.1802556818182
0.4741796875,-26.1802556818182
0.47421875,-29.1802556818182
0.4742578125,-36.1802556818182
0.474296875,-46.1802556818182
0.4743359375,-56.1802556818182
0.474375,-65.1802556818182
0.4744140625,-70.1802556818182
0.474453125,-69.1802556818182
0.4744921875,-66.1802556818182
0.47453125,-58.1802556818182
0.4745703125,-47.1802556818182
0.474609375,-32.1802556818182
0.4746484375,-16.1802556818182
0.4746875,2.81974431818185
0.4747265625,20.8197443181818
0.474765625,37.8197443181818
0.4748046875,50.8197443181818
0.47484375,59.8197443181818
0.4748828125,61.8197443181818
0.474921875,59.8197443181818
0.4749609375,54.8197443181818
0.475,45.8197443181818
0.4750390625,36.8197443181818
0.475078125,29.8197443181818
0.4751171875,26.8197443181818
0.47515625,24.8197443181818
0.4751953125,23.8197443181818
0.475234375,22.8197443181818
0.4752734375,23.8197443181818
0.4753125,23.8197443181818
0.4753515625,24.8197443181818
0.475390625,27.8197443181818
0.4754296875,29.8197443181818
0.47546875,27.8197443181818
0.4755078125,22.8197443181818
0.475546875,11.8197443181818
0.4755859375,-1.18025568181815
0.475625,-16.1802556818182
0.4756640625,-29.1802556818182
0.475703125,-36.1802556818182
0.4757421875,-38.1802556818182
0.47578125,-41.1802556818182
0.4758203125,-44.1802556818182
0.475859375,-46.1802556818182
0.4758984375,-50.1802556818182
0.4759375,-51.1802556818182
0.4759765625,-47.1802556818182
0.476015625,-36.1802556818182
0.4760546875,-22.1802556818182
0.47609375,-7.18025568181815
0.4761328125,5.81974431818185
0.476171875,14.8197443181818
0.4762109375,17.8197443181818
0.47625,14.8197443181818
0.4762890625,3.81974431818185
0.476328125,-10.1802556818182
0.4763671875,-22.1802556818182
0.47640625,-30.1802556818182
0.4764453125,-29.1802556818182
0.476484375,-27.1802556818182
0.4765234375,-23.1802556818182
0.4765625,-17.1802556818182
0.4766015625,-10.1802556818182
0.476640625,-3.18025568181815
0.4766796875,6.81974431818185
0.47671875,15.8197443181818
0.4767578125,22.8197443181818
0.476796875,27.8197443181818
0.4768359375,28.8197443181818
0.476875,24.8197443181818
0.4769140625,19.8197443181818
0.476953125,17.8197443181818
0.4769921875,17.8197443181818
0.47703125,14.8197443181818
0.4770703125,11.8197443181818
0.477109375,9.81974431818185
0.4771484375,9.81974431818185
0.4771875,11.8197443181818
0.4772265625,13.8197443181818
0.477265625,15.8197443181818
0.4773046875,19.8197443181818
0.47734375,24.8197443181818
0.4773828125,28.8197443181818
0.477421875,29.8197443181818
0.4774609375,26.8197443181818
0.4775,21.8197443181818
0.4775390625,14.8197443181818
0.477578125,6.81974431818185
0.4776171875,-0.180255681818153
0.47765625,-7.18025568181815
0.4776953125,-10.1802556818182
0.477734375,-8.18025568181815
0.4777734375,-4.18025568181815
0.4778125,3.81974431818185
0.4778515625,12.8197443181818
0.477890625,21.8197443181818
0.4779296875,26.8197443181818
0.47796875,32.8197443181818
0.4780078125,34.8197443181818
0.478046875,31.8197443181818
0.4780859375,21.8197443181818
0.478125,8.81974431818185
0.4781640625,-5.18025568181815
0.478203125,-19.1802556818182
0.4782421875,-34.1802556818182
0.47828125,-48.1802556818182
0.4783203125,-61.1802556818182
0.478359375,-72.1802556818182
0.4783984375,-79.1802556818182
0.4784375,-84.1802556818182
0.4784765625,-84.1802556818182
0.478515625,-83.1802556818182
0.4785546875,-78.1802556818182
0.47859375,-72.1802556818182
0.4786328125,-63.1802556818182
0.478671875,-50.1802556818182
0.4787109375,-35.1802556818182
0.47875,-20.1802556818182
0.4787890625,-3.18025568181815
0.478828125,9.81974431818185
0.4788671875,19.8197443181818
0.47890625,28.8197443181818
0.4789453125,34.8197443181818
0.478984375,37.8197443181818
0.4790234375,38.8197443181818
0.4790625,35.8197443181818
0.4791015625,31.8197443181818
0.479140625,32.8197443181818
0.4791796875,36.8197443181818
0.47921875,44.8197443181818
0.4792578125,56.8197443181818
0.479296875,69.8197443181818
0.4793359375,80.8197443181818
0.479375,83.8197443181818
0.4794140625,81.8197443181818
0.479453125,73.8197443181818
0.4794921875,61.8197443181818
0.47953125,49.8197443181818
0.4795703125,37.8197443181818
0.479609375,28.8197443181818
0.4796484375,18.8197443181818
0.4796875,11.8197443181818
0.4797265625,3.81974431818185
0.479765625,-4.18025568181815
0.4798046875,-13.1802556818182
0.47984375,-20.1802556818182
0.4798828125,-27.1802556818182
0.479921875,-31.1802556818182
0.4799609375,-35.1802556818182
0.48,-38.1802556818182
0.4800390625,-43.1802556818182
0.480078125,-49.1802556818182
0.4801171875,-58.1802556818182
0.48015625,-68.1802556818182
0.4801953125,-75.1802556818182
0.480234375,-81.1802556818182
0.4802734375,-84.1802556818182
0.4803125,-84.1802556818182
0.4803515625,-80.1802556818182
0.480390625,-72.1802556818182
0.4804296875,-60.1802556818182
0.48046875,-47.1802556818182
0.4805078125,-33.1802556818182
0.480546875,-18.1802556818182
0.4805859375,-5.18025568181815
0.480625,8.81974431818185
0.4806640625,20.8197443181818
0.480703125,30.8197443181818
0.4807421875,37.8197443181818
0.48078125,40.8197443181818
0.4808203125,40.8197443181818
0.480859375,42.8197443181818
0.4808984375,47.8197443181818
0.4809375,55.8197443181818
0.4809765625,62.8197443181818
0.481015625,67.8197443181818
0.4810546875,70.8197443181818
0.48109375,70.8197443181818
0.4811328125,68.8197443181818
0.481171875,63.8197443181818
0.4812109375,56.8197443181818
0.48125,46.8197443181818
0.4812890625,38.8197443181818
0.481328125,31.8197443181818
0.4813671875,25.8197443181818
0.48140625,18.8197443181818
0.4814453125,10.8197443181818
0.481484375,1.81974431818185
0.4815234375,-6.18025568181815
0.4815625,-13.1802556818182
0.4816015625,-19.1802556818182
0.481640625,-24.1802556818182
0.4816796875,-28.1802556818182
0.48171875,-33.1802556818182
0.4817578125,-36.1802556818182
0.481796875,-38.1802556818182
0.4818359375,-39.1802556818182
0.481875,-38.1802556818182
0.4819140625,-32.1802556818182
0.481953125,-23.1802556818182
0.4819921875,-14.1802556818182
0.48203125,-3.18025568181815
0.4820703125,9.81974431818185
0.482109375,21.8197443181818
0.4821484375,30.8197443181818
0.4821875,38.8197443181818
0.4822265625,43.8197443181818
0.482265625,44.8197443181818
0.4823046875,41.8197443181818
0.48234375,33.8197443181818
0.4823828125,24.8197443181818
0.482421875,13.8197443181818
0.4824609375,0.819744318181847
0.4825,-10.1802556818182
0.4825390625,-18.1802556818182
0.482578125,-24.1802556818182
0.4826171875,-31.1802556818182
0.48265625,-38.1802556818182
0.4826953125,-45.1802556818182
0.482734375,-52.1802556818182
0.4827734375,-58.1802556818182
0.4828125,-61.1802556818182
0.4828515625,-63.1802556818182
0.482890625,-63.1802556818182
0.4829296875,-63.1802556818182
0.48296875,-63.1802556818182
0.4830078125,-64.1802556818182
0.483046875,-69.1802556818182
0.4830859375,-75.1802556818182
0.483125,-78.1802556818182
0.4831640625,-77.1802556818182
0.483203125,-71.1802556818182
0.4832421875,-61.1802556818182
0.48328125,-47.1802556818182
0.4833203125,-30.1802556818182
0.483359375,-11.1802556818182
0.4833984375,10.8197443181818
0.4834375,33.8197443181818
0.4834765625,55.8197443181818
0.483515625,76.8197443181818
0.4835546875,93.8197443181818
0.48359375,108.819744318182
0.4836328125,114.819744318182
0.483671875,114.819744318182
0.4837109375,108.819744318182
0.48375,100.819744318182
0.4837890625,90.8197443181818
0.483828125,80.8197443181818
0.4838671875,69.8197443181818
0.48390625,60.8197443181818
0.4839453125,52.8197443181818
0.483984375,45.8197443181818
0.4840234375,38.8197443181818
0.4840625,32.8197443181818
0.4841015625,23.8197443181818
0.484140625,15.8197443181818
0.4841796875,7.81974431818185
0.48421875,-2.18025568181815
0.4842578125,-15.1802556818182
0.484296875,-32.1802556818182
0.4843359375,-51.1802556818182
0.484375,-70.1802556818182
0.4844140625,-88.1802556818182
0.484453125,-100.180255681818
0.4844921875,-106.180255681818
0.48453125,-103.180255681818
0.4845703125,-94.1802556818182
0.484609375,-79.1802556818182
0.4846484375,-59.1802556818182
0.4846875,-39.1802556818182
0.4847265625,-19.1802556818182
0.484765625,0.819744318181847
0.4848046875,17.8197443181818
0.48484375,29.8197443181818
0.4848828125,36.8197443181818
0.484921875,39.8197443181818
0.4849609375,37.8197443181818
0.485,31.8197443181818
0.4850390625,24.8197443181818
0.485078125,17.8197443181818
0.4851171875,12.8197443181818
0.48515625,9.81974431818185
0.4851953125,8.81974431818185
0.485234375,10.8197443181818
0.4852734375,13.8197443181818
0.4853125,18.8197443181818
0.4853515625,22.8197443181818
0.485390625,26.8197443181818
0.4854296875,28.8197443181818
0.48546875,29.8197443181818
0.4855078125,27.8197443181818
0.485546875,22.8197443181818
0.4855859375,14.8197443181818
0.485625,5.81974431818185
0.4856640625,-4.18025568181815
0.485703125,-13.1802556818182
0.4857421875,-18.1802556818182
0.48578125,-19.1802556818182
0.4858203125,-15.1802556818182
0.485859375,-7.18025568181815
0.4858984375,1.81974431818185
0.4859375,10.8197443181818
0.4859765625,19.8197443181818
0.486015625,25.8197443181818
0.4860546875,29.8197443181818
0.48609375,32.8197443181818
0.4861328125,33.8197443181818
0.486171875,32.8197443181818
0.4862109375,29.8197443181818
0.48625,23.8197443181818
0.4862890625,14.8197443181818
0.486328125,5.81974431818185
0.4863671875,-2.18025568181815
0.48640625,-7.18025568181815
0.4864453125,-11.1802556818182
0.486484375,-16.1802556818182
0.4865234375,-21.1802556818182
0.4865625,-23.1802556818182
0.4866015625,-25.1802556818182
0.486640625,-25.1802556818182
0.4866796875,-25.1802556818182
0.48671875,-27.1802556818182
0.4867578125,-28.1802556818182
0.486796875,-31.1802556818182
0.4868359375,-35.1802556818182
0.486875,-40.1802556818182
0.4869140625,-45.1802556818182
0.486953125,-49.1802556818182
0.4869921875,-52.1802556818182
0.48703125,-55.1802556818182
0.4870703125,-55.1802556818182
0.487109375,-50.1802556818182
0.4871484375,-41.1802556818182
0.4871875,-29.1802556818182
0.4872265625,-16.1802556818182
0.487265625,-5.18025568181815
0.4873046875,1.81974431818185
0.48734375,6.81974431818185
0.4873828125,10.8197443181818
0.487421875,13.8197443181818
0.4874609375,16.8197443181818
0.4875,17.8197443181818
0.4875390625,17.8197443181818
0.487578125,18.8197443181818
0.4876171875,21.8197443181818
0.48765625,24.8197443181818
0.4876953125,29.8197443181818
0.487734375,35.8197443181818
0.4877734375,39.8197443181818
0.4878125,42.8197443181818
0.4878515625,44.8197443181818
0.487890625,42.8197443181818
0.4879296875,39.8197443181818
0.48796875,35.8197443181818
0.4880078125,28.8197443181818
0.488046875,22.8197443181818
0.4880859375,16.8197443181818
0.488125,10.8197443181818
0.4881640625,6.81974431818185
0.488203125,3.81974431818185
0.4882421875,0.819744318181847
0.48828125,-2.18025568181815
0.4883203125,-5.18025568181815
0.488359375,-8.18025568181815
0.4883984375,-6.18025568181815
0.4884375,-3.18025568181815
0.4884765625,-1.18025568181815
0.488515625,-2.18025568181815
0.4885546875,-5.18025568181815
0.48859375,-8.18025568181815
0.4886328125,-12.1802556818182
0.488671875,-14.1802556818182
0.4887109375,-14.1802556818182
0.48875,-12.1802556818182
0.4887890625,-8.18025568181815
0.488828125,-5.18025568181815
0.4888671875,-4.18025568181815
0.48890625,-7.18025568181815
0.4889453125,-13.1802556818182
0.488984375,-21.1802556818182
0.4890234375,-31.1802556818182
0.4890625,-41.1802556818182
0.4891015625,-51.1802556818182
0.489140625,-59.1802556818182
0.4891796875,-61.1802556818182
0.48921875,-56.1802556818182
0.4892578125,-47.1802556818182
0.489296875,-34.1802556818182
0.4893359375,-16.1802556818182
0.489375,3.81974431818185
0.4894140625,23.8197443181818
0.489453125,41.8197443181818
0.4894921875,52.8197443181818
0.48953125,57.8197443181818
0.4895703125,58.8197443181818
0.489609375,55.8197443181818
0.4896484375,51.8197443181818
0.4896875,45.8197443181818
0.4897265625,38.8197443181818
0.489765625,29.8197443181818
0.4898046875,21.8197443181818
0.48984375,13.8197443181818
0.4898828125,7.81974431818185
0.489921875,4.81974431818185
0.4899609375,1.81974431818185
0.49,1.81974431818185
0.4900390625,3.81974431818185
0.490078125,5.81974431818185
0.4901171875,9.81974431818185
0.49015625,12.8197443181818
0.4901953125,12.8197443181818
0.490234375,8.81974431818185
0.4902734375,2.81974431818185
0.4903125,-5.18025568181815
0.4903515625,-12.1802556818182
0.490390625,-20.1802556818182
0.4904296875,-27.1802556818182
0.49046875,-32.1802556818182
0.4905078125,-32.1802556818182
0.490546875,-31.1802556818182
0.4905859375,-28.1802556818182
0.490625,-21.1802556818182
0.4906640625,-9.18025568181815
0.490703125,2.81974431818185
0.4907421875,12.8197443181818
0.49078125,20.8197443181818
0.4908203125,22.8197443181818
0.490859375,22.8197443181818
0.4908984375,20.8197443181818
0.4909375,16.8197443181818
0.4909765625,14.8197443181818
0.491015625,10.8197443181818
0.4910546875,6.81974431818185
0.49109375,0.819744318181847
0.4911328125,-8.18025568181815
0.491171875,-17.1802556818182
0.4912109375,-25.1802556818182
0.49125,-28.1802556818182
0.4912890625,-26.1802556818182
0.491328125,-21.1802556818182
0.4913671875,-11.1802556818182
0.49140625,1.81974431818185
0.4914453125,14.8197443181818
0.491484375,25.8197443181818
0.4915234375,32.8197443181818
0.4915625,34.8197443181818
0.4916015625,32.8197443181818
0.491640625,27.8197443181818
0.4916796875,17.8197443181818
0.49171875,5.81974431818185
0.4917578125,-11.1802556818182
0.491796875,-28.1802556818182
0.4918359375,-46.1802556818182
0.491875,-60.1802556818182
0.4919140625,-67.1802556818182
0.491953125,-67.1802556818182
0.4919921875,-61.1802556818182
0.49203125,-49.1802556818182
0.4920703125,-35.1802556818182
0.492109375,-22.1802556818182
0.4921484375,-9.18025568181815
0.4921875,0.819744318181847
0.4922265625,6.81974431818185
0.492265625,11.8197443181818
0.4923046875,9.81974431818185
0.49234375,7.81974431818185
0.4923828125,5.81974431818185
0.492421875,6.81974431818185
0.4924609375,9.81974431818185
0.4925,17.8197443181818
0.4925390625,25.8197443181818
0.492578125,35.8197443181818
0.4926171875,46.8197443181818
0.49265625,60.8197443181818
0.4926953125,71.8197443181818
0.492734375,78.8197443181818
0.4927734375,79.8197443181818
0.4928125,73.8197443181818
0.4928515625,61.8197443181818
0.492890625,43.8197443181818
0.4929296875,23.8197443181818
0.49296875,4.81974431818185
0.4930078125,-13.1802556818182
0.493046875,-28.1802556818182
0.4930859375,-42.1802556818182
0.493125,-52.1802556818182
0.4931640625,-60.1802556818182
0.493203125,-65.1802556818182
0.4932421875,-64.1802556818182
0.49328125,-62.1802556818182
0.4933203125,-57.1802556818182
0.493359375,-50.1802556818182
0.4933984375,-43.1802556818182
0.4934375,-35.1802556818182
0.4934765625,-29.1802556818182
0.493515625,-24.1802556818182
0.4935546875,-20.1802556818182
0.49359375,-17.1802556818182
0.4936328125,-17.1802556818182
0.493671875,-16.1802556818182
0.4937109375,-16.1802556818182
0.49375,-17.1802556818182
0.4937890625,-18.1802556818182
0.493828125,-17.1802556818182
0.4938671875,-14.1802556818182
0.49390625,-6.18025568181815
0.4939453125,2.81974431818185
0.493984375,12.8197443181818
0.4940234375,22.8197443181818
0.4940625,31.8197443181818
0.4941015625,39.8197443181818
0.494140625,46.8197443181818
0.4941796875,50.8197443181818
0.49421875,54.8197443181818
0.4942578125,57.8197443181818
0.494296875,56.8197443181818
0.4943359375,53.8197443181818
0.494375,47.8197443181818
0.4944140625,40.8197443181818
0.494453125,33.8197443181818
0.4944921875,27.8197443181818
0.49453125,21.8197443181818
0.4945703125,18.8197443181818
0.494609375,18.8197443181818
0.4946484375,18.8197443181818
0.4946875,19.8197443181818
0.4947265625,20.8197443181818
0.494765625,17.8197443181818
0.4948046875,12.8197443181818
0.49484375,5.81974431818185
0.4948828125,-4.18025568181815
0.494921875,-16.1802556818182
0.4949609375,-30.1802556818182
0.495,-45.1802556818182
0.4950390625,-58.1802556818182
0.495078125,-70.1802556818182
0.4951171875,-77.1802556818182
0.49515625,-78.1802556818182
0.4951953125,-73.1802556818182
0.495234375,-62.1802556818182
0.4952734375,-47.1802556818182
0.4953125,-28.1802556818182
0.4953515625,-10.1802556818182
0.495390625,3.81974431818185
0.4954296875,14.8197443181818
0.49546875,21.8197443181818
0.4955078125,27.8197443181818
0.495546875,31.8197443181818
0.4955859375,33.8197443181818
0.495625,34.8197443181818
0.4956640625,35.8197443181818
0.495703125,34.8197443181818
0.4957421875,33.8197443181818
0.49578125,31.8197443181818
0.4958203125,25.8197443181818
0.495859375,20.8197443181818
0.4958984375,17.8197443181818
0.4959375,18.8197443181818
0.4959765625,19.8197443181818
0.496015625,20.8197443181818
0.4960546875,20.8197443181818
0.49609375,16.8197443181818
0.4961328125,12.8197443181818
0.496171875,7.81974431818185
0.4962109375,2.81974431818185
0.49625,-3.18025568181815
0.4962890625,-9.18025568181815
0.496328125,-15.1802556818182
0.4963671875,-18.1802556818182
0.49640625,-20.1802556818182
0.4964453125,-23.1802556818182
0.496484375,-22.1802556818182
0.4965234375,-19.1802556818182
0.4965625,-17.1802556818182
0.4966015625,-16.1802556818182
0.496640625,-15.1802556818182
0.4966796875,-12.1802556818182
0.49671875,-7.18025568181815
0.4967578125,-3.18025568181815
0.496796875,-4.18025568181815
0.4968359375,-5.18025568181815
0.496875,-4.18025568181815
0.4969140625,-4.18025568181815
0.496953125,-2.18025568181815
0.4969921875,-1.18025568181815
0.49703125,-4.18025568181815
0.4970703125,-10.1802556818182
0.497109375,-18.1802556818182
0.4971484375,-25.1802556818182
0.4971875,-32.1802556818182
0.4972265625,-36.1802556818182
0.497265625,-39.1802556818182
0.4973046875,-39.1802556818182
0.49734375,-39.1802556818182
0.4973828125,-39.1802556818182
0.497421875,-35.1802556818182
0.4974609375,-32.1802556818182
0.4975,-28.1802556818182
0.4975390625,-22.1802556818182
0.497578125,-14.1802556818182
0.4976171875,-5.18025568181815
0.49765625,3.81974431818185
0.4976953125,12.8197443181818
0.497734375,15.8197443181818
0.4977734375,16.8197443181818
0.4978125,13.8197443181818
0.4978515625,10.8197443181818
0.497890625,8.81974431818185
0.4979296875,5.81974431818185
0.49796875,5.81974431818185
0.4980078125,9.81974431818185
0.498046875,16.8197443181818
0.4980859375,27.8197443181818
0.498125,40.8197443181818
0.4981640625,52.8197443181818
0.498203125,63.8197443181818
0.4982421875,71.8197443181818
0.49828125,72.8197443181818
0.4983203125,66.8197443181818
0.498359375,55.8197443181818
0.4983984375,39.8197443181818
0.4984375,22.8197443181818
0.4984765625,7.81974431818185
0.498515625,-3.18025568181815
0.4985546875,-12.1802556818182
0.49859375,-15.1802556818182
0.4986328125,-16.1802556818182
0.498671875,-15.1802556818182
0.4987109375,-11.1802556818182
0.49875,-6.18025568181815
0.4987890625,-1.18025568181815
0.498828125,3.81974431818185
0.4988671875,6.81974431818185
0.49890625,6.81974431818185
0.4989453125,6.81974431818185
0.498984375,3.81974431818185
0.4990234375,-2.18025568181815
0.4990625,-10.1802556818182
0.4991015625,-20.1802556818182
0.499140625,-28.1802556818182
0.4991796875,-32.1802556818182
0.49921875,-33.1802556818182
0.4992578125,-30.1802556818182
0.499296875,-24.1802556818182
0.4993359375,-17.1802556818182
0.499375,-11.1802556818182
0.4994140625,-3.18025568181815
0.499453125,5.81974431818185
0.4994921875,15.8197443181818
0.49953125,21.8197443181818
0.4995703125,23.8197443181818
0.499609375,19.8197443181818
0.4996484375,12.8197443181818
0.4996875,2.81974431818185
0.4997265625,-8.18025568181815
0.499765625,-18.1802556818182
0.4998046875,-27.1802556818182
0.49984375,-32.1802556818182
0.4998828125,-33.1802556818182
0.499921875,-30.1802556818182
0.4999609375,-24.1802556818182
0.5,-18.1802556818182
0.5000390625,-10.1802556818182
0.500078125,-5.18025568181815
0.5001171875,-1.18025568181815
0.50015625,0.819744318181847
0.5001953125,2.81974431818185
0.500234375,3.81974431818185
0.5002734375,1.81974431818185
0.5003125,-0.180255681818153
0.5003515625,-4.18025568181815
0.500390625,-9.18025568181815
0.5004296875,-13.1802556818182
0.50046875,-12.1802556818182
0.5005078125,-9.18025568181815
0.500546875,-3.18025568181815
0.5005859375,4.81974431818185
0.500625,14.8197443181818
0.5006640625,25.8197443181818
0.500703125,37.8197443181818
0.5007421875,48.8197443181818
0.50078125,58.8197443181818
0.5008203125,64.8197443181818
0.500859375,64.8197443181818
0.5008984375,58.8197443181818
0.5009375,50.8197443181818
0.5009765625,37.8197443181818
0.501015625,22.8197443181818
0.5010546875,8.81974431818185
0.50109375,-5.18025568181815
0.5011328125,-17.1802556818182
0.501171875,-27.1802556818182
0.5012109375,-34.1802556818182
0.50125,-38.1802556818182
0.5012890625,-37.1802556818182
0.501328125,-32.1802556818182
0.5013671875,-24.1802556818182
0.50140625,-12.1802556818182
0.5014453125,-0.180255681818153
0.501484375,9.81974431818185
0.5015234375,16.8197443181818
0.5015625,18.8197443181818
0.5016015625,14.8197443181818
0.501640625,6.81974431818185
0.5016796875,-6.18025568181815
0.50171875,-17.1802556818182
0.5017578125,-26.1802556818182
0.501796875,-32.1802556818182
0.5018359375,-36.1802556818182
0.501875,-36.1802556818182
0.5019140625,-34.1802556818182
0.501953125,-31.1802556818182
0.5019921875,-25.1802556818182
0.50203125,-19.1802556818182
0.5020703125,-12.1802556818182
0.502109375,-8.18025568181815
0.5021484375,-7.18025568181815
0.5021875,-10.1802556818182
0.5022265625,-17.1802556818182
0.502265625,-28.1802556818182
0.5023046875,-41.1802556818182
0.50234375,-52.1802556818182
0.5023828125,-57.1802556818182
0.502421875,-54.1802556818182
0.5024609375,-45.1802556818182
0.5025,-33.1802556818182
0.5025390625,-21.1802556818182
0.502578125,-8.18025568181815
0.5026171875,5.81974431818185
0.50265625,19.8197443181818
0.5026953125,34.8197443181818
0.502734375,49.8197443181818
0.5027734375,62.8197443181818
0.5028125,72.8197443181818
0.5028515625,80.8197443181818
0.502890625,88.8197443181818
0.5029296875,93.8197443181818
0.50296875,93.8197443181818
0.5030078125,87.8197443181818
0.503046875,78.8197443181818
0.5030859375,67.8197443181818
0.503125,52.8197443181818
0.5031640625,36.8197443181818
0.503203125,18.8197443181818
0.5032421875,2.81974431818185
0.50328125,-10.1802556818182
0.5033203125,-20.1802556818182
0.503359375,-29.1802556818182
0.5033984375,-33.1802556818182
0.5034375,-37.1802556818182
0.5034765625,-41.1802556818182
0.503515625,-44.1802556818182
0.5035546875,-49.1802556818182
0.50359375,-56.1802556818182
0.5036328125,-62.1802556818182
0.503671875,-66.1802556818182
0.5037109375,-70.1802556818182
0.50375,-74.1802556818182
0.5037890625,-75.1802556818182
0.503828125,-73.1802556818182
0.5038671875,-66.1802556818182
0.50390625,-57.1802556818182
0.5039453125,-46.1802556818182
0.503984375,-30.1802556818182
0.5040234375,-11.1802556818182
0.5040625,9.81974431818185
0.5041015625,33.8197443181818
0.504140625,57.8197443181818
0.5041796875,76.8197443181818
0.50421875,88.8197443181818
0.5042578125,91.8197443181818
0.504296875,87.8197443181818
0.5043359375,80.8197443181818
0.504375,70.8197443181818
0.5044140625,59.8197443181818
0.504453125,49.8197443181818
0.5044921875,38.8197443181818
0.50453125,28.8197443181818
0.5045703125,19.8197443181818
0.504609375,14.8197443181818
0.5046484375,13.8197443181818
0.5046875,15.8197443181818
0.5047265625,17.8197443181818
0.504765625,17.8197443181818
0.5048046875,16.8197443181818
0.50484375,12.8197443181818
0.5048828125,7.81974431818185
0.504921875,0.819744318181847
0.5049609375,-7.18025568181815
0.505,-14.1802556818182
0.5050390625,-23.1802556818182
0.505078125,-32.1802556818182
0.5051171875,-39.1802556818182
0.50515625,-43.1802556818182
0.5051953125,-48.1802556818182
0.505234375,-52.1802556818182
0.5052734375,-53.1802556818182
0.5053125,-51.1802556818182
0.5053515625,-45.1802556818182
0.505390625,-32.1802556818182
0.5054296875,-19.1802556818182
0.50546875,-9.18025568181815
0.5055078125,-1.18025568181815
0.505546875,3.81974431818185
0.5055859375,6.81974431818185
0.505625,8.81974431818185
0.5056640625,9.81974431818185
0.505703125,7.81974431818185
0.5057421875,4.81974431818185
0.50578125,-1.18025568181815
0.5058203125,-7.18025568181815
0.505859375,-11.1802556818182
0.5058984375,-14.1802556818182
0.5059375,-16.1802556818182
0.5059765625,-16.1802556818182
0.506015625,-16.1802556818182
0.5060546875,-14.1802556818182
0.50609375,-8.18025568181815
0.5061328125,-4.18025568181815
0.506171875,0.819744318181847
0.5062109375,3.81974431818185
0.50625,5.81974431818185
0.5062890625,7.81974431818185
0.506328125,9.81974431818185
0.5063671875,7.81974431818185
0.50640625,1.81974431818185
0.5064453125,-8.18025568181815
0.506484375,-20.1802556818182
0.5065234375,-32.1802556818182
0.5065625,-39.1802556818182
0.5066015625,-41.1802556818182
0.506640625,-37.1802556818182
0.5066796875,-28.1802556818182
0.50671875,-18.1802556818182
0.5067578125,-7.18025568181815
0.506796875,3.81974431818185
0.5068359375,14.8197443181818
0.506875,22.8197443181818
0.5069140625,27.8197443181818
0.506953125,28.8197443181818
0.5069921875,27.8197443181818
0.50703125,26.8197443181818
0.5070703125,24.8197443181818
0.507109375,23.8197443181818
0.5071484375,25.8197443181818
0.5071875,26.8197443181818
0.5072265625,28.8197443181818
0.507265625,31.8197443181818
0.5073046875,36.8197443181818
0.50734375,41.8197443181818
0.5073828125,47.8197443181818
0.507421875,50.8197443181818
0.5074609375,51.8197443181818
0.5075,48.8197443181818
0.5075390625,41.8197443181818
0.507578125,31.8197443181818
0.5076171875,19.8197443181818
0.50765625,5.81974431818185
0.5076953125,-11.1802556818182
0.507734375,-29.1802556818182
0.5077734375,-46.1802556818182
0.5078125,-65.1802556818182
0.5078515625,-77.1802556818182
0.507890625,-81.1802556818182
0.5079296875,-78.1802556818182
0.50796875,-68.1802556818182
0.5080078125,-54.1802556818182
0.508046875,-37.1802556818182
0.5080859375,-20.1802556818182
0.508125,-4.18025568181815
0.5081640625,8.81974431818185
0.508203125,20.8197443181818
0.5082421875,30.8197443181818
0.50828125,39.8197443181818
0.5083203125,43.8197443181818
0.508359375,45.8197443181818
0.5083984375,42.8197443181818
0.5084375,35.8197443181818
0.5084765625,27.8197443181818
0.508515625,19.8197443181818
0.5085546875,14.8197443181818
0.50859375,10.8197443181818
0.5086328125,11.8197443181818
0.508671875,14.8197443181818
0.5087109375,18.8197443181818
0.50875,22.8197443181818
0.5087890625,26.8197443181818
0.508828125,29.8197443181818
0.5088671875,30.8197443181818
0.50890625,29.8197443181818
0.5089453125,25.8197443181818
0.508984375,19.8197443181818
0.5090234375,9.81974431818185
0.5090625,-2.18025568181815
0.5091015625,-14.1802556818182
0.509140625,-23.1802556818182
0.5091796875,-29.1802556818182
0.50921875,-31.1802556818182
0.5092578125,-30.1802556818182
0.509296875,-27.1802556818182
0.5093359375,-25.1802556818182
0.509375,-22.1802556818182
0.5094140625,-21.1802556818182
0.509453125,-21.1802556818182
0.5094921875,-25.1802556818182
0.50953125,-30.1802556818182
0.5095703125,-39.1802556818182
0.509609375,-46.1802556818182
0.5096484375,-53.1802556818182
0.5096875,-60.1802556818182
0.5097265625,-66.1802556818182
0.509765625,-72.1802556818182
0.5098046875,-76.1802556818182
0.50984375,-75.1802556818182
0.5098828125,-67.1802556818182
0.509921875,-55.1802556818182
0.5099609375,-36.1802556818182
0.51,-15.1802556818182
0.5100390625,4.81974431818185
0.510078125,22.8197443181818
0.5101171875,34.8197443181818
0.51015625,46.8197443181818
0.5101953125,60.8197443181818
0.510234375,68.8197443181818
0.5102734375,68.8197443181818
0.5103125,66.8197443181818
0.5103515625,59.8197443181818
0.510390625,49.8197443181818
0.5104296875,40.8197443181818
0.51046875,36.8197443181818
0.5105078125,38.8197443181818
0.510546875,41.8197443181818
0.5105859375,40.8197443181818
0.510625,37.8197443181818
0.5106640625,33.8197443181818
0.510703125,25.8197443181818
0.5107421875,17.8197443181818
0.51078125,13.8197443181818
0.5108203125,10.8197443181818
0.510859375,7.81974431818185
0.5108984375,6.81974431818185
0.5109375,8.81974431818185
0.5109765625,9.81974431818185
0.511015625,7.81974431818185
0.5110546875,1.81974431818185
0.51109375,-4.18025568181815
0.5111328125,-10.1802556818182
0.511171875,-13.1802556818182
0.5112109375,-13.1802556818182
0.51125,-10.1802556818182
0.5112890625,-5.18025568181815
0.511328125,-1.18025568181815
0.5113671875,-0.180255681818153
0.51140625,0.819744318181847
0.5114453125,-0.180255681818153
0.511484375,-3.18025568181815
0.5115234375,-5.18025568181815
0.5115625,-7.18025568181815
0.5116015625,-6.18025568181815
0.511640625,-9.18025568181815
0.5116796875,-12.1802556818182
0.51171875,-15.1802556818182
0.5117578125,-21.1802556818182
0.511796875,-29.1802556818182
0.5118359375,-36.1802556818182
0.511875,-41.1802556818182
0.5119140625,-45.1802556818182
0.511953125,-47.1802556818182
0.5119921875,-48.1802556818182
0.51203125,-48.1802556818182
0.5120703125,-45.1802556818182
0.512109375,-39.1802556818182
0.5121484375,-29.1802556818182
0.5121875,-12.1802556818182
0.5122265625,7.81974431818185
0.512265625,29.8197443181818
0.5123046875,51.8197443181818
0.51234375,67.8197443181818
0.5123828125,73.8197443181818
0.512421875,68.8197443181818
0.5124609375,56.8197443181818
0.5125,39.8197443181818
0.5125390625,21.8197443181818
0.512578125,5.81974431818185
0.5126171875,-9.18025568181815
0.51265625,-20.1802556818182
0.5126953125,-28.1802556818182
0.512734375,-34.1802556818182
0.5127734375,-35.1802556818182
0.5128125,-36.1802556818182
0.5128515625,-38.1802556818182
0.512890625,-41.1802556818182
0.5129296875,-43.1802556818182
0.51296875,-46.1802556818182
0.5130078125,-45.1802556818182
0.513046875,-41.1802556818182
0.5130859375,-36.1802556818182
0.513125,-29.1802556818182
0.5131640625,-23.1802556818182
0.513203125,-20.1802556818182
0.5132421875,-15.1802556818182
0.51328125,-11.1802556818182
0.5133203125,-4.18025568181815
0.513359375,6.81974431818185
0.5133984375,19.8197443181818
0.5134375,35.8197443181818
0.5134765625,51.8197443181818
0.513515625,68.8197443181818
0.5135546875,83.8197443181818
0.51359375,96.8197443181818
0.5136328125,101.819744318182
0.513671875,96.8197443181818
0.5137109375,82.8197443181818
0.51375,64.8197443181818
0.5137890625,45.8197443181818
0.513828125,30.8197443181818
0.5138671875,19.8197443181818
0.51390625,10.8197443181818
0.5139453125,7.81974431818185
0.513984375,3.81974431818185
0.5140234375,-1.18025568181815
0.5140625,-4.18025568181815
0.5141015625,-7.18025568181815
0.514140625,-6.18025568181815
0.5141796875,-5.18025568181815
0.51421875,-4.18025568181815
0.5142578125,-6.18025568181815
0.514296875,-12.1802556818182
0.5143359375,-22.1802556818182
0.514375,-34.1802556818182
0.5144140625,-46.1802556818182
0.514453125,-57.1802556818182
0.5144921875,-65.1802556818182
0.51453125,-67.1802556818182
0.5145703125,-67.1802556818182
0.514609375,-66.1802556818182
0.5146484375,-61.1802556818182
0.5146875,-53.1802556818182
0.5147265625,-40.1802556818182
0.514765625,-23.1802556818182
0.5148046875,-6.18025568181815
0.51484375,10.8197443181818
0.5148828125,23.8197443181818
0.514921875,29.8197443181818
0.5149609375,33.8197443181818
0.515,33.8197443181818
0.5150390625,33.8197443181818
0.515078125,32.8197443181818
0.5151171875,32.8197443181818
0.51515625,31.8197443181818
0.5151953125,29.8197443181818
0.515234375,27.8197443181818
0.5152734375,27.8197443181818
0.5153125,28.8197443181818
0.5153515625,28.8197443181818
0.515390625,28.8197443181818
0.5154296875,27.8197443181818
0.51546875,26.8197443181818
0.5155078125,23.8197443181818
0.515546875,19.8197443181818
0.5155859375,12.8197443181818
0.515625,-0.180255681818153
0.5156640625,-17.1802556818182
0.515703125,-34.1802556818182
0.5157421875,-52.1802556818182
0.51578125,-67.1802556818182
0.5158203125,-77.1802556818182
0.515859375,-83.1802556818182
0.5158984375,-86.1802556818182
0.5159375,-86.1802556818182
0.5159765625,-81.1802556818182
0.516015625,-70.1802556818182
0.5160546875,-54.1802556818182
0.51609375,-36.1802556818182
0.5161328125,-18.1802556818182
0.516171875,-0.180255681818153
0.5162109375,16.8197443181818
0.51625,32.8197443181818
0.5162890625,46.8197443181818
0.516328125,59.8197443181818
0.5163671875,69.8197443181818
0.51640625,75.8197443181818
0.5164453125,79.8197443181818
0.516484375,81.8197443181818
0.5165234375,82.8197443181818
0.5165625,80.8197443181818
0.5166015625,75.8197443181818
0.516640625,66.8197443181818
0.5166796875,56.8197443181818
0.51671875,47.8197443181818
0.5167578125,37.8197443181818
0.516796875,27.8197443181818
0.5168359375,16.8197443181818
0.516875,5.81974431818185
0.5169140625,-9.18025568181815
0.516953125,-27.1802556818182
0.5169921875,-46.1802556818182
0.51703125,-61.1802556818182
0.5170703125,-73.1802556818182
0.517109375,-79.1802556818182
0.5171484375,-81.1802556818182
0.5171875,-81.1802556818182
0.5172265625,-79.1802556818182
0.517265625,-75.1802556818182
0.5173046875,-67.1802556818182
0.51734375,-55.1802556818182
0.5173828125,-42.1802556818182
0.517421875,-30.1802556818182
0.5174609375,-19.1802556818182
0.5175,-8.18025568181815
0.5175390625,1.81974431818185
0.517578125,9.81974431818185
0.5176171875,18.8197443181818
0.51765625,24.8197443181818
0.5176953125,31.8197443181818
0.517734375,41.8197443181818
0.5177734375,48.8197443181818
0.5178125,58.8197443181818
0.5178515625,65.8197443181818
0.517890625,70.8197443181818
0.5179296875,73.8197443181818
0.51796875,73.8197443181818
0.5180078125,71.8197443181818
0.518046875,65.8197443181818
0.5180859375,58.8197443181818
0.518125,50.8197443181818
0.5181640625,41.8197443181818
0.518203125,30.8197443181818
0.5182421875,14.8197443181818
0.51828125,-1.18025568181815
0.5183203125,-16.1802556818182
0.518359375,-31.1802556818182
0.5183984375,-47.1802556818182
0.5184375,-62.1802556818182
0.5184765625,-77.1802556818182
0.518515625,-88.1802556818182
0.5185546875,-97.1802556818182
0.51859375,-102.180255681818
0.5186328125,-100.180255681818
0.518671875,-95.1802556818182
0.5187109375,-88.1802556818182
0.51875,-77.1802556818182
0.5187890625,-63.1802556818182
0.518828125,-50.1802556818182
0.5188671875,-37.1802556818182
0.51890625,-24.1802556818182
0.5189453125,-16.1802556818182
0.518984375,-9.18025568181815
0.5190234375,-6.18025568181815
0.5190625,-0.180255681818153
0.5191015625,6.81974431818185
0.519140625,16.8197443181818
0.5191796875,26.8197443181818
0.51921875,36.8197443181818
0.5192578125,48.8197443181818
0.519296875,60.8197443181818
0.5193359375,75.8197443181818
0.519375,89.8197443181818
0.5194140625,100.819744318182
0.519453125,108.819744318182
0.5194921875,110.819744318182
0.51953125,109.819744318182
0.5195703125,103.819744318182
0.519609375,93.8197443181818
0.5196484375,75.8197443181818
0.5196875,54.8197443181818
0.5197265625,29.8197443181818
0.519765625,5.81974431818185
0.5198046875,-15.1802556818182
0.51984375,-35.1802556818182
0.5198828125,-53.1802556818182
0.519921875,-67.1802556818182
0.5199609375,-77.1802556818182
0.52,-78.1802556818182
0.5200390625,-73.1802556818182
0.520078125,-64.1802556818182
0.5201171875,-56.1802556818182
0.52015625,-47.1802556818182
0.5201953125,-40.1802556818182
0.520234375,-33.1802556818182
0.5202734375,-23.1802556818182
0.5203125,-14.1802556818182
0.5203515625,-4.18025568181815
0.520390625,3.81974431818185
0.5204296875,8.81974431818185
0.52046875,12.8197443181818
0.5205078125,14.8197443181818
0.520546875,18.8197443181818
0.5205859375,25.8197443181818
0.520625,32.8197443181818
0.5206640625,41.8197443181818
0.520703125,49.8197443181818
0.5207421875,54.8197443181818
0.52078125,56.8197443181818
0.5208203125,56.8197443181818
0.520859375,53.8197443181818
0.5208984375,48.8197443181818
0.5209375,40.8197443181818
0.5209765625,30.8197443181818
0.521015625,18.8197443181818
0.5210546875,5.81974431818185
0.52109375,-6.18025568181815
0.5211328125,-21.1802556818182
0.521171875,-39.1802556818182
0.5212109375,-57.1802556818182
0.52125,-71.1802556818182
0.5212890625,-80.1802556818182
0.521328125,-83.1802556818182
0.5213671875,-82.1802556818182
0.52140625,-78.1802556818182
0.5214453125,-72.1802556818182
0.521484375,-62.1802556818182
0.5215234375,-52.1802556818182
0.5215625,-38.1802556818182
0.5216015625,-24.1802556818182
0.521640625,-12.1802556818182
0.5216796875,-2.18025568181815
0.52171875,1.81974431818185
0.5217578125,2.81974431818185
0.521796875,0.819744318181847
0.5218359375,-1.18025568181815
0.521875,-4.18025568181815
0.5219140625,-5.18025568181815
0.521953125,-3.18025568181815
0.5219921875,2.81974431818185
0.52203125,12.8197443181818
0.5220703125,22.8197443181818
0.522109375,32.8197443181818
0.5221484375,40.8197443181818
0.5221875,44.8197443181818
0.5222265625,46.8197443181818
0.522265625,49.8197443181818
0.5223046875,50.8197443181818
0.52234375,49.8197443181818
0.5223828125,45.8197443181818
0.522421875,33.8197443181818
0.5224609375,17.8197443181818
0.5225,0.819744318181847
0.5225390625,-13.1802556818182
0.522578125,-23.1802556818182
0.5226171875,-25.1802556818182
0.52265625,-26.1802556818182
0.5226953125,-20.1802556818182
0.522734375,-10.1802556818182
0.5227734375,2.81974431818185
0.5228125,12.8197443181818
0.5228515625,19.8197443181818
0.522890625,24.8197443181818
0.5229296875,25.8197443181818
0.52296875,24.8197443181818
0.5230078125,18.8197443181818
0.523046875,12.8197443181818
0.5230859375,0.819744318181847
0.523125,-12.1802556818182
0.5231640625,-25.1802556818182
0.523203125,-34.1802556818182
0.5232421875,-39.1802556818182
0.52328125,-42.1802556818182
0.5233203125,-40.1802556818182
0.523359375,-35.1802556818182
0.5233984375,-30.1802556818182
0.5234375,-25.1802556818182
0.5234765625,-19.1802556818182
0.523515625,-12.1802556818182
0.5235546875,-3.18025568181815
0.52359375,7.81974431818185
0.5236328125,15.8197443181818
0.523671875,20.8197443181818
0.5237109375,20.8197443181818
0.52375,18.8197443181818
0.5237890625,14.8197443181818
0.523828125,10.8197443181818
0.5238671875,7.81974431818185
0.52390625,8.81974431818185
0.5239453125,12.8197443181818
0.523984375,21.8197443181818
0.5240234375,32.8197443181818
0.5240625,46.8197443181818
0.5241015625,57.8197443181818
0.524140625,63.8197443181818
0.5241796875,65.8197443181818
0.52421875,63.8197443181818
0.5242578125,58.8197443181818
0.524296875,49.8197443181818
0.5243359375,35.8197443181818
0.524375,17.8197443181818
0.5244140625,-4.18025568181815
0.524453125,-25.1802556818182
0.5244921875,-42.1802556818182
0.52453125,-56.1802556818182
0.5245703125,-64.1802556818182
0.524609375,-67.1802556818182
0.5246484375,-67.1802556818182
0.5246875,-65.1802556818182
0.5247265625,-63.1802556818182
0.524765625,-58.1802556818182
0.5248046875,-53.1802556818182
0.52484375,-45.1802556818182
0.5248828125,-37.1802556818182
0.524921875,-29.1802556818182
0.5249609375,-23.1802556818182
0.525,-19.1802556818182
0.5250390625,-18.1802556818182
0.525078125,-18.1802556818182
0.5251171875,-17.1802556818182
0.52515625,-15.1802556818182
0.5251953125,-10.1802556818182
0.525234375,-3.18025568181815
0.5252734375,6.81974431818185
0.5253125,17.8197443181818
0.5253515625,28.8197443181818
0.525390625,37.8197443181818
0.5254296875,44.8197443181818
0.52546875,48.8197443181818
0.5255078125,50.8197443181818
0.525546875,49.8197443181818
0.5255859375,47.8197443181818
0.525625,44.8197443181818
0.5256640625,39.8197443181818
0.525703125,33.8197443181818
0.5257421875,25.8197443181818
0.52578125,16.8197443181818
0.5258203125,10.8197443181818
0.525859375,4.81974431818185
0.5258984375,2.81974431818185
0.5259375,0.819744318181847
0.5259765625,-1.18025568181815
0.526015625,-3.18025568181815
0.5260546875,-5.18025568181815
0.52609375,-8.18025568181815
0.5261328125,-10.1802556818182
0.526171875,-11.1802556818182
0.5262109375,-14.1802556818182
0.52625,-16.1802556818182
0.5262890625,-16.1802556818182
0.526328125,-17.1802556818182
0.5263671875,-20.1802556818182
0.52640625,-26.1802556818182
0.5264453125,-34.1802556818182
0.526484375,-38.1802556818182
0.5265234375,-38.1802556818182
0.5265625,-34.1802556818182
0.5266015625,-26.1802556818182
0.526640625,-18.1802556818182
0.5266796875,-11.1802556818182
0.52671875,-2.18025568181815
0.5267578125,5.81974431818185
0.526796875,14.8197443181818
0.5268359375,24.8197443181818
0.526875,33.8197443181818
0.5269140625,43.8197443181818
0.526953125,52.8197443181818
0.5269921875,57.8197443181818
0.52703125,58.8197443181818
0.5270703125,56.8197443181818
0.527109375,52.8197443181818
0.5271484375,47.8197443181818
0.5271875,40.8197443181818
0.5272265625,30.8197443181818
0.527265625,20.8197443181818
0.5273046875,8.81974431818185
0.52734375,-4.18025568181815
0.5273828125,-17.1802556818182
0.527421875,-28.1802556818182
0.5274609375,-37.1802556818182
0.5275,-43.1802556818182
0.5275390625,-49.1802556818182
0.527578125,-55.1802556818182
0.5276171875,-59.1802556818182
0.52765625,-63.1802556818182
0.5276953125,-63.1802556818182
0.527734375,-62.1802556818182
0.5277734375,-58.1802556818182
0.5278125,-52.1802556818182
0.5278515625,-46.1802556818182
0.527890625,-41.1802556818182
0.5279296875,-34.1802556818182
0.52796875,-26.1802556818182
0.5280078125,-17.1802556818182
0.528046875,-6.18025568181815
0.5280859375,4.81974431818185
0.528125,15.8197443181818
0.5281640625,28.8197443181818
0.528203125,41.8197443181818
0.5282421875,52.8197443181818
0.52828125,60.8197443181818
0.5283203125,63.8197443181818
0.528359375,60.8197443181818
0.5283984375,51.8197443181818
0.5284375,39.8197443181818
0.5284765625,26.8197443181818
0.528515625,13.8197443181818
0.5285546875,1.81974431818185
0.52859375,-7.18025568181815
0.5286328125,-14.1802556818182
0.528671875,-16.1802556818182
0.5287109375,-13.1802556818182
0.52875,-4.18025568181815
0.5287890625,6.81974431818185
0.528828125,15.8197443181818
0.5288671875,23.8197443181818
0.52890625,27.8197443181818
0.5289453125,27.8197443181818
0.528984375,24.8197443181818
0.5290234375,18.8197443181818
0.5290625,11.8197443181818
0.5291015625,3.81974431818185
0.529140625,-5.18025568181815
0.5291796875,-13.1802556818182
0.52921875,-19.1802556818182
0.5292578125,-25.1802556818182
0.529296875,-31.1802556818182
0.5293359375,-35.1802556818182
0.529375,-36.1802556818182
0.5294140625,-33.1802556818182
0.529453125,-27.1802556818182
0.5294921875,-18.1802556818182
0.52953125,-8.18025568181815
0.5295703125,0.819744318181847
0.529609375,4.81974431818185
0.5296484375,5.81974431818185
0.5296875,4.81974431818185
0.5297265625,3.81974431818185
0.529765625,2.81974431818185
0.5298046875,0.819744318181847
0.52984375,-1.18025568181815
0.5298828125,-2.18025568181815
0.529921875,-4.18025568181815
0.5299609375,-1.18025568181815
0.53,5.81974431818185
0.5300390625,16.8197443181818
0.530078125,28.8197443181818
0.5301171875,40.8197443181818
0.53015625,47.8197443181818
0.5301953125,48.8197443181818
0.530234375,45.8197443181818
0.5302734375,38.8197443181818
0.5303125,28.8197443181818
0.5303515625,15.8197443181818
0.530390625,2.81974431818185
0.5304296875,-12.1802556818182
0.53046875,-26.1802556818182
0.5305078125,-41.1802556818182
0.530546875,-57.1802556818182
0.5305859375,-70.1802556818182
0.530625,-80.1802556818182
0.5306640625,-82.1802556818182
0.530703125,-76.1802556818182
0.5307421875,-63.1802556818182
0.53078125,-45.1802556818182
0.5308203125,-23.1802556818182
0.530859375,-2.18025568181815
0.5308984375,18.8197443181818
0.5309375,34.8197443181818
0.5309765625,46.8197443181818
0.531015625,51.8197443181818
0.5310546875,54.8197443181818
0.53109375,53.8197443181818
0.5311328125,48.8197443181818
0.531171875,42.8197443181818
0.5312109375,36.8197443181818
0.53125,29.8197443181818
0.5312890625,23.8197443181818
0.531328125,16.8197443181818
0.5313671875,10.8197443181818
0.53140625,6.81974431818185
0.5314453125,3.81974431818185
0.531484375,1.81974431818185
0.5315234375,-0.180255681818153
0.5315625,-6.18025568181815
0.5316015625,-12.1802556818182
0.531640625,-20.1802556818182
0.5316796875,-30.1802556818182
0.53171875,-39.1802556818182
0.5317578125,-48.1802556818182
0.531796875,-54.1802556818182
0.5318359375,-58.1802556818182
0.531875,-57.1802556818182
0.5319140625,-52.1802556818182
0.531953125,-41.1802556818182
0.5319921875,-26.1802556818182
0.53203125,-7.18025568181815
0.5320703125,10.8197443181818
0.532109375,27.8197443181818
0.5321484375,40.8197443181818
0.5321875,52.8197443181818
0.5322265625,63.8197443181818
0.532265625,69.8197443181818
0.5323046875,72.8197443181818
0.53234375,72.8197443181818
0.5323828125,66.8197443181818
0.532421875,56.8197443181818
0.5324609375,43.8197443181818
0.5325,29.8197443181818
0.5325390625,13.8197443181818
0.532578125,-2.18025568181815
0.5326171875,-14.1802556818182
0.53265625,-22.1802556818182
0.5326953125,-25.1802556818182
0.532734375,-26.1802556818182
0.5327734375,-29.1802556818182
0.5328125,-31.1802556818182
0.5328515625,-32.1802556818182
0.532890625,-33.1802556818182
0.5329296875,-30.1802556818182
0.53296875,-25.1802556818182
0.5330078125,-19.1802556818182
0.533046875,-10.1802556818182
0.5330859375,-5.18025568181815
0.533125,-1.18025568181815
0.5331640625,1.81974431818185
0.533203125,2.81974431818185
0.5332421875,2.81974431818185
0.53328125,3.81974431818185
0.5333203125,5.81974431818185
0.533359375,10.8197443181818
0.5333984375,18.8197443181818
0.5334375,24.8197443181818
0.5334765625,28.8197443181818
0.533515625,30.8197443181818
0.5335546875,25.8197443181818
0.53359375,17.8197443181818
0.5336328125,7.81974431818185
0.533671875,-5.18025568181815
0.5337109375,-19.1802556818182
0.53375,-32.1802556818182
0.5337890625,-44.1802556818182
0.533828125,-53.1802556818182
0.5338671875,-59.1802556818182
0.53390625,-60.1802556818182
0.5339453125,-58.1802556818182
0.533984375,-53.1802556818182
0.5340234375,-46.1802556818182
0.5340625,-39.1802556818182
0.5341015625,-29.1802556818182
0.534140625,-18.1802556818182
0.5341796875,-7.18025568181815
0.53421875,1.81974431818185
0.5342578125,7.81974431818185
0.534296875,11.8197443181818
0.5343359375,14.8197443181818
0.534375,17.8197443181818
0.5344140625,20.8197443181818
0.534453125,22.8197443181818
0.5344921875,24.8197443181818
0.53453125,24.8197443181818
0.5345703125,24.8197443181818
0.534609375,23.8197443181818
0.5346484375,25.8197443181818
0.5346875,27.8197443181818
0.5347265625,29.8197443181818
0.534765625,28.8197443181818
0.5348046875,26.8197443181818
0.53484375,20.8197443181818
0.5348828125,14.8197443181818
0.534921875,8.81974431818185
0.5349609375,2.81974431818185
0.535,-2.18025568181815
0.5350390625,-5.18025568181815
0.535078125,-8.18025568181815
0.5351171875,-13.1802556818182
0.53515625,-19.1802556818182
0.5351953125,-26.1802556818182
0.535234375,-31.1802556818182
0.5352734375,-33.1802556818182
0.5353125,-32.1802556818182
0.5353515625,-26.1802556818182
0.535390625,-19.1802556818182
0.5354296875,-9.18025568181815
0.53546875,-0.180255681818153
0.5355078125,8.81974431818185
0.535546875,19.8197443181818
0.5355859375,26.8197443181818
0.535625,33.8197443181818
0.5356640625,37.8197443181818
0.535703125,38.8197443181818
0.5357421875,38.8197443181818
0.53578125,33.8197443181818
0.5358203125,27.8197443181818
0.535859375,22.8197443181818
0.5358984375,18.8197443181818
0.5359375,15.8197443181818
0.5359765625,16.8197443181818
0.536015625,17.8197443181818
0.5360546875,21.8197443181818
0.53609375,25.8197443181818
0.5361328125,27.8197443181818
0.536171875,28.8197443181818
0.5362109375,30.8197443181818
0.53625,29.8197443181818
0.5362890625,26.8197443181818
0.536328125,20.8197443181818
0.5363671875,11.8197443181818
0.53640625,-0.180255681818153
0.5364453125,-14.1802556818182
0.536484375,-28.1802556818182
0.5365234375,-43.1802556818182
0.5365625,-58.1802556818182
0.5366015625,-69.1802556818182
0.536640625,-75.1802556818182
0.5366796875,-74.1802556818182
0.53671875,-67.1802556818182
0.5367578125,-57.1802556818182
0.536796875,-43.1802556818182
0.5368359375,-28.1802556818182
0.536875,-11.1802556818182
0.5369140625,4.81974431818185
0.536953125,16.8197443181818
0.5369921875,22.8197443181818
0.53703125,28.8197443181818
0.5370703125,28.8197443181818
0.537109375,22.8197443181818
0.5371484375,12.8197443181818
0.5371875,-0.180255681818153
0.5372265625,-11.1802556818182
0.537265625,-18.1802556818182
0.5373046875,-21.1802556818182
0.53734375,-23.1802556818182
0.5373828125,-21.1802556818182
0.537421875,-17.1802556818182
0.5374609375,-10.1802556818182
0.5375,1.81974431818185
0.5375390625,14.8197443181818
0.537578125,28.8197443181818
0.5376171875,41.8197443181818
0.53765625,51.8197443181818
0.5376953125,52.8197443181818
0.537734375,47.8197443181818
0.5377734375,33.8197443181818
0.5378125,18.8197443181818
0.5378515625,2.81974431818185
0.537890625,-14.1802556818182
0.5379296875,-30.1802556818182
0.53796875,-41.1802556818182
0.5380078125,-50.1802556818182
0.538046875,-51.1802556818182
0.5380859375,-47.1802556818182
0.538125,-37.1802556818182
0.5381640625,-23.1802556818182
0.538203125,-7.18025568181815
0.5382421875,7.81974431818185
0.53828125,19.8197443181818
0.5383203125,26.8197443181818
0.538359375,29.8197443181818
0.5383984375,27.8197443181818
0.5384375,22.8197443181818
0.5384765625,13.8197443181818
0.538515625,3.81974431818185
0.5385546875,-3.18025568181815
0.53859375,-10.1802556818182
0.5386328125,-13.1802556818182
0.538671875,-10.1802556818182
0.5387109375,-5.18025568181815
0.53875,0.819744318181847
0.5387890625,9.81974431818185
0.538828125,16.8197443181818
0.5388671875,25.8197443181818
0.53890625,33.8197443181818
0.5389453125,38.8197443181818
0.538984375,38.8197443181818
0.5390234375,33.8197443181818
0.5390625,23.8197443181818
0.5391015625,9.81974431818185
0.539140625,-5.18025568181815
0.5391796875,-17.1802556818182
0.53921875,-27.1802556818182
0.5392578125,-32.1802556818182
0.539296875,-33.1802556818182
0.5393359375,-32.1802556818182
0.539375,-31.1802556818182
0.5394140625,-29.1802556818182
0.539453125,-28.1802556818182
0.5394921875,-24.1802556818182
0.53953125,-19.1802556818182
0.5395703125,-14.1802556818182
0.539609375,-8.18025568181815
0.5396484375,-2.18025568181815
0.5396875,1.81974431818185
0.5397265625,4.81974431818185
0.539765625,6.81974431818185
0.5398046875,7.81974431818185
0.53984375,8.81974431818185
0.5398828125,8.81974431818185
0.539921875,7.81974431818185
0.5399609375,7.81974431818185
0.54,5.81974431818185
0.5400390625,4.81974431818185
0.540078125,5.81974431818185
0.5401171875,7.81974431818185
0.54015625,11.8197443181818
0.5401953125,16.8197443181818
0.540234375,20.8197443181818
0.5402734375,19.8197443181818
0.5403125,17.8197443181818
0.5403515625,13.8197443181818
0.540390625,9.81974431818185
0.5404296875,5.81974431818185
0.54046875,3.81974431818185
0.5405078125,1.81974431818185
0.540546875,-0.180255681818153
0.5405859375,-1.18025568181815
0.540625,-2.18025568181815
0.5406640625,-2.18025568181815
0.540703125,-3.18025568181815
0.5407421875,-3.18025568181815
0.54078125,-5.18025568181815
0.5408203125,-4.18025568181815
0.540859375,-4.18025568181815
0.5408984375,-2.18025568181815
0.5409375,0.819744318181847
0.5409765625,2.81974431818185
0.541015625,3.81974431818185
0.5410546875,2.81974431818185
0.54109375,-2.18025568181815
0.5411328125,-7.18025568181815
0.541171875,-14.1802556818182
0.5412109375,-18.1802556818182
0.54125,-19.1802556818182
0.5412890625,-19.1802556818182
0.541328125,-14.1802556818182
0.5413671875,-7.18025568181815
0.54140625,4.81974431818185
0.5414453125,18.8197443181818
0.541484375,31.8197443181818
0.5415234375,41.8197443181818
0.5415625,45.8197443181818
0.5416015625,44.8197443181818
0.541640625,39.8197443181818
0.5416796875,31.8197443181818
0.54171875,23.8197443181818
0.5417578125,17.8197443181818
0.541796875,11.8197443181818
0.5418359375,4.81974431818185
0.541875,-2.18025568181815
0.5419140625,-10.1802556818182
0.541953125,-18.1802556818182
0.5419921875,-26.1802556818182
0.54203125,-35.1802556818182
0.5420703125,-43.1802556818182
0.542109375,-49.1802556818182
0.5421484375,-52.1802556818182
0.5421875,-52.1802556818182
0.5422265625,-50.1802556818182
0.542265625,-47.1802556818182
0.5423046875,-42.1802556818182
0.54234375,-36.1802556818182
0.5423828125,-30.1802556818182
0.542421875,-23.1802556818182
0.5424609375,-16.1802556818182
0.5425,-8.18025568181815
0.5425390625,0.819744318181847
0.542578125,9.81974431818185
0.5426171875,17.8197443181818
0.54265625,25.8197443181818
0.5426953125,32.8197443181818
0.542734375,39.8197443181818
0.5427734375,45.8197443181818
0.5428125,49.8197443181818
0.5428515625,51.8197443181818
0.542890625,50.8197443181818
0.5429296875,45.8197443181818
0.54296875,35.8197443181818
0.5430078125,23.8197443181818
0.543046875,9.81974431818185
0.5430859375,-5.18025568181815
0.543125,-20.1802556818182
0.5431640625,-35.1802556818182
0.543203125,-50.1802556818182
0.5432421875,-62.1802556818182
0.54328125,-70.1802556818182
0.5433203125,-76.1802556818182
0.543359375,-78.1802556818182
0.5433984375,-74.1802556818182
0.5434375,-65.1802556818182
0.5434765625,-49.1802556818182
0.543515625,-29.1802556818182
0.5435546875,-8.18025568181815
0.54359375,13.8197443181818
0.5436328125,32.8197443181818
0.543671875,48.8197443181818
0.5437109375,61.8197443181818
0.54375,70.8197443181818
0.5437890625,76.8197443181818
0.543828125,80.8197443181818
0.5438671875,81.8197443181818
0.54390625,77.8197443181818
0.5439453125,70.8197443181818
0.543984375,60.8197443181818
0.5440234375,52.8197443181818
0.5440625,48.8197443181818
0.5441015625,45.8197443181818
0.544140625,41.8197443181818
0.5441796875,36.8197443181818
0.54421875,28.8197443181818
0.5442578125,14.8197443181818
0.544296875,-1.18025568181815
0.5443359375,-18.1802556818182
0.544375,-32.1802556818182
0.5444140625,-42.1802556818182
0.544453125,-49.1802556818182
0.5444921875,-53.1802556818182
0.54453125,-56.1802556818182
0.5445703125,-56.1802556818182
0.544609375,-55.1802556818182
0.5446484375,-51.1802556818182
0.5446875,-48.1802556818182
0.5447265625,-40.1802556818182
0.544765625,-29.1802556818182
0.5448046875,-14.1802556818182
0.54484375,1.81974431818185
0.5448828125,17.8197443181818
0.544921875,29.8197443181818
0.5449609375,37.8197443181818
0.545,40.8197443181818
0.5450390625,40.8197443181818
0.545078125,37.8197443181818
0.5451171875,31.8197443181818
0.54515625,22.8197443181818
0.5451953125,10.8197443181818
0.545234375,-1.18025568181815
0.5452734375,-15.1802556818182
0.5453125,-27.1802556818182
0.5453515625,-38.1802556818182
0.545390625,-44.1802556818182
0.5454296875,-48.1802556818182
0.54546875,-50.1802556818182
0.5455078125,-49.1802556818182
0.545546875,-45.1802556818182
0.5455859375,-38.1802556818182
0.545625,-31.1802556818182
0.5456640625,-24.1802556818182
0.545703125,-17.1802556818182
0.5457421875,-10.1802556818182
0.54578125,-6.18025568181815
0.5458203125,-1.18025568181815
0.545859375,-0.180255681818153
0.5458984375,-1.18025568181815
0.5459375,-1.18025568181815
0.5459765625,-2.18025568181815
0.546015625,-0.180255681818153
0.5460546875,4.81974431818185
0.54609375,13.8197443181818
0.5461328125,24.8197443181818
0.546171875,33.8197443181818
0.5462109375,40.8197443181818
0.54625,44.8197443181818
0.5462890625,45.8197443181818
0.546328125,44.8197443181818
0.5463671875,39.8197443181818
0.54640625,31.8197443181818
0.5464453125,19.8197443181818
0.546484375,5.81974431818185
0.5465234375,-7.18025568181815
0.5465625,-19.1802556818182
0.5466015625,-28.1802556818182
0.546640625,-32.1802556818182
0.5466796875,-32.1802556818182
0.54671875,-27.1802556818182
0.5467578125,-19.1802556818182
0.546796875,-10.1802556818182
0.5468359375,1.81974431818185
0.546875,13.8197443181818
0.5469140625,22.8197443181818
0.546953125,27.8197443181818
0.5469921875,31.8197443181818
0.54703125,29.8197443181818
0.5470703125,22.8197443181818
0.547109375,14.8197443181818
0.5471484375,1.81974431818185
0.5471875,-12.1802556818182
0.5472265625,-23.1802556818182
0.547265625,-32.1802556818182
0.5473046875,-36.1802556818182
0.54734375,-33.1802556818182
0.5473828125,-24.1802556818182
0.547421875,-13.1802556818182
0.5474609375,-1.18025568181815
0.5475,9.81974431818185
0.5475390625,18.8197443181818
0.547578125,26.8197443181818
0.5476171875,30.8197443181818
0.54765625,31.8197443181818
0.5476953125,30.8197443181818
0.547734375,25.8197443181818
0.5477734375,17.8197443181818
0.5478125,9.81974431818185
0.5478515625,1.81974431818185
0.547890625,-6.18025568181815
0.5479296875,-12.1802556818182
0.54796875,-14.1802556818182
0.5480078125,-13.1802556818182
0.548046875,-10.1802556818182
0.5480859375,-4.18025568181815
0.548125,2.81974431818185
0.5481640625,7.81974431818185
0.548203125,10.8197443181818
0.5482421875,8.81974431818185
0.54828125,7.81974431818185
0.5483203125,5.81974431818185
0.548359375,2.81974431818185
0.5483984375,1.81974431818185
0.5484375,-1.18025568181815
0.5484765625,-4.18025568181815
0.548515625,-7.18025568181815
0.5485546875,-11.1802556818182
0.54859375,-12.1802556818182
0.5486328125,-11.1802556818182
0.548671875,-8.18025568181815
0.5487109375,-6.18025568181815
0.54875,-3.18025568181815
0.5487890625,-1.18025568181815
0.548828125,-0.180255681818153
0.5488671875,0.819744318181847
0.54890625,2.81974431818185
0.5489453125,2.81974431818185
0.548984375,1.81974431818185
0.5490234375,-0.180255681818153
0.5490625,-3.18025568181815
0.5491015625,-7.18025568181815
0.549140625,-12.1802556818182
0.5491796875,-19.1802556818182
0.54921875,-27.1802556818182
0.5492578125,-35.1802556818182
0.549296875,-42.1802556818182
0.5493359375,-47.1802556818182
0.549375,-48.1802556818182
0.5494140625,-46.1802556818182
0.549453125,-40.1802556818182
0.5494921875,-34.1802556818182
0.54953125,-30.1802556818182
0.5495703125,-27.1802556818182
0.549609375,-24.1802556818182
0.5496484375,-16.1802556818182
0.5496875,-6.18025568181815
0.5497265625,6.81974431818185
0.549765625,16.8197443181818
0.5498046875,25.8197443181818
0.54984375,34.8197443181818
0.5498828125,44.8197443181818
0.549921875,54.8197443181818
0.5499609375,61.8197443181818
